  0.0        NODE_2731_PO _16226      1 1 0 1 1 1 0 0 1 1 1 0 1 1 1 0 - 0 1 - 0 1 0 0 0 0 0 0 1 1 0 1 1 0 - 1 0 - 1 1 0 0 1 0 1 1 0 0 0 1 1 1 1 0 0 1 0 0 - 1 1 0 1 1 0 0 0 1 0 1 1 1 0 0 0 0 0 1 1 0 0 1 0 0 - 1 1 1 1 1 0 1 0 1 0 0 1 0 0 0 0 0 1 0 1 0 1 1 0 - 0 1 0 - 0 1 1
  0.9        NODE_12499_PO _2261      1 1 0 1 1 1 0 0 1 1 1 0 1 1 1 0 1 0 1 0 0 1 0 0 0 0 0 0 1 1 0 1 0 0 - 1 0 0 1 1 0 0 1 0 1 1 0 0 0 1 1 1 1 0 0 1 0 0 - 1 1 0 1 1 0 0 0 1 0 1 1 1 0 0 0 0 0 1 1 0 0 1 0 0 1 1 1 1 1 1 0 1 0 1 0 0 1 0 0 0 0 0 1 0 1 0 1 1 0 - 0 1 0 - 0 1 1
  20.5       NODE_1292_PO _16645      1 - 1 1 1 1 1 0 1 1 0 0 - 1 1 1 - 0 0 - 1 0 0 0 0 1 0 0 1 1 0 - - 0 - 0 0 0 0 1 0 0 1 0 - 1 0 1 0 1 1 1 1 0 0 1 0 - - - 1 0 1 0 0 1 0 1 0 1 0 1 0 0 0 0 0 1 1 0 0 1 0 0 - 1 1 1 1 1 1 1 0 1 0 0 0 1 0 0 0 0 - 0 1 0 0 1 1 - 0 1 0 - 0 1 1
  22.4       NODE_663_PO _41070       0 0 1 1 1 1 1 0 1 1 0 0 0 1 1 1 1 0 0 0 1 0 0 0 0 1 0 0 1 1 1 1 - 0 - 0 0 0 0 1 0 0 1 0 1 1 0 1 0 1 1 1 1 0 0 1 0 0 - - 1 0 1 0 0 1 0 1 0 1 0 1 0 0 0 0 0 1 1 0 0 1 0 0 1 1 1 1 1 1 1 1 0 1 0 0 0 1 0 0 0 0 1 0 1 0 0 1 1 - 0 1 0 - 0 1 1
  27.1       NODE_4418_PO _5016       0 0 1 1 1 1 1 0 1 1 0 0 - 1 1 1 1 0 0 0 1 0 0 0 0 1 0 0 1 1 1 1 0 0 - 0 1 0 0 0 0 0 1 0 - 1 0 1 0 1 1 1 1 0 0 0 0 0 - - 1 0 1 0 0 1 0 1 0 1 0 1 0 0 0 0 0 1 1 0 0 - 0 0 1 1 1 1 0 1 1 1 0 1 0 0 0 1 0 0 0 0 - 0 1 0 0 1 1 - 0 0 0 - 0 1 1
  31.0       NODE_7889_PO _6144       0 0 1 1 1 1 1 0 1 1 0 0 0 1 1 1 1 0 0 - 1 0 0 0 0 1 0 0 0 1 1 1 - 0 - 0 1 0 0 0 0 0 1 0 1 1 0 1 0 1 1 1 1 0 0 0 0 - 0 1 1 0 1 0 0 1 0 0 0 1 0 1 0 0 0 0 1 1 0 0 0 1 0 0 - 1 1 1 0 1 1 1 0 1 0 0 0 1 0 0 0 0 - 0 1 0 0 1 1 - 0 0 0 - 0 1 1
  38.6       NODE_5762_PO _801        0 0 1 1 1 1 1 1 1 1 0 1 1 1 1 1 - 0 0 0 1 0 0 1 0 1 0 0 0 1 1 1 - 0 0 0 1 0 0 0 0 1 1 0 1 1 0 1 0 1 1 1 1 0 0 0 0 1 - 1 1 0 1 0 0 1 0 0 0 1 0 1 0 0 0 0 1 1 0 0 0 1 0 0 - 1 0 1 0 1 1 0 0 1 0 0 0 1 1 0 0 0 - 0 1 0 0 - 1 - 0 0 0 - 0 1 1
  41.3       NODE_296_PO _66632       0 0 1 1 0 1 1 1 1 1 0 1 1 1 1 1 - 0 0 0 1 0 0 1 0 1 0 0 0 1 1 1 - 0 - 0 1 0 0 0 0 1 1 0 1 1 0 1 0 1 1 1 1 0 0 0 0 1 - 1 1 0 0 0 0 1 0 0 0 1 0 1 0 0 0 0 1 1 0 0 1 1 0 0 - 1 0 1 0 1 1 0 0 1 0 0 0 1 1 0 0 0 - 0 1 0 0 - 1 - 0 0 0 - 0 1 1
  43.2       NODE_3739_PO _9941       0 0 0 1 0 1 1 1 1 1 0 1 1 1 1 1 - 0 0 0 1 0 0 1 0 1 0 0 0 1 1 1 - 0 - 0 1 0 0 0 0 1 1 0 1 1 0 1 0 1 1 1 1 0 0 0 0 1 - - 1 0 0 0 0 1 0 0 - 1 0 1 0 0 0 1 1 1 0 0 1 1 0 0 - 1 0 1 0 1 1 0 0 1 0 0 0 1 1 0 0 0 - 0 1 0 0 - 1 - 0 0 0 - 0 1 1
  46.2       NODE_820_PO _1929        0 - 0 1 0 1 1 1 1 1 0 1 - 1 1 1 - 0 0 - 1 0 0 1 0 1 0 0 0 1 1 1 - 0 - 0 1 - 0 0 0 1 1 0 - 1 0 1 0 1 1 1 1 0 0 0 0 - - - 1 0 0 0 0 1 0 0 - 1 1 1 0 0 0 1 1 1 0 0 1 1 0 0 - 1 0 1 0 1 1 0 1 1 1 0 0 1 1 0 - 0 - 0 1 0 0 - 1 - 0 0 0 - 0 1 1
  51.3       NODE_2147_PO _12200      0 0 0 1 0 1 1 1 1 1 0 1 1 1 1 1 - 0 0 - 1 0 0 1 0 1 0 0 0 1 1 1 - 0 - 0 1 0 0 0 0 1 1 0 0 1 0 1 0 0 1 1 1 0 0 0 0 1 - 1 1 0 0 0 0 1 0 0 0 1 1 1 0 0 0 1 1 1 1 0 1 1 0 0 1 1 0 1 0 0 1 0 1 1 1 0 1 1 1 0 0 0 - 0 1 0 0 1 1 - 0 0 1 - 0 1 1
  58.0       NODE_2307_PO _2355       0 0 0 1 0 1 1 1 1 1 0 1 1 1 1 1 - 0 0 - 1 0 0 1 0 1 0 0 0 1 1 1 - 0 - 0 1 0 0 0 0 0 1 0 0 0 0 1 0 0 1 1 1 0 0 0 0 1 - - 1 1 1 0 0 1 0 0 - 1 1 1 1 0 0 1 0 1 1 0 1 1 0 0 - 1 0 1 0 0 1 0 1 1 1 0 1 1 1 0 0 1 0 0 1 0 0 1 1 - 0 0 1 - 0 1 1
  58.9       NODE_1445_PO _28705      0 0 0 1 0 1 1 1 1 1 0 1 1 1 1 1 1 0 0 - 1 0 0 1 0 1 0 0 0 1 1 - - 0 0 0 1 0 0 0 0 0 1 0 - 0 0 1 0 0 1 1 1 0 0 0 0 1 - 1 1 1 1 0 0 1 0 0 - 1 1 1 1 0 0 1 0 1 1 0 1 1 0 0 - 1 0 1 0 0 1 0 1 1 1 0 1 1 1 0 0 1 - 0 1 1 0 1 1 - 0 0 1 - 0 1 1
  62.8       NODE_10620_PO _934       0 0 0 1 0 1 1 1 1 1 0 1 1 1 1 1 - 0 0 - 1 0 0 1 0 1 0 0 0 1 1 0 - 0 - 0 1 1 0 0 0 0 1 1 0 0 0 1 0 0 1 1 1 0 0 0 0 1 0 1 1 1 1 0 0 1 0 0 0 1 1 1 1 0 0 1 0 1 1 0 1 1 0 0 1 1 0 1 0 0 1 0 1 1 1 0 1 1 1 1 0 1 - 0 1 1 0 - 1 - 0 0 1 - 0 1 0
  69.5       NODE_921_PO _43283       0 0 0 1 0 1 1 1 1 1 1 1 - 1 1 0 - 0 0 - 1 0 0 1 0 1 0 0 0 1 1 0 - 1 - 0 1 1 0 0 0 0 1 1 0 0 0 1 0 0 1 1 1 0 - 0 0 1 - - 1 1 1 1 0 1 0 0 0 1 1 1 1 0 0 1 0 1 1 0 1 1 0 1 - 1 0 1 0 0 1 0 1 1 1 0 1 1 1 1 0 1 - 0 1 1 1 0 1 - 0 0 1 - 0 0 0
  71.5       NODE_6853_PO _9224       0 0 0 1 0 1 1 1 1 1 1 1 1 1 1 0 1 0 0 - 1 0 0 1 0 1 0 0 0 1 1 0 - 1 - 0 1 1 0 0 0 0 1 1 0 0 0 1 0 1 1 1 1 0 0 0 0 1 - - - 1 1 1 0 1 0 0 0 1 1 1 1 0 0 1 0 1 1 0 1 1 0 1 1 1 0 1 0 0 1 0 1 1 1 0 1 1 1 1 1 1 - 0 1 1 1 0 1 - - 0 1 - 0 0 0
  76.2       NODE_659_PO _19864       0 0 0 1 0 1 0 1 1 1 1 1 1 1 1 0 - 0 0 - 0 0 0 1 0 1 0 0 0 1 1 0 1 1 - 0 1 1 0 0 0 0 1 1 0 0 0 1 0 1 1 1 1 0 0 0 0 1 - 1 1 1 1 1 0 1 0 1 0 1 1 0 1 0 0 1 0 1 1 0 1 1 0 1 - 0 0 1 0 0 1 0 1 1 1 0 1 1 1 1 1 1 - 0 1 1 1 0 1 - 0 0 1 - 0 0 0
  80.1       NODE_897_PO _8910        0 0 0 1 0 1 0 1 1 1 1 1 - 1 1 0 - 0 0 - 0 0 0 1 0 1 0 0 0 0 1 0 - 1 - 0 1 1 0 0 0 0 1 1 0 0 0 1 0 1 1 1 1 0 0 0 0 - - 1 1 0 1 1 0 1 0 1 0 1 1 0 1 0 0 1 0 1 1 0 1 1 0 1 1 0 0 1 0 0 1 0 0 1 1 0 1 1 1 1 - 1 - 0 1 1 1 - 1 - - 0 1 - 1 0 0
  81.1       NODE_1586_PO _14314      0 0 0 1 0 1 0 1 1 1 1 1 - 1 1 0 - 0 0 - 0 0 1 1 0 1 0 0 0 0 1 0 0 1 - 0 1 1 0 0 0 0 1 1 0 0 0 1 0 1 1 1 1 0 0 0 0 - - - 1 0 1 1 0 1 0 1 0 1 1 0 1 0 0 1 0 1 1 0 1 1 0 1 - 0 0 1 0 0 1 0 0 1 1 0 1 1 1 1 1 1 - 0 1 1 1 0 1 - 0 0 1 - 1 0 0
  85.9       NODE_3873_PO _748        0 0 0 1 0 0 0 1 1 1 1 0 - 1 1 0 1 0 1 - 0 0 1 1 0 1 0 0 0 0 1 0 - 0 - 0 1 1 0 0 0 0 1 1 0 0 0 1 0 1 1 1 1 0 0 0 0 1 - 1 1 0 1 1 0 1 0 1 0 1 1 0 1 0 0 1 0 1 1 0 1 1 0 1 - 0 0 1 0 0 1 0 0 1 1 0 0 1 1 1 1 1 - 0 1 1 1 0 1 - 0 0 1 - 1 0 0
  91.6       NODE_8985_PO _4125       0 0 0 1 0 0 0 1 1 1 1 0 1 1 1 0 - 0 1 1 0 0 1 1 0 1 0 0 0 0 1 0 0 0 - 0 1 1 0 0 1 0 1 1 0 0 0 1 0 1 1 1 1 0 0 1 0 - - 0 1 0 1 1 0 1 0 1 0 1 1 0 1 1 0 0 0 1 1 0 1 0 0 1 - 0 0 1 0 0 1 0 0 1 1 0 0 1 1 1 1 1 - 0 1 1 1 0 1 - 0 0 1 - 1 0 0
  92.5       NODE_638_PO _11861       0 0 0 1 0 0 0 1 1 1 1 0 1 1 1 0 - 0 1 - 0 0 1 1 0 1 0 0 0 0 1 0 - 0 - 0 1 1 1 0 1 0 1 1 0 0 0 1 0 1 1 1 1 0 0 1 0 - - - 1 0 1 1 0 1 0 1 0 1 1 0 1 1 0 0 0 1 1 0 1 0 0 1 - 0 0 1 0 0 1 0 0 1 1 0 0 1 1 1 1 1 - 0 1 1 1 0 1 - 0 0 1 - 1 0 0
  95.3       NODE_1782_PO _2136       0 0 0 1 0 0 0 1 1 1 1 0 1 1 1 0 1 0 1 - 0 0 1 1 0 1 0 0 0 0 1 0 - 0 - 0 1 1 1 0 1 0 1 1 0 0 0 1 0 1 1 1 1 0 0 1 0 1 - 0 1 0 1 1 0 1 0 1 1 1 1 0 1 1 0 0 0 1 1 0 1 0 0 1 1 0 0 1 0 0 1 0 0 1 1 0 0 1 1 1 1 1 - 0 1 0 1 0 1 - 0 0 0 - 1 0 0
  96.3       NODE_1645_PO _31261      0 0 0 1 0 0 0 1 1 1 1 0 1 1 1 0 - 0 1 - 0 0 1 1 0 1 0 0 0 0 1 0 - 0 - 0 1 1 1 0 1 0 1 1 0 0 0 1 0 1 0 1 1 0 0 1 0 1 - 0 1 0 1 1 0 1 0 1 1 1 1 0 1 1 0 0 0 1 1 0 1 0 0 1 - 0 0 1 0 0 1 0 0 1 1 0 0 1 1 1 1 1 - 0 1 0 1 0 1 - 0 0 0 - 1 0 0
  102.0      NODE_2306_PO _10013      0 0 0 1 0 0 0 1 1 1 0 0 - 1 1 0 - 0 1 0 0 0 1 1 0 0 0 0 0 0 1 0 - 0 - 0 1 1 1 0 1 0 1 1 0 0 1 1 0 1 0 1 1 0 0 1 0 - - 0 1 0 1 1 0 1 0 1 1 1 1 0 1 1 0 0 0 1 1 0 1 0 1 1 - 0 0 1 0 0 1 0 0 1 1 0 0 1 1 1 1 0 - 0 1 0 1 0 1 - 0 1 0 - 1 0 0
  110.7      NODE_488_PO _21926       0 0 0 0 0 0 0 1 1 1 0 0 1 1 1 0 1 0 1 - 0 0 1 1 0 0 0 0 0 1 1 0 - 0 - 0 1 1 1 0 1 0 1 1 1 0 1 0 0 0 0 1 1 0 0 1 - 1 0 0 1 0 1 1 1 1 0 1 - 1 1 0 1 1 0 0 0 1 1 0 1 0 1 1 - 0 0 1 0 1 1 0 0 0 1 0 0 1 1 0 1 0 - 0 1 0 1 0 1 - 0 1 0 - 1 0 0
  112.6      NODE_3328_PO _8065       1 0 0 0 0 0 0 1 1 1 0 0 - 1 1 0 - 0 1 - 0 0 1 1 0 0 0 0 0 1 1 0 - 0 - 0 1 1 1 0 1 0 1 1 1 0 1 0 0 0 0 1 1 0 0 1 0 1 - 0 1 0 1 1 1 1 0 1 1 1 1 0 1 1 0 0 0 1 1 0 1 0 1 1 1 0 0 1 0 1 1 0 0 0 1 0 0 1 1 0 1 0 0 0 1 0 1 1 1 - - 1 0 - 1 0 0
  117.4      NODE_2058_PO _15355      1 0 0 0 1 0 0 1 1 1 0 0 1 1 1 0 - 1 0 - 0 0 1 1 0 0 0 0 0 1 1 0 - 0 - 0 1 1 1 0 1 0 1 1 - 1 1 0 0 0 0 1 1 0 0 1 - 1 - 0 1 0 1 1 1 1 0 1 1 1 1 0 1 1 0 0 0 1 1 0 1 0 1 1 - 0 0 1 0 1 1 0 0 0 1 0 0 1 1 0 1 0 - 0 1 0 1 1 1 - 0 1 0 - 1 1 0
  121.8      NODE_1498_PO _31811      1 0 0 0 1 0 0 1 1 1 0 0 - 1 1 0 - 1 0 - 0 0 1 1 0 0 0 0 0 1 1 1 - 0 - 0 1 - 1 0 1 - 1 1 1 1 1 0 0 0 0 - 1 - 0 1 0 - - 1 1 0 1 1 - 1 0 1 - 1 1 0 0 1 1 0 0 1 1 0 1 0 1 1 - 0 0 1 0 1 1 0 0 0 1 - 0 1 1 0 - 0 - 0 1 0 1 - - - - 1 - - 1 1 0
  125.1      NODE_1679_PO _16603      1 - 0 0 1 0 0 1 1 1 0 0 1 0 1 0 1 1 0 - 0 0 1 1 0 0 0 0 0 1 1 - 0 0 - 0 1 1 0 0 1 0 1 1 1 1 1 0 0 0 0 1 1 0 - 1 0 1 - 1 1 0 1 1 1 1 0 1 1 1 1 0 0 1 1 0 0 1 1 0 1 0 1 1 0 0 0 1 0 1 1 0 0 0 0 0 0 1 1 0 1 0 - 0 1 0 1 1 0 - 0 1 0 - 1 1 0
  127.9      NODE_7144_PO _4796       1 0 0 0 1 0 0 1 1 1 0 0 - 0 1 0 - 1 0 0 0 0 1 1 0 0 0 0 0 1 1 1 0 0 - 0 1 1 0 0 1 0 1 1 1 1 1 0 0 0 0 1 1 0 0 1 0 1 - 1 1 0 1 1 1 1 0 1 1 1 1 0 0 1 1 0 0 1 1 0 1 0 1 1 1 0 0 1 0 1 1 0 0 0 0 0 0 0 0 0 1 0 0 0 1 0 1 1 0 - 0 1 0 - 1 1 0
  129.9      NODE_2532_PO _17673      1 - 0 0 1 1 0 1 1 1 0 0 1 0 1 0 - 1 0 - 0 0 1 1 0 0 0 - 0 1 1 1 - 0 - 0 - 1 0 0 1 0 1 1 - 1 1 0 0 0 0 1 1 0 - 1 1 1 - - 1 0 1 1 1 1 0 1 1 1 1 0 0 1 1 0 0 1 1 0 1 0 1 1 1 0 0 1 0 1 1 0 0 0 0 0 0 0 0 0 1 0 - 0 1 0 1 - 0 - 0 1 0 - 1 1 0
  132.9      NODE_1328_PO _36918      1 0 0 0 1 1 0 1 0 1 0 0 1 0 1 0 - 1 0 - 0 0 1 0 0 0 0 0 0 1 1 1 - 0 - 0 1 1 0 0 1 0 1 1 - 1 1 0 0 0 0 1 1 0 1 1 1 - - - 1 0 1 1 1 1 0 1 1 1 1 0 0 1 1 0 0 1 1 0 1 0 1 1 - 0 0 1 0 1 1 0 0 0 0 0 0 0 0 0 1 0 - 1 1 0 1 - 0 - - 1 0 - 1 1 0
  136.8      NODE_4768_PO _12694      1 0 0 1 1 1 0 1 0 1 0 0 1 0 1 0 - 1 0 - 0 0 0 0 0 0 0 0 0 1 1 1 - 0 - 0 1 1 0 0 1 0 1 1 1 1 1 0 0 0 0 1 1 0 1 1 1 1 - - 1 0 1 1 1 1 0 1 1 1 1 0 0 0 1 0 0 1 1 0 1 0 1 1 1 0 0 1 0 1 1 0 0 0 0 0 0 0 0 0 1 0 - 1 1 0 1 1 0 - 1 1 0 - 1 0 0
  139.6      NODE_490_PO _9940        1 0 0 1 1 1 0 1 0 1 0 0 1 0 1 0 - 1 0 - 0 0 0 0 0 0 0 0 0 1 1 1 1 0 0 0 1 1 0 0 1 0 1 1 - 1 1 0 0 0 0 1 1 0 1 1 1 1 - - 1 0 1 1 1 1 0 1 1 1 1 0 0 0 1 0 0 1 1 0 1 0 1 1 1 0 0 1 0 0 1 0 0 0 0 0 1 0 0 0 1 0 0 1 1 0 1 1 0 - 1 1 1 - 1 0 0
  140.6      NODE_4743_PO _11476      1 0 0 1 1 1 0 1 0 1 0 0 1 0 1 0 - 1 0 - 0 0 0 0 0 0 0 0 0 1 1 1 - 0 - 0 1 1 0 0 1 0 1 1 - 1 1 0 0 0 0 1 1 0 1 1 1 - - 1 1 0 1 1 1 1 0 1 1 1 1 0 0 0 1 0 0 1 1 0 1 0 1 1 1 0 0 1 0 0 1 0 0 0 0 0 1 0 0 0 0 0 - 1 1 0 1 - 0 - 1 1 1 - 1 0 0
  141.6      NODE_5816_PO _6133       1 0 0 1 1 1 0 1 0 1 0 0 - 0 1 0 - 1 0 - 0 0 0 0 0 0 0 0 0 1 1 1 - - - 0 1 - - 0 1 - 1 1 1 1 1 0 0 0 0 1 1 0 1 1 1 - - - 1 0 1 1 1 1 0 1 - 1 1 0 0 0 1 0 0 1 1 0 1 1 1 1 - - 0 1 0 0 1 0 0 0 - 0 1 0 0 0 - 0 - 1 1 0 1 1 0 - - 1 1 - 1 0 0
  144.7      NODE_3195_PO _12653      1 0 0 1 1 1 0 1 0 1 0 0 1 0 1 0 1 1 0 0 0 0 0 0 0 0 0 1 0 1 1 1 - 0 - 0 1 0 0 0 1 0 1 1 1 1 1 0 0 0 0 1 1 0 1 0 1 - 0 - 1 0 1 1 1 1 0 1 1 1 1 0 0 0 1 0 0 0 1 0 1 1 1 1 1 0 0 1 0 0 1 0 0 0 0 0 1 0 0 0 0 0 - 1 1 0 1 1 0 - 1 1 1 - 1 0 0
  146.6      NODE_469_PO _47081       1 0 0 1 1 1 0 1 0 1 0 0 1 0 1 0 - 1 0 - 0 0 0 0 0 0 1 1 0 1 1 - - 0 - 0 1 - 0 0 1 0 1 1 - 1 1 0 0 0 0 1 1 0 1 0 1 1 0 1 1 0 1 1 1 1 0 1 1 1 1 0 0 0 1 0 0 0 1 0 1 1 1 1 1 0 0 1 0 0 1 0 0 0 0 0 1 0 0 0 0 1 - 1 1 0 1 1 0 - 1 1 1 - 1 0 0
  148.6      NODE_276_PO _8010        1 0 0 1 1 1 0 1 0 1 0 0 - 0 1 0 - 1 0 - 0 0 0 0 0 0 1 1 0 1 1 1 - 0 - 0 1 0 0 0 1 0 1 1 1 1 1 0 0 0 0 1 1 1 - 0 1 1 - 1 1 0 1 1 1 1 0 1 - 1 1 0 0 0 1 0 0 0 1 0 1 1 1 1 - 0 0 1 0 0 1 0 0 0 0 0 1 0 0 0 0 1 - 1 1 0 1 - 0 - 1 1 1 - 0 0 0
  153.4      NODE_40_PO _104013       1 0 0 1 1 1 0 1 0 1 0 0 1 0 1 0 0 1 0 - 0 0 0 0 0 0 1 1 0 1 1 1 1 0 - 0 1 0 0 0 1 1 1 1 1 1 1 0 0 0 0 1 1 1 1 0 1 1 - 1 1 1 1 1 1 1 0 1 1 1 0 0 0 0 1 0 0 0 1 0 1 1 1 0 1 0 0 1 0 0 1 0 0 0 0 0 1 0 0 0 0 1 0 1 0 0 1 1 0 - 1 1 1 - 0 0 0
  158.2      NODE_588_PO _36659       1 0 0 1 1 1 0 1 0 1 0 1 - 0 1 0 0 1 0 - 0 0 0 0 0 1 1 1 0 1 1 1 - 0 - 0 0 - 0 0 1 1 1 1 1 1 0 0 0 0 0 1 1 1 1 0 1 1 - 1 1 1 1 0 1 1 0 1 1 1 0 0 0 0 1 0 0 0 1 0 1 1 1 0 - 0 0 1 0 0 1 0 0 0 0 0 1 0 0 0 0 1 - 1 0 0 1 - 0 - 1 1 1 - 0 0 0
