  0.0        NODE_2828_PO _9512       0 0 1 1 0 1 1 0 1 1 1 1 1 0 1 1 - 1 1 - 1 0 0 0 0 1 1 0 0 0 1 1 - 1 - 0 0 - 0 1 1 1 0 0 - 1 0 0 1 1 1 0 0 1 0 0 - - - 1 - 0 1 1 1 0 0 0 - 0 1 0 0 1 0 1 0 0 0 0 0 1 0 0 - 1 1 0 0 0 1 1 0 1 0 1 1 0 0 1 - 0 - 1 1 1 0 - 1 - 1 1 0 - 1 0 1
  2.0        NODE_1818_PO _15409      0 0 1 1 0 1 1 0 1 1 1 1 1 0 1 1 - 1 1 - 1 0 0 0 0 1 1 0 0 0 1 1 - 1 - 1 0 - 0 1 1 1 0 0 1 1 0 0 1 1 1 0 0 1 0 0 1 - - - 1 0 1 1 1 0 0 0 - 0 1 0 0 1 0 1 0 0 0 1 0 1 0 0 - 1 1 0 0 0 1 1 0 1 0 1 1 0 0 1 0 0 - 1 1 1 0 - 1 - 1 1 0 - 1 0 1
  4.0        NODE_526_PO _24599       0 0 1 1 0 1 0 0 1 1 1 1 1 0 1 1 - 1 1 - 1 0 0 0 0 1 1 0 0 0 1 1 - 1 - 1 0 0 0 1 1 1 0 0 1 1 0 0 0 1 1 0 0 1 0 0 1 - - 1 1 0 1 1 1 0 0 0 0 0 1 0 0 1 0 1 0 0 0 1 0 1 0 0 - 1 1 0 0 0 1 1 0 1 0 1 1 0 0 1 0 0 0 1 1 1 0 1 1 - 1 1 0 - 1 0 1
  6.9        NODE_10779_PO _1583      0 0 1 1 0 1 0 0 1 1 1 1 1 0 1 1 - 1 1 - 1 0 0 0 0 1 1 0 1 0 1 1 - 1 - 1 0 - 0 1 1 1 0 0 0 1 0 0 0 1 1 0 0 1 0 0 - - - - 1 0 1 1 - 0 0 0 - 0 1 0 0 1 0 1 0 0 0 1 0 1 0 0 - 1 1 0 0 0 1 1 0 1 - 1 1 0 0 1 0 0 0 1 1 0 0 1 1 - 1 1 0 - 1 0 1
  16.4       NODE_2989_PO _15341      0 0 1 1 0 1 0 0 1 1 0 1 - 0 0 1 0 1 1 - 1 0 0 0 0 1 1 0 1 0 1 1 - - - 1 0 - 0 1 1 1 0 0 1 1 0 0 0 1 1 - 0 1 0 0 1 - - - 1 0 1 1 0 0 0 0 - 0 0 0 0 1 0 0 1 - 0 1 0 0 0 0 - 1 1 0 0 0 0 1 0 1 0 1 1 0 0 1 0 0 - 1 0 0 0 - 1 - 1 1 0 - 1 0 1
  18.4       NODE_2274_PO _16547      0 0 1 1 1 1 0 0 1 1 0 1 1 0 0 1 0 1 1 1 1 0 1 0 0 1 1 0 1 0 1 1 - 1 - 1 0 0 0 1 1 1 0 0 1 1 0 0 0 1 1 0 0 1 0 0 1 0 - 1 1 0 1 1 0 0 0 0 0 0 0 0 0 1 0 0 1 0 0 1 0 0 0 0 - 1 1 0 0 0 0 1 0 1 0 1 1 0 0 1 0 0 0 1 0 0 0 1 1 - 1 1 0 - 1 0 1
  27.0       NODE_5108_PO _13136      0 0 1 1 1 1 0 0 0 1 0 1 1 1 0 1 - 1 1 - 1 0 1 0 0 1 0 0 1 0 1 1 - 1 - 1 0 0 0 1 1 1 0 0 - 1 1 0 0 1 1 0 1 1 0 0 0 0 - 0 1 0 1 1 0 0 0 0 - 0 0 0 0 1 0 0 1 1 0 1 0 0 0 0 - 1 1 0 0 0 0 1 0 1 0 1 1 1 0 1 - 0 - 1 0 0 0 1 1 - 1 1 0 - 1 0 1
  28.0       NODE_545_PO _38040       0 0 1 1 1 1 0 0 0 1 0 1 1 1 0 1 0 1 1 - 1 0 1 0 0 1 0 0 1 0 1 1 - 1 - 1 0 0 0 1 1 1 0 0 1 1 1 0 0 1 1 0 1 1 0 0 0 0 - 0 1 0 1 1 0 0 0 0 0 0 0 0 0 1 0 0 1 1 0 1 0 0 0 0 - 1 1 0 0 0 0 1 0 1 0 1 1 1 0 1 0 0 0 0 0 0 0 - 1 - 1 1 0 - 1 0 1
  29.9       NODE_774_PO _30454       0 0 1 1 1 1 0 0 0 1 0 0 - 1 0 1 0 1 1 - 1 0 1 0 0 1 0 0 1 0 1 1 - 1 - 1 0 0 0 1 1 - 0 0 1 1 1 0 0 1 1 0 1 0 0 0 0 0 - - 1 0 1 1 0 0 0 0 0 0 0 0 0 1 0 0 1 1 0 1 0 0 0 0 - 1 1 0 0 0 0 1 0 1 0 1 1 1 0 - 0 0 - 0 0 0 0 1 1 - - 1 0 - 1 0 1
  36.8       NODE_3631_PO _9168       0 1 1 1 1 1 0 0 0 1 0 0 - 1 0 1 - 1 1 - 1 0 1 0 0 0 0 0 1 0 1 1 - 0 - 1 1 0 0 1 1 1 1 0 1 1 1 0 0 1 1 0 1 0 0 0 0 0 - - 1 0 1 1 0 1 0 0 0 0 0 0 0 1 0 0 1 1 0 1 0 0 0 0 1 1 1 0 0 0 0 1 0 1 0 1 1 1 0 1 0 0 - 0 0 0 0 - 1 - - 1 0 - 0 0 1
  39.7       NODE_10510_PO _2719      0 1 1 1 1 1 0 0 0 1 0 0 - 1 0 1 - 1 1 1 1 0 1 0 0 0 0 0 1 0 1 1 0 0 - 1 1 0 0 1 1 1 1 0 1 1 1 0 0 1 1 0 1 0 0 0 0 0 - 0 1 0 1 1 0 1 0 0 0 0 0 0 0 1 0 0 1 1 0 1 0 0 0 0 1 1 1 0 0 0 0 0 0 1 0 1 1 1 0 1 0 1 - 0 0 0 0 1 1 - 1 0 0 - 0 0 1
  42.7       NODE_4742_PO _75         0 1 1 1 1 1 0 0 0 1 0 0 - 1 0 1 - 1 1 - 1 0 1 0 0 0 0 0 1 0 1 1 - 0 - 1 1 0 1 1 1 1 1 0 1 1 1 0 0 1 1 0 1 0 - 0 0 - - - - 0 1 1 0 1 0 0 0 0 0 0 0 1 0 0 1 1 1 1 0 0 0 0 - 1 1 0 0 0 0 0 0 1 0 1 1 1 0 1 - 1 - 0 0 0 0 - 0 - 1 0 0 - 0 0 1
  44.7       NODE_2728_PO _9461       0 1 1 1 1 1 0 0 0 1 0 0 - 1 0 1 - 1 1 - 1 0 1 0 0 0 1 0 1 0 1 1 - 0 - 1 1 0 1 1 1 1 1 0 1 1 1 0 0 1 1 0 1 0 0 0 0 0 - - 1 0 1 1 0 1 0 1 0 0 0 0 0 1 0 0 1 1 1 1 0 0 0 0 - 1 1 0 0 0 0 0 0 1 0 1 1 1 0 1 0 1 - 0 0 0 0 1 0 - 1 0 0 - 0 0 1
  46.5       NODE_272_PO _7113        0 1 1 1 1 0 0 0 0 1 0 0 - 1 0 1 0 1 1 1 1 0 1 0 0 0 1 0 1 0 1 1 - 0 - 1 1 0 1 1 1 1 1 0 1 1 1 1 0 1 1 0 1 0 0 0 0 0 1 0 1 0 1 1 0 1 0 1 0 0 0 0 0 1 0 0 1 1 1 1 0 0 0 0 1 1 1 0 0 0 0 0 0 1 0 1 1 1 0 1 0 1 - 0 0 0 0 1 0 - 1 0 0 - 0 0 1
  47.5       NODE_272_PO _29555       0 1 1 1 1 0 0 0 0 1 0 0 - 1 0 1 - 1 1 - 1 1 1 0 0 0 1 0 1 0 1 1 - 0 - 1 - 0 1 1 1 1 1 0 1 1 1 1 0 1 1 0 1 0 0 0 0 - - - - 0 1 1 0 1 0 1 0 0 0 0 0 1 0 0 1 1 1 1 0 0 0 0 - 1 1 0 0 0 0 0 0 1 0 1 1 1 0 1 0 1 0 0 0 0 0 1 0 - 1 0 0 - 0 0 1
  48.5       NODE_288_PO _51599       0 1 1 1 1 0 0 0 0 1 0 0 - 1 0 1 0 1 1 0 1 1 1 0 0 0 1 0 1 0 1 1 - 0 - 1 1 0 1 1 1 1 1 0 1 1 1 1 0 1 1 0 1 0 0 0 0 0 - 0 1 0 1 1 0 1 0 1 0 0 0 0 0 1 0 0 1 1 1 1 0 0 0 0 - 1 1 0 0 0 0 0 0 1 0 1 1 1 0 0 0 1 - 0 0 0 0 - 0 - 1 0 0 - 0 0 1
  50.5       NODE_11111_PO _3279      0 1 1 0 1 0 0 0 0 1 0 0 0 1 0 0 - 1 1 - 1 1 1 0 0 0 1 0 1 0 1 1 - - - 1 1 0 1 1 1 1 1 0 - 1 1 1 0 1 1 0 1 0 - 0 0 - - - 1 0 1 1 0 1 0 1 - 0 0 0 0 1 0 0 1 1 1 1 0 0 0 0 - 1 1 0 0 0 0 0 0 1 0 1 1 1 0 0 - 1 - - 0 0 0 1 0 - 1 0 - - 0 0 1
  51.6       NODE_3376_PO _18310      0 1 1 0 1 0 0 0 0 1 0 0 - 1 0 0 - 1 1 - 1 1 1 0 0 0 1 0 1 0 1 1 - 0 - 1 1 0 1 1 1 1 1 0 1 1 1 1 0 1 1 0 1 0 0 0 0 0 - 0 1 0 1 1 0 1 0 1 0 0 0 0 0 1 0 0 1 1 1 1 0 1 0 0 - 1 1 0 0 0 0 0 0 1 0 1 1 1 0 0 - 1 - 0 0 0 0 - 0 - 1 0 0 - 0 0 1
  55.5       NODE_258_PO _35845       0 0 1 0 0 0 0 0 0 1 0 0 0 1 0 0 0 1 1 - 1 1 1 0 0 0 1 0 1 0 1 1 - 0 - 1 1 0 1 1 1 1 1 0 - 1 1 1 0 1 1 0 1 0 0 0 0 0 - - 1 0 1 1 0 1 0 1 0 0 0 0 0 1 1 0 1 0 1 1 0 1 0 0 - 1 1 0 0 0 0 0 0 1 0 1 1 1 0 0 - 1 - 0 0 0 0 - 0 - 1 0 0 - 0 0 1
  62.2       NODE_2056_PO _23858      0 0 1 0 0 0 0 0 0 1 0 0 0 1 0 0 - 0 1 - 1 1 1 1 0 0 1 0 1 0 1 1 - 0 - 1 1 0 1 1 1 1 1 0 1 1 1 1 0 1 1 0 1 0 0 0 0 0 - 0 1 0 1 1 1 1 0 1 0 0 0 0 1 1 1 0 0 0 1 1 0 1 0 0 - 1 1 0 0 0 0 0 0 1 1 1 1 1 0 0 0 1 - 0 0 0 1 1 0 - 1 0 0 - 0 0 1
  65.0       NODE_335_PO _67156       0 0 1 0 0 0 0 0 0 1 0 0 - 1 0 0 - 0 1 - 1 1 1 1 0 0 1 0 1 0 1 1 1 0 - 0 1 0 1 1 1 1 1 0 1 1 1 1 0 1 1 0 1 0 0 0 0 0 - 0 1 0 1 1 1 1 1 1 0 0 0 0 1 0 1 0 0 0 1 1 0 1 0 0 - 1 1 0 0 0 0 0 0 1 1 1 1 1 0 0 0 1 - 0 0 0 1 1 0 - 1 0 0 - 0 0 1
  66.0       NODE_335_PO _26716       0 0 1 0 0 0 0 0 0 1 0 0 0 1 0 0 0 0 1 - 0 1 1 1 0 0 1 0 1 0 1 1 - 0 - 0 1 0 1 1 1 1 1 0 1 1 1 1 0 1 1 0 1 0 0 0 0 0 - 0 1 0 1 1 1 1 1 1 0 0 0 0 1 0 1 0 0 0 1 1 0 1 0 0 - 1 1 0 0 0 0 0 0 1 1 1 1 1 0 0 0 1 - 0 0 0 1 1 0 - 1 0 0 - 0 0 1
  66.9       NODE_335_PO _9341        0 0 1 0 0 0 0 0 0 1 0 0 - 1 0 0 0 0 1 - 0 1 1 1 0 0 1 0 1 0 1 1 1 0 - 0 1 0 1 1 1 1 1 0 1 1 1 1 0 1 1 0 1 0 0 0 0 - - 0 0 0 1 1 1 1 1 1 0 0 0 0 1 0 1 0 0 0 1 1 0 1 0 0 - 1 1 0 0 0 0 0 0 1 1 1 1 1 0 0 0 1 - 0 0 0 1 1 0 - 1 0 0 - 0 0 1
  72.3       NODE_1729_PO _20165      0 0 1 0 0 0 1 0 0 1 0 0 1 1 - 0 - 0 1 - 0 0 1 1 0 1 1 0 1 0 0 - - 0 - 0 1 - 1 1 1 1 1 0 - 1 1 1 0 1 1 0 1 - - 0 0 - - - 0 0 1 1 1 1 1 1 - 0 0 0 1 0 1 0 0 - 1 1 0 1 0 0 - 1 1 0 0 0 0 0 0 1 - 1 1 1 0 0 - 1 - 0 0 1 1 - 0 - - 0 0 - 0 0 1
  74.6       NODE_343_PO _64600       0 0 1 0 0 0 1 0 0 1 0 0 - 1 0 0 0 0 0 - 0 0 1 1 0 1 1 - 1 0 0 - - 0 - 0 1 0 1 1 1 1 1 0 - 1 1 - 0 1 0 0 1 0 - 0 - 0 - - - 0 1 1 1 1 1 1 0 0 0 0 1 0 1 0 - 0 1 1 0 1 0 0 - 1 1 0 0 0 0 0 0 1 1 1 1 1 0 0 0 - - 0 0 1 1 - 0 - - 0 0 - 0 0 1
  76.8       NODE_9709_PO _4156       0 0 1 0 0 0 1 0 0 1 0 0 - 1 0 0 - 0 0 - 0 0 1 1 0 1 1 0 1 0 0 1 - 0 - 0 1 0 1 1 1 1 1 0 - 0 1 1 0 1 0 0 1 - 0 0 - 0 0 1 0 0 1 1 1 1 1 1 0 0 0 0 1 0 1 0 0 0 1 1 0 - 0 0 0 1 1 0 0 0 0 0 0 1 1 1 1 1 0 0 - 1 - 0 0 1 1 1 0 - 1 0 0 - 0 0 0
  79.7       NODE_5018_PO _12410      0 0 1 0 0 0 1 0 0 1 0 0 - 1 0 0 - 0 0 - 0 0 0 1 0 1 1 0 1 0 0 0 1 0 - 0 1 0 1 1 1 1 1 0 0 0 1 1 0 1 0 0 1 0 0 0 0 0 - 1 0 0 1 1 1 1 1 0 0 0 0 0 1 0 1 0 0 0 1 1 0 1 0 0 0 1 1 0 0 0 0 0 0 1 1 1 1 1 0 0 0 1 0 0 0 1 1 1 0 - 1 0 0 - 0 0 0
  83.4       NODE_1284_PO _12487      0 0 1 0 0 0 1 0 0 1 0 0 1 1 1 0 - 0 0 - 0 0 0 1 0 1 1 0 1 0 0 0 - 0 - 0 1 1 1 1 1 1 1 0 0 0 1 1 0 1 0 0 1 0 0 0 0 0 0 1 0 0 1 1 1 1 1 0 0 0 0 0 1 0 1 0 0 0 1 1 0 1 0 0 0 1 1 0 0 0 0 0 0 1 1 1 1 1 0 0 0 1 - 0 0 1 0 1 0 - 1 1 0 - 0 0 0
  85.2       NODE_7179_PO _7386       0 0 1 0 0 0 1 0 0 1 0 0 - 0 1 0 1 0 0 - 0 0 0 1 0 1 1 0 1 0 0 0 1 0 - 0 1 1 1 1 1 1 1 0 0 0 1 1 0 1 0 0 1 0 0 0 0 0 - - 0 0 1 1 1 1 1 0 0 0 0 0 1 0 1 0 0 0 0 1 0 1 0 0 0 1 1 0 0 0 0 0 0 1 1 1 1 1 0 0 0 1 - 0 0 1 0 1 0 - 1 1 0 - 0 0 0
  87.1       NODE_4080_PO _14909      0 0 0 0 0 0 1 0 0 1 0 0 - 0 1 0 1 0 0 0 0 0 0 1 0 1 1 0 1 0 0 0 - 0 - 0 1 1 1 1 1 1 1 0 0 0 1 1 0 1 0 0 1 0 0 0 0 - - 1 0 0 1 1 1 1 1 0 0 0 0 0 1 0 1 0 0 0 0 1 0 1 0 1 0 1 1 0 0 0 0 0 0 1 1 1 1 1 0 0 0 1 - 0 0 1 0 1 0 - 1 1 0 - 0 0 0
  89.0       NODE_149_PO _43448       0 0 0 0 0 0 1 0 0 1 0 0 - 0 1 0 1 0 0 - 0 0 0 1 0 1 1 0 1 0 0 0 - 0 - 0 1 1 1 1 1 1 1 0 0 0 1 1 0 1 0 0 1 0 0 0 0 0 0 1 0 0 1 1 1 1 1 0 0 0 0 0 1 0 1 1 0 0 0 1 1 1 0 1 - 1 1 0 0 0 0 0 0 1 1 1 1 1 0 0 0 1 - - 0 1 0 1 0 - 1 1 0 - 0 0 0
  89.9       NODE_149_PO _63127       0 0 0 0 0 0 1 0 0 1 0 0 - 0 1 0 - 0 0 - 0 0 0 1 0 1 1 0 1 0 0 0 - 0 - 0 1 1 1 1 1 1 1 0 0 0 1 1 0 1 0 1 1 0 0 0 0 0 - - 0 0 1 1 1 1 1 0 0 0 0 0 1 0 1 1 0 0 0 1 1 1 0 1 - 1 1 0 0 0 0 0 0 1 1 1 1 1 0 0 0 1 - 0 0 1 0 1 0 - 1 1 0 - 0 0 0
  90.9       NODE_1569_PO _28812      0 0 0 0 0 0 1 0 0 1 0 0 - 0 1 0 1 0 0 - 0 0 0 1 0 1 1 0 1 0 0 0 1 0 - 0 1 1 1 1 1 1 1 0 0 0 1 1 0 1 0 1 1 0 0 0 0 - - 1 0 0 1 1 1 1 1 0 0 0 0 0 1 0 1 1 0 0 0 1 1 1 0 1 0 1 1 0 0 0 0 0 0 1 1 1 1 1 0 0 0 1 0 0 0 1 0 1 0 - 1 1 1 - 0 0 0
  94.6       NODE_257_PO _64040       0 0 0 0 0 0 1 0 0 1 0 0 1 0 1 0 - 0 0 - 1 0 0 1 0 1 1 0 1 0 0 0 - 0 - 0 1 1 1 1 1 1 1 0 0 1 1 1 0 1 1 1 1 0 0 0 0 1 - 1 0 0 1 1 1 1 1 0 0 0 0 0 1 0 1 1 0 0 0 1 1 1 1 1 - 1 1 0 0 0 0 0 0 1 1 1 1 1 0 0 0 1 0 0 0 1 0 1 0 - 1 1 1 - 0 0 0
  97.5       NODE_349_PO _24527       0 0 0 0 0 0 1 0 0 1 0 0 - 0 1 1 1 0 0 - 1 0 0 1 0 1 1 0 1 0 0 0 - 0 - 0 1 1 1 1 1 1 1 0 0 1 1 1 0 1 1 1 1 0 0 1 0 1 - - 0 0 1 1 1 1 1 0 0 0 0 0 1 0 1 1 0 0 0 1 1 1 1 1 0 1 1 0 - 0 0 0 1 1 1 1 1 1 0 0 0 1 - 0 0 1 0 - 0 - 1 1 1 - 0 0 0
  101.4      NODE_418_PO _36090       0 0 0 0 0 0 1 0 0 1 0 0 1 0 1 1 - 0 0 - 1 0 0 1 0 1 1 0 1 0 0 0 - 0 - 0 1 1 1 1 1 1 1 0 - 1 1 - 0 1 1 1 1 0 0 1 0 1 - - 0 0 0 1 1 1 1 0 0 0 0 0 1 0 1 1 0 0 0 1 1 1 1 1 0 0 1 0 0 0 0 0 1 1 1 1 1 0 0 1 0 1 - 0 0 1 0 0 0 - 1 1 1 - 0 0 0
  103.3      NODE_278_PO _25850       0 0 0 0 0 0 1 0 0 1 0 0 - 0 1 1 - 0 0 - 1 0 0 1 0 1 1 0 1 0 0 0 - 0 - 0 1 1 1 1 1 1 1 0 0 1 1 1 0 1 1 1 1 0 0 1 0 1 - 1 0 0 0 1 1 1 1 1 - 0 0 0 1 0 1 1 0 0 0 1 1 1 1 1 - 0 1 0 0 0 0 0 1 1 1 1 1 0 1 1 0 1 - 0 0 1 0 0 0 - - 1 1 - 0 0 0
  104.3      NODE_278_PO _27038       0 0 0 0 0 0 1 0 0 1 0 0 1 0 1 1 - 0 0 0 1 0 0 1 0 1 1 0 1 0 0 0 - 0 - 0 1 1 1 1 1 1 1 0 0 1 1 1 0 1 1 1 1 0 0 1 0 1 - 1 0 0 0 1 1 1 1 1 0 0 0 0 1 0 1 1 0 1 0 1 1 1 1 1 0 0 1 0 0 0 0 0 1 1 1 1 1 0 1 1 0 1 0 0 0 1 0 0 0 - 1 1 1 - 0 0 0
  105.2      NODE_147_PO _81316       0 0 0 0 0 0 1 0 0 1 0 0 1 0 1 1 0 0 0 0 1 0 0 1 0 1 1 0 1 0 0 0 0 0 - 1 1 1 1 1 1 1 1 0 0 1 1 1 0 1 1 1 1 0 0 1 0 1 - 1 0 0 0 1 1 1 1 1 0 0 0 0 1 0 1 1 0 1 0 1 1 1 1 1 0 0 1 0 0 0 0 0 1 1 1 1 1 0 1 1 0 1 0 0 0 1 0 0 0 - 1 1 1 - 0 0 0
  108.9      NODE_252_PO _35278       0 0 0 0 0 0 1 0 0 1 0 0 1 0 1 1 - 0 1 - 1 0 0 1 1 1 1 0 1 0 0 0 - 0 - 1 1 1 1 0 1 1 1 0 0 1 1 1 0 1 1 1 1 0 0 1 0 1 - 1 0 0 0 1 1 1 1 1 1 0 0 0 1 0 1 1 0 1 0 1 1 1 1 1 0 0 1 0 0 0 0 0 1 1 1 1 1 0 1 1 0 1 - 0 0 1 0 0 0 - 1 1 1 - 0 0 0
  109.8      NODE_693_PO _36325       0 0 0 0 0 0 1 0 0 1 0 0 1 0 1 1 0 0 1 - 1 0 0 1 1 1 0 0 1 0 0 - - 0 - 1 1 1 1 0 1 1 1 0 0 1 1 1 0 1 1 1 1 0 0 1 0 - - 1 0 0 0 1 1 1 1 1 1 0 0 0 1 0 1 1 0 1 0 1 1 1 1 1 0 0 1 0 0 0 0 0 1 1 1 1 1 0 1 1 0 1 - 0 0 1 0 0 0 - 1 1 1 - 0 0 0
  111.7      NODE_940_PO _31475       0 0 0 0 0 0 1 0 0 1 0 0 1 1 1 1 0 0 1 - 1 0 0 1 1 1 0 0 1 0 0 - - 0 - 1 1 1 1 0 1 1 1 0 0 1 1 1 0 1 1 - 1 0 0 1 - 1 - - 0 0 0 1 1 1 1 1 1 0 0 0 1 0 1 1 0 1 0 1 1 1 1 1 - 0 1 0 0 0 0 0 1 1 1 1 1 0 1 1 0 1 - 0 0 1 0 0 0 - 1 0 1 - 0 0 0
  114.6      NODE_940_PO _10478       0 0 1 0 0 0 1 0 0 1 0 0 1 1 1 1 0 0 1 - 1 0 0 1 1 1 0 0 1 0 0 0 - 0 - 1 1 1 1 0 0 1 1 0 0 1 1 0 0 1 1 1 1 0 0 1 0 - 0 - 0 0 0 1 1 1 1 1 1 0 0 0 1 0 1 1 0 1 0 1 1 1 1 1 - 0 1 0 0 0 0 0 1 1 1 1 1 0 1 1 0 1 - 0 0 1 0 0 0 - 1 0 1 - 0 0 0
  119.3      NODE_5083_PO _8844       0 0 1 0 0 0 1 0 0 1 0 0 1 1 1 1 0 0 1 - 1 0 0 1 1 1 0 0 1 0 1 0 - 0 - 1 1 1 1 0 0 1 0 0 0 1 0 0 0 1 1 1 1 0 0 1 0 1 - 1 0 0 0 1 1 1 1 1 1 0 0 0 1 0 1 1 1 1 0 1 1 1 1 1 1 0 0 0 0 0 0 0 1 1 1 1 1 0 1 1 0 1 0 0 0 1 0 - 0 - 1 0 1 - 0 0 0
  124.2      NODE_8882_PO _3516       0 0 1 0 0 0 1 0 0 1 0 0 1 1 1 1 - 0 1 - 1 0 0 1 1 1 0 0 1 0 1 0 - 0 - 1 1 1 1 0 0 0 0 0 0 1 0 0 0 1 1 1 1 0 1 1 0 - - - 0 0 0 1 1 0 1 1 1 0 0 0 1 0 1 1 1 1 0 1 1 1 1 0 - 0 0 0 - 0 0 0 1 1 1 1 1 0 1 1 0 1 - 0 0 1 0 0 0 - - 0 1 - 1 0 0
  130.0      NODE_854_PO _17650       0 0 1 1 0 0 0 0 0 1 0 0 1 1 1 1 0 0 1 1 1 0 0 0 1 1 0 0 1 0 1 - - 0 - 1 1 1 1 0 0 0 0 0 1 1 0 0 0 1 1 1 1 0 1 1 0 1 0 1 0 0 0 1 1 0 1 1 1 0 0 0 1 0 1 1 1 1 0 0 1 1 1 0 - 0 0 0 0 0 0 0 1 1 1 1 1 0 1 1 1 1 - 0 0 1 0 0 0 - 1 0 1 - 1 0 0
  131.0      NODE_14921_PO _1219      0 0 1 1 0 0 0 0 0 1 0 0 - 1 1 1 0 0 1 1 1 0 0 0 1 1 0 0 1 0 1 0 1 0 - 1 1 1 1 0 0 0 0 0 1 1 0 0 0 1 1 1 1 0 1 1 0 1 - 1 0 0 0 1 0 0 1 1 1 0 0 0 1 0 1 1 1 1 0 0 1 1 1 0 - 0 0 0 0 0 0 0 1 1 1 1 1 0 1 1 1 1 - 0 0 1 0 - 0 - - 0 1 - 1 0 0
  134.9      NODE_1109_PO _32277      0 0 1 1 0 0 0 0 0 1 0 0 1 1 1 1 - 0 1 - 1 0 1 0 1 1 0 0 1 0 1 1 1 1 - 1 1 1 1 0 0 0 0 0 - 1 0 0 0 1 1 1 1 0 - 1 - 1 - 1 0 0 0 1 0 0 1 1 1 0 0 0 1 0 1 1 1 1 0 0 1 1 1 0 - 0 0 1 0 0 0 0 1 1 1 1 1 0 1 1 1 1 - 0 0 1 0 - 0 - 1 0 1 - 1 0 0
  138.8      NODE_1278_PO _11155      0 0 1 1 0 0 0 0 0 1 0 0 1 1 1 1 - 0 1 - 1 0 1 0 1 1 0 0 1 0 1 1 - 1 - 1 1 1 1 0 0 0 0 0 1 1 0 0 0 1 1 1 1 0 1 1 0 - - 1 0 0 0 1 0 0 1 1 1 0 0 1 1 1 1 1 1 1 0 0 1 1 1 0 - 0 0 1 0 0 0 0 1 1 1 1 1 0 1 - 1 1 - 1 0 1 1 - 0 - 1 0 - - 1 0 0
  141.8      NODE_1570_PO _22855      0 0 1 1 0 0 0 0 0 1 0 0 - 1 1 1 - 0 0 - 1 0 1 0 1 1 0 0 1 0 1 1 - 1 - 1 1 1 1 0 0 0 0 0 1 1 0 0 1 1 1 1 1 0 1 1 0 1 0 1 0 0 0 1 0 0 1 1 1 0 0 1 1 1 1 1 1 1 0 0 1 1 1 0 - 0 0 1 - 0 0 0 1 1 1 0 1 0 1 1 1 1 - 1 0 1 1 0 0 - 1 0 1 - 1 0 0
  146.7      NODE_7631_PO _2631       0 0 1 0 0 0 0 0 0 1 0 0 - 1 1 1 - 0 0 - 1 0 1 0 1 1 0 0 1 0 1 1 - 1 - 1 1 1 1 0 0 0 0 0 1 1 0 0 1 0 1 1 1 0 1 1 0 - - - 0 0 0 1 0 0 1 0 - 0 0 1 1 1 1 1 1 1 0 0 1 0 1 0 - 0 0 1 0 0 0 0 1 1 1 0 1 0 1 1 1 1 - 1 0 1 1 - 0 - 0 0 1 - 1 0 0
  150.8      NODE_1333_PO _28146      0 0 1 0 0 0 0 0 0 1 0 0 - 1 1 1 0 0 0 - 1 0 1 0 1 1 0 0 1 0 1 - - 1 - 1 1 1 1 0 0 0 0 0 1 1 0 0 1 0 1 1 1 - - 1 0 1 - - 0 0 0 0 0 0 1 1 1 0 0 1 1 1 1 1 1 1 0 0 1 - 1 0 - 0 0 1 0 0 0 0 1 1 1 0 1 0 1 1 - 1 - 1 0 0 1 0 0 - 1 0 1 - 1 0 0
  152.7      NODE_3595_PO _17552      0 0 1 0 0 0 0 0 0 1 0 0 - 1 1 1 0 0 0 - 1 0 1 0 1 1 0 0 1 0 1 0 - 1 - 1 1 0 1 0 0 0 0 0 1 0 0 0 1 0 1 1 1 0 1 1 0 1 - 1 0 0 0 0 0 0 1 1 1 0 0 1 1 1 1 1 1 1 0 0 1 1 1 0 1 0 0 1 0 0 0 0 1 1 1 0 1 0 1 1 1 1 - 1 0 0 1 0 0 - 1 0 1 - 1 0 0
  159.4      NODE_1364_PO _28968      0 0 1 0 0 0 0 0 0 1 0 0 - 1 1 1 - 0 0 - 1 0 1 1 1 1 0 0 1 0 1 0 - 1 - 1 1 0 1 1 0 1 0 0 1 0 0 0 1 0 1 1 1 0 - 1 0 - - - 0 0 0 0 0 0 1 1 1 0 0 1 1 1 1 1 1 1 1 0 1 1 1 0 1 1 0 1 0 0 0 0 1 1 1 0 1 0 1 1 1 0 - 1 0 0 1 0 0 - 0 0 1 - 1 0 0
  161.4      NODE_803_PO _32775       0 0 1 0 0 0 0 0 0 1 0 0 - 1 1 1 0 0 0 - 1 0 1 1 1 1 0 0 1 0 1 0 1 1 - 1 1 0 1 1 0 1 0 0 1 0 0 0 1 0 1 1 1 0 1 1 0 1 0 - 0 1 0 0 0 0 1 1 - 0 0 1 1 1 1 1 1 1 1 0 1 1 1 0 0 1 0 1 0 0 0 0 1 1 1 0 1 0 1 1 1 0 - 1 0 0 1 0 0 - 0 0 1 - 1 0 0
  165.2      NODE_350_PO _26127       0 0 1 0 0 0 0 0 0 1 0 0 - 1 1 1 0 0 0 - 1 0 1 1 1 1 0 0 1 0 1 0 - 1 - 1 1 0 1 1 0 1 0 0 - 0 0 0 1 0 1 1 1 0 0 1 0 1 - 1 0 1 0 0 0 0 1 1 1 0 0 1 1 1 1 1 1 1 1 0 1 1 1 0 - 1 0 1 0 0 0 0 1 1 1 0 1 0 1 0 1 0 - 1 0 0 1 - 0 - 0 0 1 - 0 1 0
  167.1      NODE_7157_PO _6790       0 0 1 0 0 0 0 0 0 1 0 0 0 1 1 1 - 0 0 - 1 0 1 1 1 1 0 0 1 0 1 0 - 1 - 1 1 0 1 1 0 1 0 0 0 0 0 0 1 0 1 1 1 0 0 1 0 - - 1 0 1 0 0 0 0 1 1 1 0 0 1 1 1 1 1 1 1 1 0 1 1 1 0 - 1 0 1 1 0 1 0 1 1 1 0 1 0 1 0 1 0 1 1 0 0 1 1 0 - 0 0 1 - 0 1 0
  170.0      NODE_459_PO _13085       0 0 1 0 0 1 0 0 0 1 0 0 0 1 1 1 0 0 0 - 1 0 1 1 1 1 0 0 1 0 1 0 - 1 - 1 1 0 1 1 0 1 0 0 - 0 0 0 1 0 1 1 1 0 0 1 0 - - - 0 1 0 0 1 0 1 1 1 0 0 1 1 1 1 1 1 1 1 0 1 1 1 0 - 1 0 1 1 0 1 0 1 0 1 0 1 0 1 0 1 0 - 1 0 0 1 1 0 - - 0 1 - 0 1 0
  172.9      NODE_3142_PO _13023      0 0 1 0 0 1 0 0 0 1 0 0 - 1 1 1 0 0 0 - 1 0 1 1 1 1 0 0 1 0 1 0 - 1 - 1 1 0 0 1 0 1 0 0 0 0 0 0 1 0 1 1 1 0 0 1 1 - - 0 0 1 0 0 1 0 1 1 1 0 0 1 1 1 1 1 1 1 1 0 1 1 1 0 0 1 0 1 1 0 1 0 1 0 1 0 1 0 1 0 1 0 1 1 0 0 1 1 0 - 0 1 1 - 0 1 0
  176.6      NODE_1740_PO _21565      0 0 1 1 0 1 0 0 0 1 0 0 0 1 1 1 - 0 0 - 0 0 1 1 1 1 0 0 1 0 1 0 1 1 - 1 1 0 0 1 0 1 0 0 0 0 0 0 1 0 1 1 1 0 0 1 1 1 - 0 0 0 0 0 1 0 1 1 1 0 0 1 1 1 1 1 1 1 1 0 1 1 1 0 - 1 1 1 1 0 1 0 1 0 1 0 1 0 1 0 1 0 1 1 0 0 1 1 0 - 0 1 1 - 0 1 0
  177.6      NODE_3438_PO _19010      0 0 1 1 0 1 0 0 0 1 0 0 - 1 1 1 0 0 0 - 0 0 1 1 1 1 0 0 1 0 1 0 1 1 - 1 1 0 0 1 0 1 0 0 0 0 0 0 1 0 1 1 1 0 0 1 1 1 - 0 1 0 0 0 1 0 1 1 1 0 0 1 1 1 1 1 1 1 1 0 1 1 1 0 - 1 1 1 1 0 1 0 1 0 1 0 1 0 1 0 1 0 - 1 0 0 1 1 0 - 0 1 1 - 0 1 0
  179.5      NODE_220_PO _5942        - 0 1 1 0 1 0 0 0 1 0 0 - 1 1 1 - 0 0 - 0 0 1 1 1 1 0 0 1 0 1 0 - 1 - 1 1 0 0 1 0 1 0 0 0 0 0 0 1 0 1 1 1 0 0 1 1 - - - - 0 0 0 1 0 1 1 - 0 0 1 1 1 1 1 1 1 1 0 1 1 1 0 - 1 1 1 1 0 1 0 1 0 1 0 1 0 1 0 0 0 - 0 0 0 1 1 0 - 0 1 - - 0 1 0
  180.6      NODE_220_PO _20382       0 0 1 1 0 1 0 0 0 1 0 0 0 1 1 1 - 0 0 - 0 0 1 1 1 1 0 0 1 0 1 - - 1 - 1 1 0 0 1 0 1 0 0 0 0 0 0 1 0 1 - 1 0 0 1 1 1 - - - 0 0 0 - 0 1 1 - 0 1 1 1 1 1 1 1 1 1 0 1 1 1 0 - 1 1 1 1 0 1 0 1 0 1 0 1 0 1 0 0 0 - 0 0 0 1 1 0 - - 1 - - 0 1 0
  183.6      NODE_220_PO _68882       0 0 1 1 0 1 0 0 0 1 0 0 - 1 1 1 - 0 0 - 0 0 1 1 1 1 0 0 1 0 0 0 - 1 - 1 1 0 0 1 0 1 0 0 0 0 0 0 1 0 1 1 1 0 0 1 1 1 - - 1 0 0 0 1 0 1 1 1 0 1 1 1 1 1 0 1 1 1 0 1 1 1 0 - 1 1 1 1 1 1 0 1 0 1 0 1 0 1 0 0 0 - 0 0 0 1 - 0 - 0 1 1 - 0 1 0
  186.6      NODE_1462_PO _34575      0 0 1 1 0 1 0 1 0 1 0 1 - 1 1 1 - 0 0 - 0 0 1 1 1 1 0 0 1 0 0 0 - 1 - 1 1 0 0 1 0 1 0 0 0 0 0 0 1 0 1 - 1 0 0 1 1 - - - 1 0 0 0 1 0 1 1 1 0 1 0 1 1 1 0 1 1 1 0 1 1 1 0 - 1 1 1 1 1 1 0 1 0 1 0 1 0 1 0 - 0 - 0 0 0 1 - 0 - 0 1 1 - 0 1 0
  190.5      NODE_1276_PO _30796      0 0 1 1 0 1 0 1 0 1 0 1 - 1 1 1 - 0 0 - 0 0 1 1 1 1 0 0 1 0 0 0 - 0 - 1 1 0 0 1 0 1 0 0 0 0 0 0 1 0 1 1 1 0 - 1 1 1 - 0 1 0 0 0 1 0 1 1 1 0 1 0 1 1 1 0 0 1 1 0 1 1 1 0 - 1 1 1 0 1 1 0 1 0 1 0 1 0 1 0 0 0 1 0 0 0 1 1 0 - 0 1 1 - 0 1 1
  191.5      NODE_1276_PO _13775      0 0 1 1 0 1 0 1 0 1 0 1 - 1 1 1 - 0 0 - 0 0 1 1 0 1 0 0 1 0 0 0 - 0 - 1 1 - 0 1 0 1 0 0 0 0 0 0 1 0 1 1 1 - - 1 1 - - - 1 0 0 0 1 0 1 1 - 0 1 0 1 1 1 0 0 1 1 0 1 1 1 0 - 1 1 1 0 1 1 0 1 0 1 0 1 0 1 0 0 0 - 0 0 0 1 1 0 - 0 1 1 - 0 1 1
  193.5      NODE_4381_PO _8049       0 0 1 1 0 1 0 1 0 1 0 1 0 1 1 1 0 0 1 - 0 0 1 1 0 1 0 0 1 0 0 0 - 0 - 1 1 0 0 1 0 1 0 0 0 0 0 0 1 0 1 1 1 0 0 1 1 1 - - 1 0 0 0 1 0 1 1 1 0 1 0 1 1 1 0 0 1 1 0 1 1 1 0 - 1 1 1 0 1 1 0 1 0 1 0 1 1 1 0 0 0 - 0 0 0 1 1 0 - 0 1 1 - 0 1 1
  195.4      NODE_2758_PO _18817      0 0 1 1 0 1 0 1 0 1 0 1 - 1 0 1 - 0 1 - 0 0 1 1 0 1 0 0 1 0 0 0 1 0 - 1 1 0 0 1 0 1 0 0 0 0 0 0 1 0 1 1 1 0 0 1 1 - - 0 1 0 0 0 1 0 1 1 1 0 1 0 1 1 1 0 0 1 1 1 1 1 1 0 0 1 1 1 0 1 1 0 1 0 1 0 1 1 1 0 0 0 - 0 0 0 1 - 0 - 0 1 1 - 0 1 1
  199.3      NODE_560_PO _17851       0 0 1 1 0 1 0 1 0 0 0 1 0 1 0 1 0 0 1 - 0 0 1 1 0 1 1 0 1 0 0 0 - 0 - 1 1 0 0 1 0 1 0 0 0 0 0 0 1 0 1 1 1 0 1 1 1 1 - - 1 0 0 0 1 0 1 1 1 0 1 0 1 1 1 0 0 1 1 1 1 1 0 0 - 1 1 1 0 1 1 0 1 0 1 0 1 1 1 0 0 0 1 0 0 0 1 1 0 - 0 1 1 - 0 1 1
  202.1      NODE_7778_PO _7400       0 1 1 1 0 1 0 1 0 0 0 1 0 1 0 1 0 0 1 1 0 0 1 1 0 1 1 0 1 0 0 0 1 0 - 1 1 0 0 1 0 1 0 0 0 0 0 0 1 0 1 1 1 1 1 1 1 1 1 - 0 0 0 0 1 0 1 1 1 0 1 0 1 1 1 0 0 1 1 1 1 1 0 0 - 1 1 1 0 1 1 0 1 0 1 0 1 1 1 0 0 0 - 0 0 0 1 1 0 - 0 1 1 - 0 1 1
  203.9      NODE_3995_PO _3011       0 1 1 1 0 1 0 1 0 0 0 1 - 1 0 1 - 0 1 - 0 0 1 1 0 1 1 0 1 0 0 0 - 0 - 0 1 0 0 1 0 1 0 0 0 0 0 0 1 0 1 1 1 1 1 1 1 1 1 0 0 0 0 0 1 0 1 1 1 0 1 0 1 1 1 0 0 1 1 1 1 1 0 0 0 1 1 1 0 1 0 0 1 0 1 0 1 1 1 0 0 0 1 0 0 0 1 1 0 - 0 1 1 - 0 1 1
  207.8      NODE_1426_PO _32317      0 1 1 1 0 1 0 1 0 0 0 1 0 1 0 1 - 1 1 - 0 0 1 1 0 1 1 0 1 0 0 0 - 0 - 0 1 1 0 0 0 1 0 0 0 0 0 0 1 0 1 1 1 1 1 1 1 1 - 0 0 0 0 0 1 0 1 1 1 0 1 0 1 1 1 0 0 1 1 1 1 1 0 0 - 1 1 1 0 1 0 0 1 0 1 0 1 1 1 0 - 0 - - 0 0 1 1 0 - - 1 1 - 1 1 1
  211.6      NODE_343_PO _43269       0 1 1 1 0 0 0 1 0 0 0 1 0 1 0 0 - 1 1 1 0 0 1 1 0 1 1 0 1 1 0 0 1 0 - 0 1 1 0 0 0 1 0 0 0 0 0 0 1 0 1 1 1 1 1 1 1 1 - 0 0 0 0 0 1 0 1 1 1 0 1 0 1 1 1 0 0 1 1 1 1 1 0 0 0 1 0 1 0 1 0 0 1 0 1 0 1 1 1 0 0 0 - 0 0 0 1 1 0 - 0 1 1 - 1 1 1
  212.5      NODE_343_PO _16758       0 0 1 1 0 0 0 1 0 0 0 1 0 1 0 0 0 1 1 1 0 0 1 1 0 1 1 0 1 1 0 0 1 0 - 0 1 1 0 0 0 1 0 0 0 0 0 0 1 0 1 1 1 1 1 1 1 1 - 0 0 0 0 0 1 0 1 1 1 0 1 0 1 1 1 0 0 1 1 1 1 1 0 0 - 1 0 1 0 1 0 0 1 0 1 0 1 1 1 0 0 0 - 0 0 0 1 1 0 - 0 1 1 - 1 1 1
  213.4      NODE_343_PO _12135       0 0 1 1 1 0 0 1 0 0 0 1 0 1 0 0 0 1 1 - 0 0 1 1 0 1 1 0 1 1 0 0 - 0 - 0 1 1 0 0 0 1 0 0 0 0 0 0 1 0 1 1 1 1 1 1 1 1 1 - 0 0 0 0 1 0 1 1 1 0 1 0 1 1 1 0 0 1 1 1 1 1 0 0 0 1 0 1 0 1 0 0 1 0 1 0 1 1 1 0 0 0 - 0 0 0 1 1 0 - 0 1 1 - 1 1 1
  214.3      NODE_1877_PO _3504       0 0 1 1 1 0 0 1 0 0 0 1 0 1 0 0 - 1 1 1 0 0 1 1 0 1 1 0 1 1 0 0 - 0 1 0 1 1 0 0 0 1 0 0 0 0 0 0 1 0 1 1 1 1 1 1 1 - 1 - 0 1 0 0 1 0 1 1 1 0 1 0 1 1 1 0 0 1 1 1 1 1 0 0 0 1 0 1 0 1 0 0 1 0 1 0 1 1 1 0 0 0 - 0 0 0 1 1 0 - 0 1 1 - 1 1 1
  216.2      NODE_405_PO _57306       0 0 1 1 1 0 0 1 0 0 0 1 0 1 0 0 - 1 1 - 0 0 1 1 0 1 1 0 1 1 0 0 - 0 - 0 1 1 0 0 0 1 0 0 0 0 0 0 1 0 1 1 1 1 1 1 1 0 - - 0 1 0 0 1 0 1 1 1 0 1 0 0 1 1 0 0 1 1 1 1 1 0 0 - 1 0 1 0 1 0 0 0 0 1 0 1 1 1 0 0 0 - 0 0 0 1 - 0 - 0 1 1 - 1 1 1
  217.1      NODE_339_PO _16792       0 0 1 1 1 0 0 1 0 0 0 1 0 1 0 0 1 1 1 - 0 1 1 1 0 1 1 0 1 1 0 0 - 0 - 0 1 1 0 0 0 1 0 0 0 0 0 0 1 0 1 1 1 1 1 1 1 0 - 0 0 1 0 0 1 0 1 1 1 0 1 0 0 1 1 0 0 1 1 1 1 1 0 0 - 1 0 1 0 1 0 0 0 0 1 0 1 1 1 0 0 0 - 0 0 0 1 - 0 - 0 1 1 - 1 1 1
  219.0      NODE_339_PO _47650       0 0 1 0 1 0 0 1 0 0 0 1 0 1 0 0 1 1 1 - 0 1 1 1 0 1 1 0 1 1 0 0 1 0 - 0 1 1 0 0 0 1 0 0 0 0 0 0 1 0 1 1 1 - 1 1 1 0 - 0 0 1 0 0 1 0 1 1 1 0 0 0 0 1 1 0 0 1 1 1 1 - 0 0 0 1 0 1 0 1 0 0 0 0 1 0 1 1 1 0 0 0 - 0 0 0 1 - 0 - 0 1 1 - 1 1 1
  221.8      NODE_2494_PO _13127      0 0 1 0 1 0 0 1 0 0 0 1 0 1 0 0 1 1 1 1 0 1 1 1 0 1 1 0 1 1 0 0 - 0 - 0 1 1 0 0 0 1 0 0 0 0 0 1 1 0 1 1 1 1 1 1 1 0 - 0 0 1 0 0 1 0 1 1 1 0 0 0 0 1 0 0 0 1 1 1 1 1 0 0 0 1 0 1 0 1 0 0 0 0 1 0 0 1 1 0 0 0 - 0 0 0 1 0 0 - 0 1 1 - 1 1 1
  229.2      NODE_1060_PO _715        1 0 1 0 1 0 0 1 0 0 0 1 0 1 0 0 1 1 1 - 0 1 1 1 0 1 1 0 1 1 0 1 - 0 - 0 1 1 0 0 0 1 0 0 0 0 0 1 1 0 1 1 1 1 1 0 1 0 - 0 0 1 0 1 1 0 1 1 1 0 0 0 0 1 0 0 0 1 1 1 1 1 0 0 0 1 0 1 0 0 0 0 0 0 1 0 0 1 1 0 0 0 0 0 0 0 1 0 0 - 1 0 1 - 1 0 1
  231.0      NODE_4668_PO _8999       1 0 1 0 1 0 0 1 0 0 0 1 0 1 0 0 1 1 1 1 0 1 1 1 0 1 1 0 1 1 0 1 1 0 1 0 1 1 0 0 0 1 0 0 0 0 0 1 1 0 1 1 1 1 1 0 1 0 - 0 0 1 0 1 1 0 1 0 1 0 0 0 0 1 0 0 0 1 1 1 1 1 0 0 0 1 0 1 0 0 0 0 0 0 1 0 0 1 1 0 0 0 - 0 1 0 1 - 0 - 1 0 1 - 1 0 1
  231.9      NODE_5467_PO _5099       1 0 1 0 1 0 0 1 0 0 0 1 - 1 0 0 - 1 1 - 0 1 0 1 0 1 1 0 1 1 0 1 - 0 - 0 1 1 0 0 0 1 0 0 - 0 0 1 1 0 1 1 1 1 1 0 1 0 - 0 0 1 0 1 1 0 1 0 1 0 0 0 0 1 0 0 0 1 1 1 1 1 0 0 0 1 0 1 0 0 0 0 0 0 1 0 0 1 1 0 0 0 - 0 1 0 1 - 0 - 1 0 1 - 1 0 1
  232.9      NODE_1471_PO _10382      1 0 1 0 1 0 0 1 0 0 0 1 0 1 0 0 1 1 1 1 0 1 0 1 0 1 1 0 1 1 0 1 - 0 - 0 1 1 0 0 0 1 0 0 0 0 0 1 1 0 1 1 1 1 - 0 1 0 1 0 0 1 0 1 1 0 1 0 1 0 0 0 0 1 0 0 1 1 1 1 1 1 0 0 - 1 0 1 0 0 0 0 0 0 1 0 0 1 1 0 0 0 - 0 1 0 1 - 0 - - 0 1 - 1 0 1
  235.0      NODE_2991_PO _17692      1 0 1 0 1 0 0 1 0 0 0 1 - 1 0 0 - 1 1 - 0 1 0 1 0 1 1 0 1 1 0 - - 0 - 0 1 1 0 0 0 - 0 0 0 1 0 1 1 0 1 - 1 - - 0 1 - - - - 1 0 1 1 0 1 0 - 0 0 0 0 0 0 0 1 1 1 1 1 1 0 0 - 1 0 1 - 0 0 0 0 0 1 0 0 1 1 - 0 0 - 0 1 0 1 - 0 - - 0 1 - 1 0 1
  240.3      NODE_3494_PO _11510      1 0 0 1 1 0 0 1 0 0 0 1 0 1 0 0 - 1 1 1 0 1 0 1 0 1 1 0 1 1 1 1 - 0 - 0 1 0 0 0 0 1 0 0 0 1 0 1 1 0 1 1 1 1 1 0 1 0 - 0 0 1 0 1 1 0 1 0 1 0 0 0 0 0 0 1 1 1 1 1 1 1 0 0 - 1 0 1 0 0 0 0 0 0 1 0 0 1 1 0 0 0 - 0 1 0 1 - 0 - - 0 1 - 1 0 1
  241.3      NODE_1720_PO _23722      1 0 0 1 1 0 0 1 0 0 0 1 0 1 0 0 - 1 1 1 0 1 0 1 0 1 1 0 1 1 1 - - 0 - 0 1 0 0 0 0 1 0 0 0 1 0 1 1 0 1 1 1 1 1 0 1 0 - 0 0 1 0 1 0 0 1 0 1 0 0 0 0 0 0 1 1 1 1 1 1 1 0 0 - 1 0 1 0 0 0 0 0 0 1 0 0 1 1 0 0 0 - 0 1 0 1 0 0 - 1 0 1 - 1 0 1
  243.3      NODE_4920_PO _4193       1 0 0 1 1 0 0 1 0 0 0 1 - 1 0 0 1 1 1 - 0 1 0 1 0 1 1 0 1 1 1 1 - 0 - 0 - 0 0 0 0 1 0 0 - 1 0 0 1 0 1 1 1 1 1 0 - - - 0 0 1 0 1 0 0 1 - - 0 0 0 0 0 0 1 - 1 1 1 1 1 0 0 - 1 0 1 0 0 0 0 0 0 1 0 0 1 1 0 - 0 - 0 1 0 1 - 0 - 1 0 1 - 1 0 0
  246.4      NODE_3543_PO _15201      1 0 0 1 1 0 0 0 0 0 0 1 - 1 0 0 1 1 1 1 0 1 0 1 0 1 1 0 1 1 1 1 - 0 - 1 1 0 0 0 0 0 0 0 0 1 0 0 1 0 1 1 1 1 1 0 1 0 - 0 0 1 0 1 0 0 1 0 1 0 0 0 0 0 0 1 1 1 1 1 1 1 0 0 0 1 0 1 0 0 0 0 0 0 1 0 0 1 1 0 0 0 0 0 1 0 1 0 0 - 1 0 1 - 1 0 0
  247.3      NODE_5367_PO _9548       1 0 0 1 1 0 0 0 0 0 0 1 - 1 0 0 1 1 1 - 0 1 0 1 0 1 1 0 1 1 1 - - 0 - 1 1 0 0 0 0 0 0 0 0 1 0 0 1 0 1 1 1 1 1 0 1 - - - 0 1 0 1 0 0 1 0 1 0 0 0 0 0 0 1 1 1 1 1 1 1 0 0 - 1 0 0 0 0 0 0 0 0 1 0 0 1 1 0 0 0 - 0 1 0 1 0 0 - 1 0 1 - 1 0 0
  250.3      NODE_3314_PO _6588       1 0 0 1 1 0 0 0 0 0 0 1 0 1 0 0 - 1 1 - 1 1 0 1 0 1 1 0 1 1 1 1 - 0 - 1 - 0 0 0 0 0 1 0 - 1 0 0 1 0 1 0 1 1 1 0 1 0 - - 0 1 0 1 0 0 1 0 1 0 0 0 0 0 0 1 1 1 1 1 1 1 0 0 0 1 0 0 0 0 0 0 0 0 1 0 0 1 1 0 0 0 0 - 1 0 1 0 0 - 1 0 1 - 1 0 0
  253.2      NODE_5194_PO _657        1 0 0 1 1 0 0 0 0 0 0 1 0 1 0 0 1 1 1 - 1 1 0 1 0 1 1 0 1 1 1 1 - 0 - 1 1 - 0 0 0 0 1 0 0 1 0 0 1 0 1 0 0 1 1 0 0 0 - - 0 1 0 1 0 0 1 0 1 0 0 0 0 0 0 1 1 1 1 1 1 1 0 0 - 1 0 0 0 0 1 0 0 0 1 0 0 1 1 0 0 0 - 0 1 0 1 - 0 - 1 0 1 - 1 0 0
  255.1      NODE_1947_PO _10659      1 0 0 1 1 0 0 0 0 0 0 1 0 1 0 0 1 1 1 - 1 1 0 1 0 1 1 0 1 1 1 1 - 0 - 1 1 0 0 0 0 0 1 0 0 1 0 0 1 0 1 0 0 1 1 0 0 0 - 0 0 1 1 1 0 0 1 0 1 1 0 0 0 0 0 1 1 1 1 1 1 1 0 0 0 1 0 0 0 0 1 0 0 0 1 0 0 1 1 0 0 0 0 0 1 0 1 0 0 - 1 0 1 - 1 0 0
  260.7      NODE_1222_PO _36728      1 0 0 1 1 0 0 0 0 0 0 0 0 1 0 0 1 1 1 1 1 1 0 1 0 1 1 0 1 1 1 1 0 0 - 1 1 0 0 0 0 0 1 0 0 1 0 0 1 0 1 0 0 1 1 0 0 - - 0 0 1 1 1 0 0 1 0 1 1 0 0 0 0 0 1 1 1 1 1 1 1 0 0 0 1 0 0 1 1 1 0 0 0 1 0 0 1 1 1 0 1 - 0 1 0 1 1 0 - 1 0 1 - 1 0 0
  265.3      NODE_4985_PO _5614       1 0 0 1 1 0 0 0 0 1 0 0 0 1 0 0 1 1 1 - 1 1 0 1 0 1 1 0 1 0 1 1 - 0 - 1 1 0 0 0 0 0 1 0 0 1 0 0 1 0 1 0 0 1 1 0 0 0 - - 0 1 1 1 1 0 1 0 1 1 0 0 0 0 0 1 1 1 1 1 1 1 0 0 0 1 0 0 1 1 1 0 0 0 1 0 0 1 1 1 0 1 0 1 1 0 1 1 1 - 1 0 1 - 1 0 0
  268.1      NODE_10068_PO _4236      1 0 0 1 1 0 0 0 0 1 0 0 - 1 0 0 1 1 1 - 1 1 0 0 0 1 1 0 0 0 1 1 - 0 - 1 1 0 0 0 1 0 1 0 - 1 0 0 1 0 1 0 0 1 1 0 0 0 - 0 0 1 1 1 1 0 1 0 1 1 0 0 0 0 0 1 1 1 1 1 1 - 0 0 0 1 0 0 1 1 1 0 0 0 1 0 0 1 1 1 - 1 0 1 1 0 1 1 1 - 1 0 1 - 1 0 0
  271.0      NODE_4275_PO _1721       1 0 0 1 1 1 0 0 0 1 0 0 0 1 0 0 1 1 1 - 1 1 0 0 0 1 1 0 0 0 1 1 - 0 - 1 1 0 0 0 1 0 1 0 0 1 0 0 1 0 1 0 0 1 1 0 0 1 - 0 0 1 1 1 1 0 1 0 1 1 0 0 0 0 0 1 1 1 1 1 1 1 0 0 - 1 0 0 1 1 1 0 0 0 1 0 0 1 1 1 0 1 0 1 1 0 1 1 1 - 1 1 1 - 1 0 0
  272.8      NODE_130_PO _58659       1 0 0 1 1 1 0 0 0 1 0 0 - 1 0 0 1 1 1 - 1 1 0 0 0 1 1 0 0 0 1 1 0 0 - 1 1 0 0 0 1 0 1 0 0 1 0 0 1 0 1 0 0 1 1 0 0 1 - - 0 1 1 1 1 0 1 0 1 1 0 0 0 0 0 1 1 1 1 1 1 1 0 0 - 1 0 0 1 1 0 0 1 0 1 0 0 1 1 1 0 1 - 1 1 0 1 1 1 - 1 1 1 - 1 0 0
  276.6      NODE_516_PO _9917        1 0 0 1 1 1 0 0 0 1 0 0 0 1 0 0 - 1 1 1 1 1 0 0 0 1 1 0 0 0 1 1 - 0 - 1 1 0 0 0 1 0 1 0 0 1 0 0 1 0 1 0 0 1 1 0 0 1 - - 0 0 1 1 1 0 1 0 1 1 0 0 0 0 1 0 1 1 1 1 1 1 0 0 - 1 0 0 1 1 0 0 1 0 1 0 0 1 1 1 0 1 - 1 1 0 1 1 1 - 1 1 1 - 1 1 0
  281.4      NODE_4808_PO _2735       1 0 0 1 1 1 0 0 0 1 0 0 - 1 0 0 - 1 1 - 1 0 0 0 1 1 1 0 0 0 1 1 - 0 - 1 1 0 0 0 1 0 0 1 0 1 0 0 1 0 1 0 0 1 1 0 0 - 0 0 0 0 1 1 1 0 1 1 1 1 0 0 0 0 1 0 1 1 1 1 1 1 0 0 - 1 0 0 1 1 0 0 1 0 1 0 0 1 1 1 0 1 - 1 1 0 1 - 1 - 1 1 1 - 1 1 0
  282.4      NODE_4513_PO _3229       1 0 0 1 1 1 0 0 0 1 0 0 - 1 0 0 - 1 1 - 1 0 0 0 1 1 1 0 0 0 1 1 - 0 - 1 1 0 0 0 1 0 0 1 - 1 0 0 1 0 1 0 0 - - 0 0 - - 0 0 0 1 1 - 0 1 1 - 1 0 0 1 0 1 0 1 1 1 1 1 1 0 0 - 1 0 0 1 1 0 0 1 0 1 0 0 1 1 1 0 1 - 1 1 0 1 - 1 - 1 1 1 - 1 1 0
  284.4      NODE_1432_PO _10779      0 0 0 1 1 1 0 0 0 1 1 0 - 1 0 0 - 1 1 - 1 0 0 0 1 1 1 0 0 0 1 1 - 0 - 1 1 0 0 0 1 0 0 1 0 1 0 0 1 0 1 0 0 1 1 0 0 1 - - 0 0 1 1 1 0 1 1 1 1 0 0 1 0 1 0 1 1 1 1 1 1 0 0 - 1 0 0 1 1 0 0 1 0 1 0 0 1 1 1 0 1 - 1 1 0 1 1 1 - 1 1 1 - 1 1 0
  287.3      NODE_12120_PO _1241      0 0 0 1 1 1 0 0 0 1 1 0 0 1 0 0 1 1 1 1 1 0 0 0 1 1 1 0 0 0 1 1 - 0 - 1 1 0 0 1 1 0 0 1 0 1 0 0 1 0 1 0 0 1 1 0 0 1 - 0 1 0 1 1 1 0 1 1 1 1 0 0 1 0 1 0 1 1 1 1 1 - 0 0 - 1 0 0 1 1 0 0 1 0 1 0 0 1 1 1 1 1 - 1 1 0 1 - 1 - 1 1 1 - 1 1 0
  289.2      NODE_5868_PO _1665       0 0 0 1 1 1 0 0 0 1 1 0 - 1 0 0 - 1 1 - 1 0 0 0 1 1 1 0 0 0 1 1 - 0 - 1 1 0 0 1 1 0 0 1 0 1 1 0 1 0 1 0 0 1 1 0 0 - - 0 1 0 1 0 1 0 1 1 1 1 0 0 1 0 1 0 1 1 1 1 1 1 0 0 - 1 0 0 1 1 0 0 1 0 1 0 0 1 1 1 1 1 - 1 1 0 1 0 1 - 1 1 1 - 1 1 0
  294.1      NODE_2962_PO _15471      0 0 0 1 1 1 0 0 0 1 1 0 - 1 0 0 1 1 0 1 1 0 0 0 1 1 1 0 0 0 1 1 - 0 - 1 1 0 0 1 1 0 0 1 - 0 1 0 1 0 1 0 0 1 1 0 0 - 0 0 1 0 1 0 0 0 1 1 1 1 0 0 1 0 1 0 1 1 1 1 1 0 0 0 - 1 0 0 1 1 0 1 1 0 1 0 0 1 1 1 1 1 - 1 1 0 1 - 1 - 1 1 - - 1 1 0
  296.0      NODE_1120_PO _38709      0 0 0 1 1 1 0 0 0 1 1 0 - 1 0 0 1 1 0 - 1 0 0 1 1 1 1 0 0 0 1 1 0 0 - 1 1 0 0 1 1 0 0 1 0 0 1 0 1 0 1 0 0 1 1 0 0 1 - 0 1 0 1 0 0 0 1 1 1 1 0 0 1 0 1 0 1 1 1 1 1 0 0 0 - 1 0 0 1 1 0 1 1 0 1 0 0 1 1 0 1 1 - 1 1 0 1 0 1 - 1 1 1 - 1 1 0
  298.8      NODE_3688_PO _8660       0 0 0 1 1 1 0 0 0 0 1 0 0 1 0 0 1 1 0 1 1 0 0 1 1 1 1 0 0 0 1 1 - 0 - 1 1 0 0 1 1 0 0 1 0 0 1 0 1 0 1 0 0 1 1 0 0 1 0 1 1 0 1 0 0 0 1 1 1 1 0 0 1 0 1 0 1 1 1 1 1 0 0 0 0 1 0 0 1 1 0 1 1 0 1 0 0 1 1 0 1 1 0 1 0 0 1 0 1 - 1 1 1 - 1 1 0
  301.5      NODE_1813_PO _4620       0 0 0 1 1 1 0 0 0 0 1 0 0 1 0 0 - 1 0 1 1 0 1 1 1 1 1 0 0 0 1 1 - 0 - 1 1 0 0 1 1 0 0 1 0 0 1 0 1 1 1 0 0 1 1 0 0 1 - 1 1 0 1 0 0 0 1 1 1 1 0 0 1 0 1 0 1 1 1 1 1 0 0 0 1 1 0 0 1 1 0 1 1 0 1 0 0 1 1 0 1 1 0 1 0 0 1 - 1 - 1 1 1 - 1 1 0
  303.4      NODE_1813_PO _14667      0 0 0 1 1 1 0 0 0 0 1 0 0 1 0 0 - 1 0 - 1 0 1 1 1 1 1 0 0 0 1 1 0 0 - 1 1 0 0 1 1 0 0 1 - 0 1 0 1 1 1 0 0 1 1 0 0 1 - 1 1 0 1 0 0 0 1 1 1 1 0 0 1 0 1 0 1 1 1 1 1 0 0 0 0 1 0 0 1 1 0 1 1 0 1 0 0 1 1 0 1 1 1 1 0 0 1 - 1 - 1 1 1 - 1 1 0
  305.3      NODE_8677_PO _5972       0 0 0 1 1 1 0 1 0 0 1 0 - 1 0 0 - 1 0 - 1 0 1 1 1 1 1 0 0 0 1 1 - 0 - 1 1 0 0 1 1 0 0 1 0 0 1 0 1 1 1 0 0 1 1 0 0 - - 1 - 0 1 0 0 0 1 1 1 1 0 0 1 0 1 0 1 1 1 1 1 0 0 0 - 1 0 0 1 1 0 1 1 0 1 0 0 1 1 0 - 1 - 1 0 0 1 - 1 - 1 0 1 - 1 1 0
  307.5      NODE_1185_PO _28665      0 0 0 1 1 1 0 1 0 0 1 0 - 1 0 0 - 1 0 - 1 0 1 1 1 1 1 - 0 0 1 1 - 0 - - 1 - 0 1 1 0 0 1 0 0 - 0 1 1 1 0 0 - 1 0 1 1 - - 1 0 1 0 - 0 1 1 - 1 0 0 1 0 1 0 1 1 1 1 1 0 0 0 - 1 0 0 1 1 0 1 1 0 1 0 0 1 0 - - 1 - 1 - 0 1 0 1 - - 0 - - 1 1 0
  312.8      NODE_4493_PO _13427      0 0 0 1 1 1 0 1 0 0 1 0 0 1 0 0 - 1 0 - 1 0 1 1 1 1 1 0 0 0 1 0 - 0 - 1 1 0 1 1 1 1 0 1 0 0 1 1 1 1 1 0 0 1 1 0 1 1 - 1 1 0 1 0 0 0 1 1 1 1 1 0 1 0 1 0 1 1 1 1 1 0 0 0 - 1 0 0 1 1 0 1 1 0 1 0 0 1 0 0 1 1 - 1 0 0 1 0 1 - 1 0 1 - 1 1 0
  313.9      NODE_4493_PO _15483      0 - 0 1 1 1 0 1 0 0 1 0 - 1 0 0 - 1 0 - 1 0 1 1 1 1 1 0 0 0 1 0 - 0 - 1 1 - 1 1 1 1 0 1 - 0 1 1 1 1 1 0 0 1 1 0 1 1 - - - 0 1 0 - 0 1 1 - 1 1 0 1 1 1 0 1 1 1 1 1 0 0 0 0 1 0 0 1 1 0 1 1 0 1 0 0 1 0 0 1 1 - 1 0 0 1 - 1 - 1 0 1 - 1 1 0
  317.9      NODE_2447_PO _23799      0 0 0 1 1 1 0 1 1 0 0 0 0 1 0 0 - 1 0 - 1 0 1 1 1 1 1 0 0 0 1 0 - 0 - 0 1 0 1 1 1 1 0 1 0 0 1 1 1 1 1 0 0 1 1 0 1 - - 1 1 0 1 0 0 0 1 1 1 1 1 0 1 1 1 0 1 1 1 1 1 0 0 0 - 1 0 0 1 1 0 1 1 0 1 0 0 1 0 0 1 1 - 1 0 0 1 0 1 - 1 0 1 - 1 1 1
  319.9      NODE_1218_PO _2626       0 0 0 1 1 1 0 1 1 0 0 0 - 1 0 0 - 1 0 - 1 0 1 1 1 1 1 0 0 0 1 0 - - - 0 1 0 1 1 1 1 0 1 0 0 1 1 1 1 1 1 0 1 - 0 1 - - - 1 0 1 0 - 0 1 1 1 1 1 0 1 1 1 0 1 1 1 1 1 0 0 0 - 1 0 0 1 1 0 1 1 0 1 0 0 1 0 0 1 1 - 1 0 0 1 0 1 - 1 0 1 - 0 1 1
  322.8      NODE_3498_PO _14699      0 0 0 1 1 1 0 1 1 0 0 0 - 1 0 0 0 1 0 - 1 0 1 1 1 1 1 0 0 0 1 0 - 0 - 0 1 0 1 1 1 1 0 1 0 0 1 1 1 1 1 1 0 1 1 0 1 0 0 1 1 0 1 0 0 0 1 1 0 1 1 0 1 1 1 0 1 1 1 1 1 0 0 0 - 0 0 0 1 1 0 1 1 0 1 0 0 0 0 0 1 1 1 1 0 0 1 0 1 - 1 0 1 - 0 1 1
  325.7      NODE_847_PO _42861       0 0 0 1 1 1 0 1 1 0 0 0 0 1 0 0 - 1 0 - 1 0 1 1 1 1 1 0 0 0 1 0 - 0 - 0 1 0 1 1 1 1 1 1 0 0 1 1 1 1 1 1 0 1 1 0 1 0 - 1 1 0 0 0 0 0 1 1 0 1 1 0 1 1 1 0 1 1 1 1 1 0 0 0 0 0 0 0 1 1 0 1 1 0 1 0 0 0 0 0 1 0 - 1 0 0 1 0 1 - 1 0 1 - 0 1 1
  327.5      NODE_427_PO _5687        0 0 0 1 1 1 0 1 1 0 0 0 0 1 0 0 0 1 0 1 1 0 1 1 1 1 1 0 0 0 1 0 - 0 - 0 1 0 1 1 1 1 1 1 0 1 1 1 1 1 1 1 0 1 - 0 1 0 0 1 1 0 0 0 0 0 1 1 0 1 1 0 1 1 1 0 1 1 1 1 1 0 0 0 1 0 0 0 1 1 0 1 1 0 1 0 0 0 0 0 1 0 - 1 0 0 1 0 1 - 1 0 1 - 0 1 1
  329.4      NODE_427_PO _50178       0 0 0 1 1 1 0 1 1 0 0 0 - 1 0 0 - 1 0 - 1 0 1 1 1 1 1 0 0 0 1 0 - - - 0 1 1 1 1 1 1 1 1 0 1 1 1 1 1 1 1 0 1 1 0 1 0 - 1 1 0 0 0 0 0 1 1 - 1 1 0 1 1 1 0 1 1 1 1 1 0 0 0 - 0 0 0 1 1 0 1 1 0 1 0 0 0 0 0 0 0 - 1 0 0 1 - 1 - 1 0 1 - 0 1 1
  330.4      NODE_2289_PO _6202       0 0 0 1 1 1 0 1 1 0 0 0 0 1 0 0 - 1 0 1 1 0 1 1 1 1 1 0 0 0 1 0 - 0 - 0 1 1 1 1 1 1 1 1 0 1 1 1 1 1 1 1 0 1 1 0 1 - - 1 1 0 0 0 0 0 1 1 0 1 1 1 1 1 1 0 1 1 1 1 1 0 0 0 - 0 0 0 1 1 0 1 1 0 1 0 0 0 0 0 0 0 - 1 0 0 1 - 1 - 1 0 1 - 0 1 1
  333.3      NODE_6149_PO _10558      0 0 0 1 1 1 0 1 1 0 0 0 - 1 0 0 1 1 0 - 1 0 1 1 1 1 1 0 0 0 1 0 0 0 - 0 1 1 1 1 1 1 1 1 0 1 1 1 1 1 1 1 0 1 1 0 1 0 - 1 1 0 0 0 0 0 1 1 0 1 1 1 1 1 1 0 1 1 1 1 1 0 0 0 0 0 0 0 1 1 0 1 1 1 1 0 0 0 1 0 0 0 1 1 0 1 1 - 1 - 1 0 1 - 0 1 1
  341.0      NODE_3054_PO _11254      0 0 0 0 1 1 0 1 1 0 0 0 0 1 0 0 1 1 0 1 1 0 1 1 1 1 1 0 0 0 0 0 - 0 - 0 1 1 1 1 1 1 1 1 - 1 0 1 1 1 1 0 0 1 1 0 1 - - - 1 0 0 0 0 0 1 1 0 1 1 1 1 1 1 0 1 1 0 1 1 - 1 0 1 0 0 0 1 1 0 1 1 1 1 0 0 0 1 0 0 0 - 1 0 1 1 0 1 - 1 1 1 - 0 1 1
  345.7      NODE_1735_PO _28447      0 0 0 0 1 1 0 1 1 0 0 1 0 1 0 0 1 1 0 0 1 0 1 1 1 1 1 0 0 0 0 0 - 0 - 0 1 1 1 1 1 1 1 1 0 1 0 1 0 1 1 0 0 1 1 1 1 0 - - 1 0 0 0 0 0 1 1 0 1 1 1 1 1 1 0 1 1 0 1 1 0 1 0 1 0 0 0 1 1 0 1 1 1 1 0 1 0 1 0 0 0 - 1 0 1 1 0 1 - 1 1 1 - 0 1 1
  346.6      NODE_1203_PO _26486      0 0 0 0 1 1 0 1 1 0 0 1 0 1 0 0 1 1 0 - 1 0 1 1 1 1 1 0 0 0 0 0 - 0 - 0 1 1 1 1 0 1 1 1 - 1 0 1 0 1 1 0 0 1 1 1 1 0 - - 1 0 0 0 0 0 1 1 0 1 1 1 1 1 1 0 1 1 0 1 1 0 1 0 1 0 0 0 1 1 0 1 1 1 1 0 1 0 1 0 0 0 1 1 0 1 1 0 1 - 1 1 1 - 0 1 1
  355.0      NODE_1493_PO _11753      0 1 0 0 1 1 0 1 1 0 0 1 1 1 0 1 1 1 0 - 1 1 0 1 1 1 1 0 0 0 0 0 - 0 - 0 1 1 1 1 0 1 1 1 0 1 0 1 0 1 1 0 0 1 1 1 1 0 - - 0 0 0 0 0 0 1 1 0 0 1 1 1 1 1 0 1 1 0 1 1 0 1 0 1 0 0 1 1 1 0 1 1 1 1 0 1 0 1 0 0 0 - 1 0 1 1 1 1 - 1 1 1 - 0 1 1
  358.1      NODE_935_PO _16667       0 1 0 0 1 1 0 1 1 0 0 1 - 1 0 1 - 1 0 - 1 1 0 0 1 1 1 - 0 0 0 - - 0 - 0 - - 1 1 0 1 1 1 - 1 0 0 0 1 1 0 0 1 - 1 1 - - - 0 0 0 0 - 0 1 1 - 0 1 1 1 1 1 0 1 1 0 1 0 0 1 0 - 0 0 1 1 1 0 1 1 1 1 0 1 0 1 0 0 0 - 1 0 1 1 1 1 - 1 1 1 - 0 1 1
  359.2      NODE_935_PO _32629       0 1 0 0 0 1 0 1 1 0 0 1 0 1 0 1 1 1 0 - 1 1 0 0 1 1 1 0 0 0 0 0 - 0 0 0 1 - 1 1 0 1 1 1 - 1 0 0 0 1 1 0 0 1 - 1 - 0 - 0 0 0 0 0 0 0 1 1 - 0 1 1 1 1 1 0 1 1 0 1 0 0 1 0 - 0 0 1 1 1 0 1 1 1 1 0 1 0 1 0 0 0 - 1 0 1 1 1 1 - 1 1 1 - 0 1 1
  360.1      NODE_8134_PO _4408       0 1 0 0 0 1 0 1 1 0 0 1 - 1 0 1 - 1 0 - 1 1 0 0 1 1 1 0 0 0 0 0 - 0 - 0 1 1 1 1 0 1 1 1 0 1 0 0 0 1 1 0 0 1 1 1 1 0 - 0 0 0 0 0 0 0 1 1 0 0 1 1 1 0 1 0 1 1 0 1 0 0 1 0 - 0 0 1 1 1 0 1 1 1 1 0 1 0 1 0 0 0 - 1 0 1 1 1 1 - 1 1 1 - 0 1 1
  365.9      NODE_6714_PO _902        0 1 0 0 0 1 0 1 1 0 0 1 0 1 0 1 1 1 0 - 1 1 0 0 0 1 1 0 0 0 0 0 - 0 - 0 1 1 1 1 0 1 1 0 0 1 0 0 0 0 1 0 0 1 1 1 1 0 - 0 0 0 0 0 0 0 1 0 0 0 1 1 1 0 1 0 1 1 0 1 0 0 1 0 - 0 0 1 1 1 0 0 1 1 0 0 1 0 1 0 0 0 - 1 0 1 1 - 1 - - 1 1 - 0 1 1
  367.9      NODE_9463_PO _5196       0 1 0 0 0 1 0 1 1 0 0 1 0 1 0 1 - 1 0 - 1 1 0 0 0 1 1 0 0 0 0 0 - 0 - 0 1 - 1 1 0 0 1 0 - 1 0 0 0 0 1 - 0 - 1 1 1 - - - - 0 0 0 0 0 0 0 - 0 1 1 1 0 1 0 1 1 0 1 0 0 1 0 - 0 0 1 1 1 0 0 1 1 0 0 1 0 1 0 - 0 - 1 0 1 1 1 1 - - 1 1 - 0 1 1
