  0.0        NODE_8982_PO _5258       0 0 0 1 1 1 1 1 1 0 0 0 1 1 0 0 - 1 0 - 1 0 0 0 1 1 1 0 0 1 0 0 - 1 - 1 1 1 0 1 0 1 0 1 - 0 1 1 0 1 0 1 0 1 0 1 1 0 1 1 0 0 1 0 0 1 1 1 - 1 0 1 1 0 0 0 1 0 1 0 0 1 1 1 - 0 0 1 1 1 0 0 0 0 - 0 1 1 1 1 1 0 - 0 1 0 1 0 1 - - 0 1 - 0 0 0
  5.1        NODE_4292_PO _1341       0 0 0 1 1 1 1 1 1 0 0 0 - 0 0 0 - 1 0 - 1 0 0 0 1 1 1 0 0 1 0 0 - 1 - 1 - 0 0 1 0 1 0 1 0 0 1 1 0 1 0 0 0 1 0 1 1 - - - 0 0 1 0 0 1 1 1 - 1 0 1 1 0 0 0 1 1 1 0 0 1 0 1 - 0 0 1 1 1 0 0 0 0 0 0 1 1 1 1 - 0 - 0 1 0 1 0 1 - 0 0 - - 0 0 0
  7.1        NODE_3553_PO _16898      0 0 1 1 0 1 1 1 1 0 0 0 1 0 0 0 0 1 0 - 1 0 0 0 1 1 1 0 0 1 0 0 - 1 - 1 1 0 0 1 0 1 0 1 0 0 1 1 0 1 0 0 0 1 0 1 1 0 - 1 0 0 1 0 0 1 1 1 1 1 0 1 1 0 0 0 1 1 1 0 0 1 0 1 - 0 0 1 1 1 0 0 0 0 0 0 1 1 1 1 1 0 - 0 1 0 1 - 1 - 0 0 1 - 0 0 0
  12.1       NODE_1439_PO _16125      0 0 1 1 0 1 1 1 0 0 0 0 - 0 0 0 - 1 0 - 1 0 0 0 1 1 1 0 0 1 0 - - 1 - 1 1 1 0 1 0 - 0 0 0 0 1 1 0 1 0 0 0 1 0 1 0 - - 1 - 0 1 0 0 1 1 1 1 1 0 1 1 0 0 0 1 1 1 0 0 1 0 1 - 0 0 1 1 1 0 0 0 0 0 0 1 1 1 1 1 0 - 0 1 0 1 0 1 - - 0 0 - 0 0 0
  15.1       NODE_4867_PO _12974      0 0 1 1 0 1 1 1 0 0 0 0 - 0 0 0 - 1 1 - 1 0 0 0 1 1 1 0 0 1 0 0 - 1 - 1 1 1 0 1 0 1 0 0 0 0 1 1 0 1 0 0 0 1 0 1 0 - - - 0 0 1 0 0 1 1 1 1 1 0 0 1 0 0 0 1 1 1 0 0 1 0 1 - 0 0 1 1 1 1 0 0 0 0 0 1 1 1 1 - 0 - 0 1 0 1 0 1 - 0 0 0 - 0 0 0
  23.4       NODE_3523_PO _12240      0 0 1 1 0 1 1 1 0 0 0 0 - 0 1 0 - 1 1 - 0 0 0 0 1 1 1 0 0 1 0 - - 1 - 1 1 1 0 1 0 1 0 0 - 0 1 1 0 1 1 - 0 1 0 0 0 1 - 1 - 0 1 0 0 0 1 - 1 1 1 0 1 0 0 0 1 1 1 0 0 1 0 1 1 0 1 1 1 1 1 0 0 0 0 0 0 1 1 1 0 - - 0 1 0 1 - 1 - 0 0 0 - 0 0 0
  30.4       NODE_9348_PO _3468       1 0 1 1 0 1 1 1 0 0 0 0 - 0 1 0 0 1 1 - 0 0 0 0 1 1 1 0 0 0 0 0 - 1 - 1 1 1 1 1 0 1 0 0 0 0 1 1 0 1 1 0 0 1 0 0 0 1 - 1 0 0 1 1 0 0 1 1 1 1 1 0 1 0 0 0 1 1 1 0 0 1 0 1 1 0 1 1 1 1 1 0 0 0 0 0 0 0 0 1 0 0 1 0 1 0 1 0 1 - 0 1 0 - 0 0 0
  31.3       NODE_82_PO _28606        1 0 1 1 0 1 1 1 0 0 0 0 0 0 1 0 - 1 1 - 0 0 0 0 1 1 1 0 0 0 0 0 - 1 - 1 1 1 1 1 0 1 0 0 0 0 1 1 0 1 1 0 0 1 - 0 0 1 - 1 0 0 0 1 0 0 1 1 1 1 1 0 1 0 0 0 1 1 1 0 0 1 0 1 1 0 1 1 1 1 1 0 0 0 0 0 0 0 0 1 0 0 1 - 1 0 1 - 1 - - 1 0 - 0 0 0
  37.1       NODE_5541_PO _1631       1 0 1 1 0 0 1 1 0 0 0 0 0 0 1 1 - 1 1 - 0 0 0 0 1 1 1 0 0 0 0 0 0 1 - 0 1 1 1 1 0 1 0 0 0 0 1 1 0 1 1 0 0 1 0 0 0 1 - 1 0 0 0 1 1 0 1 0 1 1 1 0 1 0 0 0 1 1 0 0 0 1 0 1 - 0 1 1 1 1 1 0 0 0 0 0 0 0 0 1 0 0 - 0 1 0 1 - 1 - 1 1 0 - 0 0 0
  41.8       NODE_6391_PO _4590       1 0 1 1 0 0 1 1 0 0 0 0 - 0 1 1 0 1 1 0 0 0 0 0 1 0 1 0 0 0 0 0 - 1 - 0 1 1 1 1 0 1 0 0 0 0 1 1 0 1 1 0 0 1 0 0 0 1 - 1 0 1 0 1 1 1 1 0 1 1 1 1 1 0 0 0 1 1 0 0 0 1 0 1 - 0 1 1 1 1 1 0 0 0 0 0 0 0 0 1 0 0 - 0 1 0 0 0 1 - 1 1 0 - 0 0 0
  42.8       NODE_2071_PO _18246      1 0 1 1 0 0 1 1 0 0 0 0 0 0 1 1 0 1 1 0 0 0 0 0 1 0 1 0 0 0 1 0 - 1 - 0 1 1 1 1 0 1 0 0 0 0 1 1 0 1 1 0 0 1 0 0 0 - - 1 0 1 0 1 1 1 1 0 1 1 1 1 1 0 0 0 1 1 0 0 0 1 0 1 1 0 1 1 1 1 1 0 0 0 0 0 0 0 0 1 0 0 - 0 1 0 0 0 1 - 1 1 0 - 0 0 0
  45.6       NODE_956_PO _35634       1 0 1 1 0 0 1 1 0 0 0 0 0 0 1 1 - 1 1 - 0 0 0 0 1 0 1 0 0 0 1 0 - 1 - 0 1 0 1 1 0 1 0 0 0 0 0 1 0 1 1 0 0 1 0 0 0 1 - - 0 1 0 1 1 1 1 0 1 1 1 1 1 0 0 0 1 1 0 0 0 1 0 0 1 0 1 1 1 1 1 0 0 0 0 0 0 0 0 1 0 0 - 0 1 0 0 0 1 - 1 1 0 - 0 0 0
  50.4       NODE_375_PO _42931       1 0 1 1 0 0 1 1 0 0 0 0 - 0 1 1 - 1 1 - 0 0 0 0 1 0 1 1 0 0 1 0 - 1 - 0 1 0 1 1 0 1 0 0 - 0 0 1 0 1 1 0 0 1 1 1 0 1 - 1 0 1 0 1 1 1 1 0 1 1 1 1 1 0 0 0 1 1 0 0 0 1 0 0 - 0 1 1 1 1 0 0 0 0 0 0 0 0 0 1 1 0 - 0 1 0 0 - 1 - - 1 0 - 0 0 0
  56.3       NODE_32_PO _85259        1 0 1 1 0 0 1 1 0 0 0 1 0 0 0 1 0 1 1 - 0 0 0 0 1 0 0 1 0 0 1 0 - 1 - 0 1 0 1 1 0 1 0 0 0 0 0 1 0 1 1 0 0 1 1 1 0 - - 1 1 1 0 1 1 1 1 0 1 1 1 1 1 0 0 0 1 1 0 0 0 1 0 0 - 0 1 1 1 1 0 0 0 0 0 0 0 0 0 1 1 0 1 0 1 0 0 0 1 - - 1 1 - 0 0 1
  58.1       NODE_8358_PO _4883       1 0 1 1 0 0 1 1 0 0 0 1 - 0 0 1 0 1 1 0 0 0 0 0 1 0 0 1 0 0 1 0 - 1 - 0 1 0 1 1 0 1 0 0 0 0 0 1 0 1 1 0 0 1 1 1 0 1 - 1 1 1 0 1 1 1 1 1 1 1 1 1 1 0 0 0 1 1 0 0 0 1 0 0 1 0 1 1 1 0 0 0 0 0 0 0 0 0 0 1 1 0 1 0 1 0 0 0 1 - 1 1 1 - 0 0 1
  61.2       NODE_622_PO _11575       1 0 0 1 0 0 1 1 0 0 0 1 0 0 0 1 - 1 1 - 0 0 0 0 1 0 0 - 0 0 1 - - 1 - 0 1 0 1 1 0 1 0 0 0 0 0 - 0 1 1 - 0 - 1 1 0 - - 1 - 1 0 1 1 1 1 1 1 1 1 1 1 0 0 0 1 1 0 0 0 1 1 0 - 0 1 1 1 0 0 0 0 1 0 0 0 0 0 1 1 0 - 0 1 0 0 - 1 - - 1 1 - 0 0 1
  62.2       NODE_1182_PO _24607      1 0 0 1 0 0 1 1 0 0 0 1 0 0 0 1 0 1 1 - 0 0 0 0 1 0 0 1 0 0 1 0 - 1 - 0 1 0 1 1 0 1 0 0 0 0 0 1 0 1 1 0 0 1 - 1 0 - - 1 1 1 0 1 1 1 1 1 1 1 1 1 1 0 0 0 1 1 0 0 0 1 1 0 - 0 1 1 1 0 0 0 1 1 0 0 0 0 0 1 1 0 1 0 1 0 0 - 1 - 1 1 1 - 0 0 1
  64.1       NODE_2364_PO _3274       1 0 0 1 0 0 1 1 0 0 0 1 0 1 0 1 0 1 1 - 0 0 0 0 1 0 0 1 0 0 1 0 - 1 - 0 1 0 1 1 0 1 0 0 0 0 0 1 0 1 1 0 0 1 1 1 0 1 - 1 1 1 0 1 1 1 1 1 1 1 1 1 1 0 0 0 1 1 0 0 0 1 1 0 - 0 1 1 1 0 0 0 1 1 0 0 0 0 0 1 1 0 - 0 1 0 0 - 0 - 1 1 1 - 0 0 1
  68.7       NODE_134_PO _33257       1 0 0 1 0 0 0 1 0 0 0 1 0 1 0 1 0 1 1 1 1 0 0 0 1 0 0 1 0 0 1 0 1 1 - 0 1 0 1 0 0 1 0 0 0 0 0 1 0 1 1 0 0 1 1 1 0 1 0 1 1 1 0 1 1 1 1 1 1 1 1 1 1 0 0 0 0 1 0 0 0 1 1 0 1 0 1 1 1 0 0 0 1 1 0 0 0 0 0 1 1 0 - 0 1 0 0 0 0 - 1 1 1 - 1 0 1
  73.6       NODE_301_PO _40488       1 0 0 1 0 0 0 1 0 0 0 0 0 1 0 1 - 1 1 - 1 0 0 0 1 0 0 1 0 0 1 - - - - 0 1 0 1 0 0 1 0 0 - 1 0 1 0 1 0 0 0 1 1 1 0 1 - - 1 1 0 1 1 1 1 1 - 1 1 1 1 0 0 0 0 1 0 0 1 1 1 0 - 0 1 1 1 0 0 0 1 1 0 0 0 0 0 1 1 0 - 0 0 0 0 - 0 - 1 1 1 - 1 0 1
  75.6       NODE_2606_PO _2895       1 0 0 0 0 0 0 1 0 0 0 0 0 1 0 1 0 1 1 1 1 0 0 0 1 0 0 1 0 0 1 0 - 1 1 0 1 0 1 0 0 1 0 0 0 1 0 1 0 1 0 0 0 1 1 1 0 1 - - 1 1 0 1 1 1 1 1 1 0 1 1 1 0 0 0 0 1 0 0 1 1 1 0 - 0 1 1 1 0 0 0 1 1 0 0 0 0 0 1 1 0 1 0 0 0 0 0 0 - 1 1 1 - 1 0 1
  77.5       NODE_87_PO _42937        1 0 0 0 0 0 0 1 0 0 0 0 0 1 0 1 0 1 1 - 1 0 0 0 1 0 0 1 0 0 1 0 0 1 - 0 1 0 1 0 0 1 1 0 0 1 0 1 0 1 0 0 0 1 1 1 0 1 - 1 1 1 0 1 1 1 1 1 1 0 1 1 1 0 0 0 0 1 0 0 1 1 1 0 1 0 1 1 0 0 0 0 1 1 0 0 0 0 0 1 1 0 - 0 0 0 0 0 0 - 1 1 1 - 1 0 1
  80.3       NODE_426_PO _17813       1 0 0 0 0 0 0 1 0 0 0 0 0 1 0 0 - 1 1 - 1 0 0 1 1 0 0 1 0 0 1 0 - 1 - 0 1 0 1 0 0 1 1 0 0 1 0 1 0 1 0 0 0 1 1 0 0 1 - - 1 1 0 1 1 1 1 1 1 0 1 1 1 0 0 0 0 1 0 0 1 1 1 0 - 0 1 1 0 0 0 0 1 1 0 0 0 0 0 1 1 0 - 0 0 0 0 - 0 - 1 1 1 - 1 0 1
  81.2       NODE_195_PO _18170       1 1 0 0 0 0 0 1 0 0 0 0 0 1 0 0 0 1 1 - 1 0 0 1 1 0 0 1 0 0 1 0 - 1 - 0 1 0 1 0 0 1 1 0 0 1 0 1 0 1 0 0 0 1 1 0 0 - 0 0 1 1 0 1 1 1 1 1 1 0 1 1 1 0 0 0 0 1 0 0 1 1 1 0 - 0 1 1 0 0 0 0 1 1 0 0 0 0 0 1 1 0 - 0 0 0 0 0 0 - 1 1 1 - 1 0 1
  82.2       NODE_195_PO _51989       1 1 0 0 0 0 0 1 0 0 0 0 - 1 0 0 0 1 1 - 1 0 0 1 1 0 0 1 0 0 1 0 - 1 - 0 1 0 1 0 0 1 1 0 0 1 0 1 0 1 0 0 0 1 1 0 0 - 0 - 1 1 0 1 1 1 1 1 1 0 1 1 1 0 0 0 0 0 0 0 1 1 1 0 - 0 1 1 0 0 0 0 1 1 0 0 0 0 0 1 1 0 - 0 0 0 0 0 0 - 1 1 1 - 1 0 1
  85.0       NODE_1520_PO _12518      1 1 0 0 0 0 0 1 0 0 0 0 0 1 0 0 0 1 1 1 1 0 0 1 1 0 1 1 0 0 1 0 - 1 - 0 1 0 1 0 0 1 1 0 0 1 0 0 0 1 0 0 0 1 1 0 0 1 0 - 1 0 0 1 1 1 1 1 1 0 1 1 1 0 0 0 0 0 0 0 1 1 1 0 - 0 1 1 0 0 0 0 1 1 0 0 0 0 0 1 1 0 - 0 0 0 0 0 0 - 1 1 1 - 1 0 1
  92.6       NODE_4008_PO _4643       1 1 0 0 0 0 0 1 0 0 0 0 0 1 0 0 1 1 0 - 1 0 0 1 0 0 1 1 0 0 1 - 1 1 - 0 1 0 1 0 0 1 1 0 1 1 0 0 0 1 0 0 0 1 1 1 0 1 - 0 1 0 0 1 1 1 1 1 1 0 1 1 1 0 0 0 0 0 0 0 1 1 1 0 - 0 1 0 0 0 0 0 1 1 1 0 0 0 1 - 1 0 - 0 0 0 0 0 0 - 1 1 1 - 1 0 1
  94.7       NODE_8158_PO _6994       0 1 0 0 0 0 0 1 0 0 0 0 - 1 0 0 - 1 0 - 1 0 0 1 0 0 1 1 0 0 1 - - - - 0 1 - 1 0 0 1 1 0 1 1 0 0 0 1 0 - 0 - - 1 0 - - - - 0 0 1 - 1 1 1 1 0 0 1 1 0 0 0 0 0 0 0 1 1 1 0 - 0 1 0 0 0 0 0 1 1 - 0 0 0 1 1 1 0 - 0 0 0 0 0 0 - - 1 - - 1 0 1
  96.9       NODE_4747_PO _8323       0 1 0 0 0 0 0 1 0 0 0 0 0 1 0 0 1 1 0 - 1 0 0 1 0 0 1 1 0 0 1 0 - 1 - 0 1 0 1 1 0 1 1 1 1 1 0 0 0 1 0 0 0 0 1 1 0 1 - 0 1 0 0 1 1 1 1 1 1 0 0 1 1 0 0 0 0 0 0 0 1 1 1 0 - 0 1 0 0 0 0 0 1 1 1 0 0 0 1 1 1 0 - 0 0 0 0 - 0 - 1 1 1 - 1 0 1
  97.8       NODE_331_PO _9872        0 1 0 0 0 0 0 1 0 0 0 0 0 1 0 0 - 1 0 1 1 0 0 1 0 0 1 1 0 0 1 0 - 1 - 1 1 0 1 1 0 1 1 1 1 1 0 0 0 1 0 0 0 0 1 1 0 - - - 1 0 0 1 1 1 1 1 1 0 0 1 1 0 0 0 0 0 0 0 1 1 1 0 - 0 1 0 0 0 0 0 1 1 1 0 0 0 1 1 - 0 - 0 0 0 0 - 0 - 1 1 1 - 1 0 1
  100.7      NODE_1718_PO _880        0 1 0 0 0 0 0 1 0 0 0 0 0 1 0 0 1 1 0 - 1 0 0 1 0 0 1 1 0 0 1 0 - 1 - 1 1 0 1 1 0 1 1 1 1 1 0 0 0 1 0 0 0 0 1 1 0 1 - 0 1 0 0 1 1 0 1 1 1 0 0 1 1 0 0 0 0 0 0 0 1 1 1 0 - 0 0 0 0 0 0 1 1 1 1 0 0 0 1 1 0 0 - 0 0 0 0 0 0 - 1 1 1 - 1 0 1
  104.5      NODE_3854_PO _3692       0 1 0 0 0 0 0 1 0 0 0 0 0 1 0 0 - 0 0 - 1 0 0 1 0 0 1 1 0 0 1 0 - 1 - 1 0 0 1 1 0 1 1 1 1 1 0 0 0 1 0 0 0 0 1 1 0 1 - - 1 0 0 1 1 0 1 1 1 0 0 1 1 0 0 0 0 0 0 0 1 1 1 1 - 0 0 0 0 0 0 1 0 1 1 0 0 0 1 1 - 0 - 0 0 0 0 0 0 - 1 1 1 - 1 0 1
  106.4      NODE_2535_PO _19106      0 1 0 0 0 0 0 1 0 0 0 0 1 1 0 0 1 0 0 - 1 0 0 1 0 0 1 1 0 0 1 - - 1 - 1 0 0 1 1 0 1 1 1 1 1 0 0 0 1 0 0 0 0 1 1 0 - - 0 1 0 0 1 1 0 1 1 1 0 0 1 1 0 0 0 0 0 0 0 1 1 1 1 - 0 0 0 0 0 0 1 0 1 1 0 0 0 1 1 0 0 - 0 0 0 0 0 0 - - 1 1 - 0 0 1
  111.5      NODE_2343_PO _23443      0 1 0 0 0 0 0 1 0 0 0 0 1 1 0 0 - 0 0 - 1 0 0 1 0 0 1 - 0 0 1 - - - - 1 0 0 1 1 0 1 0 1 1 1 1 0 0 1 0 0 0 0 - 1 0 - - - 1 0 0 1 1 0 1 1 - 0 0 1 1 0 0 0 1 0 0 0 1 1 0 1 - 0 0 0 1 0 0 1 0 1 1 0 0 0 1 1 0 0 - 0 0 0 0 - 0 - 0 1 1 - 0 0 1
  116.5      NODE_2333_PO _14817      0 1 0 0 0 0 0 1 0 0 0 0 1 1 0 0 - 0 1 - 1 0 0 1 0 0 1 1 0 0 1 0 0 0 - 1 0 0 1 1 0 1 0 1 1 1 1 0 0 1 0 0 0 0 0 1 0 - - 0 1 0 0 1 0 0 1 0 1 0 0 1 1 0 0 0 1 0 0 0 1 1 0 1 - 0 0 0 1 0 1 1 0 1 1 0 0 1 1 1 0 0 - 0 0 0 0 0 0 - 0 1 1 - 0 0 1
  120.3      NODE_1792_PO _7221       0 1 0 0 0 0 0 0 0 0 0 0 1 1 0 0 - 0 1 - 1 0 0 1 0 0 1 1 0 0 1 0 - 0 - 1 0 0 1 1 1 1 0 1 1 1 1 0 0 1 0 0 0 0 0 1 0 - - - 1 0 1 1 0 0 1 0 1 0 0 1 1 0 0 0 1 0 0 0 1 1 0 1 1 1 0 0 1 0 1 1 0 1 1 0 0 1 1 1 0 0 - 0 0 0 0 0 0 - 0 1 1 - 0 0 1
  121.2      NODE_2130_PO _22202      0 1 0 0 0 0 0 0 0 0 0 0 1 1 0 0 1 0 1 1 1 0 0 1 0 0 1 1 0 0 1 0 - 0 - 1 0 0 1 1 1 1 0 1 1 1 1 0 0 1 0 0 0 0 0 1 0 - - 0 1 0 1 1 0 0 1 0 1 0 0 1 1 0 0 0 1 0 0 0 1 1 0 1 - 1 0 0 1 0 1 1 0 0 1 0 0 1 1 1 0 0 - 0 0 0 0 0 0 - 0 1 1 - 0 0 1
  123.1      NODE_2130_PO _2563       0 1 0 0 0 0 0 0 0 0 0 0 - 1 0 0 1 0 1 - 1 0 0 1 0 0 1 1 1 0 1 0 - 0 - 1 0 0 1 1 1 1 0 1 1 1 1 0 0 1 0 0 0 0 0 1 0 1 - 0 1 0 1 1 0 0 1 0 1 0 0 1 1 0 0 0 0 0 0 0 1 1 0 1 - 1 0 0 1 0 1 1 0 0 1 0 0 1 1 1 0 0 - 0 0 0 0 0 0 - 0 1 1 - 0 0 1
  128.8      NODE_664_PO _23708       0 1 0 0 0 0 0 0 0 0 0 0 1 1 0 1 - 0 1 - 1 0 1 1 0 0 1 1 1 0 1 0 - 0 - 1 0 0 1 1 1 1 0 1 1 1 1 0 0 1 0 0 0 0 0 1 0 - - - 0 0 1 1 0 0 1 0 1 0 0 1 1 0 0 0 0 0 0 0 0 0 0 1 - 1 0 0 1 0 1 1 0 0 1 0 0 1 1 1 0 0 - 0 0 0 0 0 0 - 0 1 1 - 0 1 1
