  0.0        NODE_6164_PO _2924      0 0 1 1 1 0 1 0 0 0 1 1 - 0 0 1 - 1 1 - 0 0 0 1 1 1 1 - 1 1 0 0 - 0 - 1 0 1 0 1 1 1 0 0 0 1 1 0 0 0 0 1 0 1 - 0 - - - - - 1 0 0 0 1 1 0 - 1 1 0 1 1 0 1 0 0 0 0 1 1 1 0 - 0 0 1 1 1 1 0 0 1 0 0 0 0 1 1 - 0 - 0 1 0 1 1 0 - - 0 1 - 1 1 0
  2.0        NODE_6604_PO _919       0 0 1 1 1 0 1 0 0 0 1 1 0 0 0 1 0 1 1 - 0 0 0 1 1 1 1 1 1 1 0 0 - 1 - 1 0 1 0 1 1 1 0 0 0 1 1 0 0 0 0 1 0 1 0 0 0 - - 0 1 1 0 0 0 1 1 0 0 1 1 0 1 1 0 1 0 0 0 0 1 1 1 0 - 0 0 1 1 1 1 0 0 1 0 0 0 1 1 1 0 0 - 0 1 0 1 1 0 - 1 0 1 - 1 1 0
  4.9        NODE_1752_PO _25936     0 0 1 1 1 0 1 0 0 0 1 1 0 0 0 1 0 0 1 - 0 0 0 1 1 1 1 1 1 1 0 1 - 1 - 1 0 - 0 1 1 1 0 0 - 1 1 0 0 0 0 1 0 1 - 0 0 1 0 0 1 0 0 0 0 1 1 0 0 1 1 0 1 1 0 1 0 0 0 0 1 1 1 0 - 0 0 1 1 1 1 0 0 1 0 0 0 1 1 1 - 0 - 0 1 0 1 1 0 - 1 0 1 - 1 1 0
  5.9        NODE_654_PO _38291      0 0 1 1 1 0 1 0 0 0 1 1 0 0 0 1 - 0 1 - 0 0 0 1 1 1 1 1 1 1 0 1 - 1 - 1 0 1 0 1 1 1 0 0 0 1 0 0 0 0 0 1 0 1 0 0 0 1 - 0 1 0 0 0 0 1 1 0 0 1 1 0 1 1 0 1 0 0 0 0 1 1 1 0 1 0 0 1 1 1 1 0 0 1 0 0 0 1 1 1 0 0 - 0 1 0 1 1 0 - 1 0 1 - 1 1 0
  12.7       NODE_879_PO _18801      0 0 0 1 1 0 1 0 0 0 1 1 1 0 0 1 0 0 1 - 0 0 0 1 1 1 1 1 0 1 0 - - 1 - 1 0 1 0 1 1 1 0 0 0 1 0 0 0 0 0 - 0 1 0 0 0 0 - - 1 0 0 0 0 0 1 0 0 1 1 0 1 1 0 1 0 0 0 0 1 1 0 0 - 0 0 1 1 1 1 0 0 1 0 0 0 1 0 1 0 0 1 0 1 0 1 1 0 - - 0 1 - 1 1 0
  15.8       NODE_387_PO _2901       0 0 0 0 1 0 1 0 0 0 1 1 - 0 0 1 - 0 1 - 0 0 0 1 1 1 1 1 0 1 0 1 - 1 - 1 - 1 0 1 1 - 0 0 0 1 0 0 0 0 0 1 0 - - 0 0 - - - - 0 0 0 - 0 1 0 - 1 1 0 1 0 0 0 0 0 0 0 1 - 0 0 - 0 0 1 1 1 1 0 0 1 0 0 0 1 0 1 0 0 - 0 1 0 1 1 0 - - 0 1 - 1 1 0
  16.9       NODE_2941_PO _1428      0 0 0 0 1 0 1 0 0 0 1 1 - 0 0 1 - 0 1 0 0 0 0 1 1 1 1 1 0 1 0 1 - 1 - 1 0 1 0 1 1 1 0 0 0 1 0 0 0 0 0 1 0 1 0 0 0 0 - 0 1 0 0 0 0 0 1 0 0 1 1 0 1 0 0 0 0 0 0 0 1 1 0 0 - 0 0 1 1 1 1 0 1 1 0 0 0 1 0 1 0 0 1 0 1 0 1 1 0 - 1 0 1 - 1 1 0
  20.6       NODE_6879_PO _1452      0 0 0 0 1 0 1 0 0 0 1 1 1 0 0 1 0 0 1 0 0 0 0 1 1 1 1 1 0 1 0 1 - 1 - 1 0 - 0 1 1 1 0 0 0 1 0 0 0 0 0 1 0 1 1 0 0 0 - 0 1 0 1 0 0 0 1 0 0 1 1 0 1 0 0 0 0 0 0 0 1 1 0 0 - 0 1 1 1 1 1 0 1 1 0 0 0 1 0 1 0 0 1 1 1 0 1 - 0 - 1 0 1 - 1 1 0
  22.7       NODE_1831_PO _1321      0 0 0 0 1 0 1 1 0 0 1 1 - 0 0 1 - 0 1 - 0 0 0 1 1 1 1 1 0 1 0 - - 1 - 1 0 1 0 1 1 1 0 0 - 1 0 0 0 0 0 1 0 1 - 0 0 - - - 1 0 1 0 0 0 1 0 0 1 1 0 1 0 0 0 0 0 0 0 0 1 0 0 - 0 1 1 1 1 1 0 1 1 0 0 0 1 0 1 - 0 - 1 1 0 1 - 0 - - 0 1 - 1 1 0
  29.8       NODE_8539_PO _3624      0 0 0 0 1 0 1 1 0 0 1 1 - 0 0 1 0 0 1 1 0 0 0 1 1 1 1 1 0 1 0 1 - 1 - 1 0 1 1 1 0 1 0 0 0 1 0 1 0 0 1 1 0 1 1 0 0 0 - 0 1 0 1 0 0 0 1 0 0 1 1 0 1 0 0 0 0 0 0 0 0 1 0 0 0 0 1 1 1 1 1 1 1 1 0 0 1 1 0 1 0 0 - 1 1 0 1 0 0 - 1 0 1 - 1 0 0
  30.7       NODE_177_PO _846        0 0 0 0 0 0 1 1 0 0 1 1 - 0 0 1 0 0 1 - 0 0 0 1 1 1 1 1 0 1 0 1 - 1 - 1 0 1 1 1 0 1 0 0 0 1 0 - 0 0 1 1 0 1 1 0 0 - - 0 - 0 1 0 0 0 1 0 0 1 1 0 1 0 0 0 0 0 0 0 0 1 0 0 0 0 1 1 1 1 1 1 1 1 0 0 1 1 0 1 - 0 - 1 1 0 1 0 0 - - 0 1 - 1 0 0
  33.8       NODE_3814_PO _3504      0 0 0 0 0 0 1 1 0 0 1 1 1 0 0 1 0 0 0 - 0 0 0 1 1 1 1 1 0 1 0 1 - - - 1 0 1 1 1 0 1 0 0 0 1 0 1 0 0 1 1 0 - - 0 0 - - - - 0 1 0 0 0 1 0 - 1 1 0 1 0 0 0 0 0 1 0 0 - 0 0 - 0 1 1 1 1 1 1 1 1 0 0 1 1 0 1 1 0 - 1 1 0 0 0 0 - 1 0 1 - 1 0 0
  39.0       NODE_874_PO _42160      0 0 0 0 0 0 1 1 0 0 1 1 0 0 0 0 - 0 0 - 1 0 0 1 1 1 1 0 0 1 0 1 - 1 0 1 0 1 1 1 0 1 0 1 0 1 0 1 0 0 1 1 0 1 1 0 0 0 - 0 0 0 1 0 0 0 1 0 0 1 1 0 1 0 0 0 0 0 1 0 0 0 0 0 0 0 1 1 1 1 1 1 1 1 0 0 1 1 0 1 1 0 - 1 1 0 0 - 0 - - 0 1 - 1 0 0
  40.9       NODE_696_PO _17136      0 0 0 0 0 0 1 1 0 0 1 1 - 0 1 0 0 0 0 1 1 0 0 1 1 1 1 0 0 0 0 1 - 1 - 1 0 1 - 1 0 1 0 1 0 1 0 1 0 0 1 1 0 1 1 0 0 - - - 0 0 1 0 0 0 1 0 0 1 1 0 1 0 0 0 0 0 1 0 0 0 0 0 0 0 1 1 1 1 1 1 1 1 0 - 1 1 0 1 - 0 1 1 1 0 0 0 0 - 1 0 1 - 1 0 0
  47.8       NODE_4063_PO _7934      0 0 0 0 0 0 1 1 0 0 1 1 - 0 1 0 - 0 0 - 1 0 0 1 1 1 1 0 0 0 0 1 - 1 0 1 1 0 1 1 0 1 1 1 0 1 0 1 0 0 1 0 0 1 1 0 1 0 - 0 0 0 1 0 0 0 1 0 0 1 1 0 1 0 0 0 0 0 1 0 0 0 0 0 0 0 1 1 1 1 1 1 1 0 1 0 1 1 0 1 1 0 - 1 1 0 0 0 0 - 1 0 1 - 1 0 0
  49.7       NODE_1345_PO _3101      0 0 0 0 0 0 1 1 0 0 1 1 - 0 1 0 0 0 0 - 1 0 0 1 1 1 1 0 0 0 0 1 - 1 - 0 1 0 1 1 0 1 1 1 0 1 0 1 0 0 1 0 0 1 1 0 1 0 - 0 0 0 1 0 0 0 1 0 0 1 1 0 0 0 0 0 0 0 1 0 0 0 0 0 0 0 1 1 1 1 1 1 1 0 1 0 1 1 0 1 1 0 - 1 1 0 0 - 0 - - 0 1 - 1 0 0
  50.6       NODE_1345_PO _8597      0 0 0 0 0 0 1 1 0 0 1 1 1 0 1 0 0 0 0 - 1 0 0 1 1 1 1 0 0 0 0 1 - 1 - 0 1 0 1 1 0 1 1 1 0 1 0 1 0 0 1 0 0 1 - 0 1 0 - - 0 0 1 0 0 0 1 0 0 1 1 0 0 1 0 0 0 0 1 0 0 0 0 0 - 0 1 1 1 1 1 1 1 0 1 - 1 1 0 1 - 0 - 1 1 0 0 0 0 - 1 0 1 - 1 0 0
  51.6       NODE_4308_PO _15197     0 0 0 0 0 0 1 1 0 0 1 1 1 0 1 0 - 0 0 - 1 0 0 1 1 1 1 0 0 0 0 1 - 1 - 0 1 0 1 0 0 1 1 1 0 1 0 1 0 0 1 0 0 1 1 0 1 0 - 0 0 0 1 0 0 0 1 0 0 1 1 0 0 1 0 0 0 0 1 0 0 0 0 0 0 0 1 1 1 1 1 1 1 0 1 0 1 1 0 1 1 0 - 1 1 0 0 0 0 - 1 0 1 - 1 0 0
  57.1       NODE_2849_PO _11948     0 1 0 1 0 0 1 1 0 1 0 1 1 0 1 0 0 0 0 1 1 0 0 1 1 1 1 0 0 0 0 1 0 1 0 0 1 0 1 0 0 1 1 1 0 1 0 1 0 0 1 0 0 1 1 1 1 0 - 0 0 0 1 0 0 0 1 0 0 1 1 0 0 1 0 0 0 0 1 0 0 0 0 0 0 0 1 1 1 1 1 0 1 0 1 0 1 1 0 1 1 0 - 1 1 0 0 0 0 - 1 0 1 - 1 0 0
  64.4       NODE_6069_PO _2596      1 1 0 1 0 0 1 1 1 1 0 0 - 0 1 0 1 0 0 1 1 0 1 1 1 1 1 0 0 0 0 1 - 1 - 0 1 0 1 0 0 1 1 1 0 1 1 1 0 0 1 0 0 1 1 1 1 0 - 0 0 0 1 0 0 1 1 0 0 1 1 0 0 1 0 0 0 0 1 0 0 0 0 0 0 0 1 1 0 1 1 0 1 0 1 0 1 1 0 1 1 0 - 1 1 0 0 0 0 - 1 0 1 - 1 0 0
  67.3       NODE_8769_PO _6041      1 1 0 1 0 0 1 1 1 1 0 0 0 0 1 0 1 0 0 - 1 0 1 1 1 1 1 0 0 0 0 1 - 1 - 0 1 0 1 0 0 1 1 0 - 1 1 1 0 0 1 - 0 0 1 1 1 0 - 0 0 0 1 0 0 1 1 0 0 1 1 0 0 1 0 0 0 0 1 0 0 0 0 0 - 0 1 1 0 1 1 0 1 0 1 1 1 1 0 1 - 0 - 1 1 0 0 - 0 - 1 0 1 - 1 0 0
  69.3       NODE_5199_PO _6700      1 1 0 1 0 0 1 1 1 1 0 0 - 0 1 0 - 0 0 - 1 0 1 1 1 1 1 0 0 0 0 1 - 1 - 0 1 0 1 0 0 1 1 0 0 0 1 1 0 0 1 0 0 0 0 1 1 0 0 0 0 0 1 0 0 1 1 0 0 1 1 0 0 1 0 0 0 0 1 0 0 0 0 0 - 0 1 1 0 1 1 0 1 0 1 1 1 1 0 1 1 0 - 1 1 0 0 0 0 - 1 0 1 - 1 0 0
  72.1       NODE_5445_PO _10940     1 1 0 1 0 0 1 1 1 1 0 0 0 0 1 0 - 0 0 - 1 0 1 1 1 1 1 0 0 0 0 1 - 1 - 0 1 0 1 0 0 1 1 0 0 0 1 1 0 0 0 0 0 0 0 1 1 - - 0 0 0 0 0 0 1 1 0 0 1 1 0 0 1 0 0 0 0 1 0 0 0 0 0 - 0 1 1 0 1 1 0 1 0 1 1 1 1 0 1 1 0 - 1 1 0 0 1 0 - 1 0 1 - 1 0 0
  80.8       NODE_6230_PO _4541      1 1 0 0 0 0 0 1 1 1 0 0 - 0 1 0 1 0 1 - 1 0 1 1 0 1 1 0 1 0 0 1 - 1 - 0 1 0 1 0 0 1 0 0 0 0 1 1 0 0 0 0 0 0 0 1 0 0 - - 0 0 0 0 0 1 1 0 1 1 1 0 0 1 0 0 0 0 1 0 0 0 0 0 1 0 1 1 0 1 1 0 1 0 1 1 1 1 0 1 1 0 - 1 1 0 0 - 0 - 1 1 1 - 1 0 0
  82.7       NODE_4818_PO _13889     1 1 0 0 0 0 0 1 1 1 0 0 0 0 1 1 - 0 1 - 1 0 1 1 0 1 1 0 1 0 0 1 - 1 - 0 1 0 1 0 0 1 0 0 0 0 1 1 0 0 0 0 0 0 0 1 0 0 0 0 0 0 0 0 0 1 1 0 1 1 1 0 0 1 0 0 0 0 1 0 0 0 0 0 1 0 1 1 0 1 1 0 1 0 1 1 1 1 0 1 1 0 1 1 1 0 0 1 0 - 1 1 1 - 0 0 0
  91.9       NODE_1344_PO _15326     1 1 - 0 0 0 0 1 1 1 0 0 0 0 1 1 - 0 1 - 1 1 1 0 0 1 1 0 1 0 1 - - 1 - 0 1 - 1 0 0 1 0 0 0 0 0 1 0 0 0 - 0 0 - 1 0 - - - 1 0 0 0 0 1 1 0 - 1 1 1 1 1 0 0 0 0 0 0 0 0 0 0 - 0 1 1 0 1 1 0 1 0 1 1 0 1 0 1 - 0 - 1 1 0 0 1 0 - 1 1 1 - 0 0 0
  97.4       NODE_7009_PO _3657      1 1 0 0 0 0 0 1 1 1 0 0 - 0 1 1 1 0 1 - 1 1 1 0 0 1 1 0 1 0 1 - - 1 - 0 1 0 - 0 1 1 0 0 - 0 0 1 0 0 0 0 0 - - 0 0 0 - - 1 1 0 0 0 1 1 0 1 1 1 1 1 1 0 0 - 0 0 1 0 0 0 0 - 0 1 1 0 1 1 0 1 0 1 1 0 1 0 1 - 0 - 1 1 0 0 - 0 - - 1 1 - 0 0 1
  102.7      NODE_4965_PO _9624      1 1 0 0 0 0 0 1 1 1 0 0 - 0 1 1 - 0 1 - 1 1 0 0 0 1 1 0 1 0 1 1 - 1 - 0 1 0 0 0 1 1 0 0 0 0 0 1 0 0 0 - 0 0 0 0 0 1 - - - 1 0 0 0 1 1 0 - 1 1 1 1 1 0 0 0 0 0 1 0 0 0 1 - 0 1 1 0 1 1 0 1 0 1 1 0 1 0 0 1 0 - 1 1 1 0 1 0 - - 1 1 - 0 0 1
  103.7      NODE_285_PO _40999      1 1 0 0 0 0 0 1 1 1 0 0 - 0 1 1 1 0 1 - 1 1 0 0 0 0 1 0 1 0 1 1 0 1 - 0 1 0 0 0 1 1 0 0 0 0 0 1 0 0 0 0 0 0 0 0 0 1 0 0 1 1 0 0 0 1 1 0 1 1 1 1 1 1 0 0 0 0 0 1 0 0 0 1 - 0 1 1 0 1 1 0 1 0 1 1 0 1 0 0 1 0 - 1 1 1 0 1 0 - 1 1 1 - 0 0 1
