  0.0        NODE_11367_PO _2599      1 0 1 0 0 1 0 0 1 1 0 0 - 1 1 0 - 1 1 - 1 1 1 1 1 1 1 0 0 1 1 0 - 1 - 0 0 - 1 0 1 0 0 1 - 0 1 1 1 0 0 0 0 1 - 0 - 0 - - 1 0 0 1 1 0 1 1 1 1 1 1 0 1 1 0 1 0 1 0 0 1 0 1 0 1 0 1 1 0 1 0 0 1 0 0 0 1 0 0 1 0 - 1 0 0 1 0 1 - 1 1 0 - 0 1 0
  3.0        NODE_585_PO _9683        1 0 1 0 0 1 0 0 1 1 0 0 - 0 1 0 - 1 1 - 1 1 1 1 1 1 1 0 0 1 1 - - 1 - 0 0 - 1 0 1 0 0 1 0 0 1 1 1 0 0 0 0 1 - 0 1 - - 1 1 0 0 1 1 0 1 1 1 1 1 1 0 1 1 0 1 0 1 0 1 1 0 1 0 1 0 1 1 0 1 0 0 1 0 0 0 1 0 0 - 0 - 0 0 0 1 0 1 - - 1 0 - 0 1 0
  4.1        NODE_4950_PO _709        1 0 1 0 0 1 0 0 1 1 0 0 - 0 1 0 - 1 1 - 1 1 1 1 1 1 1 - 0 1 1 0 - 1 - 0 0 1 1 0 1 0 0 1 - 0 0 1 1 0 0 0 0 1 - 0 1 - - - 1 0 0 1 1 0 1 1 1 1 1 1 0 1 1 0 1 0 1 0 1 1 0 1 - 1 0 1 1 0 1 0 0 1 0 0 0 1 0 0 1 0 - 0 0 0 1 - 1 - 1 1 0 - 0 1 0
  6.0        NODE_70_PO _60094        1 0 1 0 0 1 0 0 1 1 0 0 1 0 1 0 0 1 1 - 1 1 0 1 1 0 1 0 0 1 1 0 - 1 - 0 0 1 1 0 1 0 0 1 0 0 0 1 1 0 0 0 0 1 0 0 1 0 - - 1 0 0 1 1 0 1 1 1 1 1 1 0 1 1 0 1 0 1 0 1 1 0 1 - 1 0 1 1 0 1 0 0 1 0 0 0 1 0 0 1 0 - 0 0 0 1 0 1 - 1 1 0 - 0 1 0
  7.9        NODE_562_PO _11381       1 0 1 1 0 1 0 0 1 1 0 1 1 0 1 0 - 1 1 - 1 1 0 1 1 0 1 0 0 1 1 0 - 1 - 0 0 1 1 0 1 0 0 1 0 0 0 1 1 0 0 0 0 1 0 0 1 - - 1 1 0 0 1 1 0 1 1 - 1 1 1 0 1 1 0 1 0 1 0 1 1 0 1 0 1 0 1 1 0 1 0 0 1 0 0 0 1 0 0 1 0 - 0 0 0 1 0 1 - 1 1 0 - 0 1 0
  13.6       NODE_179_PO _71636       1 0 1 1 0 1 0 0 0 1 0 1 1 0 1 0 - 1 1 1 1 1 0 1 1 0 1 0 0 0 1 0 1 1 - 0 0 1 1 0 1 0 0 1 0 0 0 1 1 0 0 0 0 1 0 0 1 - - 0 1 0 0 1 1 0 1 1 1 1 1 0 0 1 1 0 1 0 1 0 1 1 0 0 - 1 0 1 1 0 1 0 0 1 0 0 0 1 0 0 1 1 - 0 0 0 1 0 1 - 1 1 0 - 0 1 0
  22.6       NODE_591_PO _36860       1 0 1 1 0 1 0 0 0 1 0 1 - 0 1 0 - 1 1 - 1 1 0 1 1 0 1 1 0 0 1 - - 1 - 0 1 1 1 0 1 0 0 1 - 0 0 1 1 0 0 0 0 1 0 0 1 1 - 0 1 1 1 0 1 0 1 1 1 0 0 0 0 1 1 0 1 0 1 0 1 1 0 0 - 1 0 0 0 0 1 0 0 1 0 0 0 1 0 0 - 1 - 0 0 0 1 - 1 - - 1 0 - 0 1 0
  34.6       NODE_303_PO _36643       0 1 1 1 0 0 0 0 0 1 0 1 1 0 1 0 0 1 1 - 1 1 0 1 1 0 1 1 0 0 1 1 - 1 - 0 1 1 1 0 1 1 1 1 1 0 0 1 1 0 0 0 0 1 0 0 0 1 - 0 1 1 1 0 1 0 0 1 0 0 0 0 0 1 0 0 1 1 1 0 1 1 0 0 0 1 0 0 0 0 1 1 0 1 0 0 0 0 0 0 1 1 0 0 0 0 1 0 1 - 1 1 0 - 0 1 0
  36.5       NODE_6377_PO _3196       0 1 1 1 0 0 0 0 0 1 0 1 - 0 1 0 - 1 1 0 1 1 0 1 1 0 1 1 0 0 1 1 - 1 - 0 1 0 1 0 1 1 1 1 1 0 0 1 1 0 0 0 0 1 0 0 0 1 - 0 1 1 1 0 1 0 0 1 0 0 0 0 0 1 0 0 1 1 1 0 1 1 0 0 - 1 0 0 0 0 1 1 0 1 0 0 0 0 0 0 1 1 0 0 0 0 1 - 1 - 0 1 0 - 0 1 0
  42.4       NODE_2729_PO _21287      0 1 1 1 1 0 0 0 0 0 0 1 - 0 1 0 - 0 1 0 1 1 0 1 1 0 1 - 1 0 1 1 - - 1 0 1 0 1 0 1 1 1 1 - 0 0 1 1 0 0 1 0 1 0 0 0 - - - 1 1 1 0 1 0 0 0 0 0 0 0 0 1 0 0 1 1 1 0 1 1 0 0 0 1 0 0 0 0 1 1 0 1 0 0 0 0 0 0 1 1 - 0 0 0 1 - 1 - - 1 0 - 0 1 0
  44.4       NODE_673_PO _40718       0 1 1 1 1 0 0 0 0 0 0 1 1 0 1 0 0 0 1 - 1 1 0 1 1 0 1 1 1 0 1 1 - 1 - 0 1 0 1 0 1 1 1 1 1 0 0 1 1 0 0 1 0 1 0 0 0 1 - - 1 1 1 0 1 0 0 0 0 0 0 0 0 1 0 0 1 1 1 0 1 1 0 0 0 1 1 0 0 0 1 1 0 1 0 0 0 0 0 0 1 1 - 0 0 0 1 0 1 - 0 1 0 - 0 0 0
  46.3       NODE_3148_PO _21344      0 1 0 1 1 0 0 0 0 0 0 1 - 0 1 0 - 0 1 - 1 1 0 1 1 0 1 1 1 0 1 1 - 1 - 0 1 0 1 0 1 1 1 1 1 0 0 1 1 0 0 1 0 1 0 0 0 - - - 0 1 1 0 1 0 0 0 - 0 0 0 0 1 0 0 1 1 1 0 1 1 0 0 0 1 1 0 0 0 1 1 0 1 0 0 0 0 0 0 1 1 - 0 0 0 1 0 1 - 0 1 0 - 0 0 0
  48.3       NODE_1341_PO _23523      0 1 0 1 1 0 0 0 0 0 0 0 - 0 1 0 0 0 1 - 1 1 0 0 1 0 1 1 1 0 1 1 - 1 - 0 1 0 1 0 1 1 1 1 1 0 0 1 1 0 0 1 0 1 0 0 0 1 - - 0 1 1 0 1 0 0 0 0 0 0 0 0 1 0 0 1 1 1 0 1 1 0 0 - 1 1 0 0 0 1 1 0 1 0 0 0 0 0 0 1 1 - 0 0 0 1 0 1 - 0 1 - - 0 0 0
  55.0       NODE_5204_PO _5173       0 1 0 1 1 0 0 1 0 0 0 0 1 0 1 0 - 0 1 - 1 1 0 0 1 0 1 1 1 1 1 1 - 1 - 0 1 0 0 0 1 1 1 1 1 0 0 1 1 0 1 1 0 0 0 0 0 1 - 0 0 1 1 0 1 1 0 0 0 0 0 0 0 1 0 0 1 1 1 0 1 1 0 0 0 1 1 0 0 0 1 1 0 1 0 0 0 0 1 0 1 1 1 0 0 0 1 0 1 - - 1 0 - 0 0 0
  56.9       NODE_3320_PO _3635       0 1 0 1 1 0 0 1 0 0 0 0 1 0 1 0 0 0 1 - 1 1 0 0 1 0 1 1 1 1 1 1 - 0 - 0 1 0 0 0 1 1 1 1 1 0 0 1 1 0 1 1 0 0 0 0 0 - - 0 0 1 1 0 1 1 0 0 0 0 0 0 0 1 0 0 1 1 1 0 1 1 0 0 - 1 1 0 0 0 1 1 0 1 0 0 0 0 1 0 1 1 - 0 0 0 1 0 1 - 0 1 0 - 1 0 0
  57.9       NODE_294_PO _68935       0 1 0 1 1 0 0 1 0 0 0 0 - 0 - 0 - 0 1 - 1 - 0 0 1 0 1 1 1 1 1 1 - - - 0 1 - 0 0 1 1 1 1 1 0 0 0 1 0 1 1 0 0 0 0 0 1 - 0 0 1 1 0 1 1 0 0 - 0 0 0 0 1 0 0 1 1 1 0 1 1 0 0 - 1 1 0 0 0 1 1 0 1 0 0 0 0 - 0 1 1 - 0 0 0 1 0 1 - - 1 0 - 1 0 0
  58.9       NODE_627_PO _32166       0 1 0 1 1 0 1 1 0 0 0 0 - 0 1 0 - 0 1 - 1 1 0 0 1 0 1 1 1 1 1 1 - 0 - 0 1 0 0 0 1 1 1 1 1 0 0 0 1 0 1 1 0 0 0 0 0 - - 0 0 1 1 0 1 1 0 0 0 0 0 0 0 1 0 0 1 1 1 0 1 1 0 0 - 1 1 0 0 0 1 1 0 1 0 0 0 0 1 0 1 1 - 0 0 0 1 0 1 - 0 1 0 - 1 0 0
  66.5       NODE_1032_PO _39379      0 1 0 1 1 0 1 1 0 0 1 0 - 0 1 0 0 0 1 - 1 1 0 0 1 0 1 0 1 1 0 1 0 0 - 0 1 1 0 0 1 1 0 1 1 0 0 0 0 0 1 1 0 0 1 0 0 - - 0 0 1 1 0 1 1 0 0 0 0 0 0 0 1 0 0 1 1 1 0 1 1 0 0 0 1 1 0 0 0 1 1 0 1 0 0 0 0 1 0 1 1 - 0 0 0 1 0 1 - 0 1 1 - 1 0 0
  68.4       NODE_881_PO _13221       0 1 0 1 1 0 1 1 0 0 1 0 1 0 1 0 0 0 1 0 1 1 0 0 1 0 1 0 1 1 0 1 1 0 - 0 1 1 0 0 1 1 0 1 1 0 0 0 0 0 1 1 0 0 1 0 0 1 - 0 0 1 1 0 1 1 0 0 0 0 0 0 0 1 0 0 1 1 1 0 1 1 0 0 0 1 1 0 0 0 1 1 0 0 0 0 0 0 1 0 1 1 - 0 0 0 1 0 1 - 0 1 1 - 1 0 0
  73.0       NODE_7276_PO _6007       0 1 0 1 1 0 1 1 0 0 1 0 1 0 1 0 - 0 1 - 1 1 0 0 1 0 1 0 1 1 0 1 1 0 - 0 1 1 0 0 0 1 0 1 1 0 0 0 0 0 1 1 0 0 1 1 0 1 1 0 0 1 1 0 1 1 1 0 0 1 0 0 0 1 0 0 1 1 1 0 1 1 0 0 - 0 1 0 0 0 1 1 0 0 0 0 0 0 1 0 1 1 - 0 0 0 1 0 1 - - 1 1 - 1 0 0
  74.9       NODE_1211_PO _32656      0 1 0 1 1 0 1 1 0 0 1 0 - 0 1 0 - 0 1 0 1 1 0 0 1 0 1 0 1 1 0 1 - 0 - 0 1 - 0 0 0 1 0 1 1 0 0 0 0 0 1 1 0 0 1 1 1 - - 0 0 1 1 0 1 1 1 0 - 1 0 0 0 1 0 0 1 1 1 0 1 1 0 0 - 0 1 0 0 1 1 1 0 0 0 0 0 0 1 0 1 1 - 0 0 0 1 0 1 - 0 1 1 - 1 0 0
  75.9       NODE_527_PO _34091       0 1 0 1 1 0 1 1 0 0 1 0 1 0 1 0 - 0 0 - 1 1 0 0 1 0 1 0 1 1 0 1 - - - 0 1 1 0 0 0 1 0 1 1 0 0 0 0 0 1 1 0 0 1 1 1 - - 0 0 1 1 0 1 1 1 0 - 1 0 0 0 1 0 0 1 1 1 0 1 1 0 0 - 0 1 0 0 1 1 1 0 0 0 0 0 0 1 0 1 1 - 0 0 0 1 0 1 - 0 1 1 - 1 0 0
  81.7       NODE_518_PO _32945       0 1 0 1 1 0 1 1 0 1 1 0 1 0 1 0 0 0 0 - 1 1 0 0 1 0 0 0 1 1 0 1 - 0 - 0 1 1 0 0 0 1 0 1 1 0 0 0 0 0 1 - 0 0 1 1 1 1 - 0 0 1 1 0 1 1 1 0 0 1 0 0 0 1 0 0 1 1 1 0 1 1 1 0 0 0 1 0 0 1 1 1 0 0 0 0 1 0 1 0 1 1 - 0 0 0 1 0 1 - 0 1 1 - 0 1 0
  84.5       NODE_1754_PO _8054       0 1 0 1 1 0 1 1 0 1 1 0 1 0 1 0 - 0 0 - 1 1 0 0 1 0 0 0 1 1 0 1 - 0 - 0 1 1 0 0 0 1 0 1 1 0 0 0 0 0 1 1 0 0 1 1 1 1 - 0 0 1 1 0 1 1 1 0 0 1 1 0 0 1 0 0 1 1 1 0 1 1 1 0 - 0 1 0 0 1 1 1 0 0 1 0 1 0 1 1 1 1 1 0 0 0 1 0 1 - 0 1 1 - 0 1 0
  92.0       NODE_3507_PO _18123      0 1 0 1 1 0 1 0 0 1 1 0 1 0 1 0 - 0 0 0 1 1 0 0 1 0 0 0 1 1 0 1 - 0 - 0 1 1 0 1 0 1 0 1 1 0 0 0 0 0 0 1 0 0 1 1 1 1 1 0 0 1 0 0 1 0 1 0 0 1 1 0 0 1 0 0 1 1 1 0 0 1 1 0 - 0 1 0 0 1 1 0 0 0 1 0 1 0 1 1 1 1 - 0 0 1 1 0 1 - 0 1 1 - 0 1 0
  97.6       NODE_140_PO _26353       0 1 0 1 1 0 1 0 0 1 1 0 1 0 1 1 1 0 0 - 1 1 0 1 1 0 0 0 1 1 0 1 0 0 - 0 1 1 0 1 0 1 0 1 1 0 0 0 0 0 0 1 0 0 1 0 1 1 - 0 0 1 0 1 0 0 1 0 0 1 1 0 0 1 0 0 1 1 1 0 0 1 1 0 0 0 1 0 0 1 1 0 0 0 1 0 1 0 1 1 1 0 - 0 0 1 1 0 1 - - 1 1 - 0 1 0
  99.4       NODE_1233_PO _7534       0 1 0 1 1 0 1 0 0 1 1 0 1 0 1 1 1 0 0 - 1 1 0 1 1 0 0 0 1 1 0 1 - 0 - 0 1 1 0 1 0 1 0 1 1 0 1 0 0 0 0 1 0 0 1 0 1 1 - 0 0 1 0 1 0 0 1 0 0 1 1 0 0 1 0 0 1 1 1 0 0 1 1 0 0 0 1 0 0 1 0 0 0 0 1 0 1 0 1 1 1 0 1 0 0 1 1 0 1 - 0 1 1 - 0 1 0
  103.1      NODE_2243_PO _13777      0 1 0 1 1 0 1 0 0 1 1 1 1 0 1 1 - 0 0 - 1 1 0 1 1 0 0 0 1 1 0 1 0 1 - 0 1 1 0 1 0 1 0 1 1 0 1 0 0 0 0 1 0 0 1 0 1 1 - 0 0 1 0 1 0 0 1 0 - 1 1 0 1 1 0 0 1 1 1 0 0 1 1 0 - 0 1 0 0 1 0 0 0 0 1 0 1 0 1 1 1 0 1 0 0 1 1 0 1 - 0 1 0 - 0 1 0
  106.0      NODE_3065_PO _20651      0 1 0 1 1 0 1 0 0 1 1 1 1 0 1 1 1 0 0 - 1 1 0 1 1 0 0 0 1 1 0 1 - 1 - 0 1 1 0 1 0 1 0 1 1 0 1 0 0 0 0 1 0 0 1 0 1 1 - 0 0 1 0 1 0 0 1 0 0 1 1 0 1 0 0 0 1 1 1 0 0 1 1 1 0 0 1 0 0 1 0 0 0 0 1 0 1 0 1 1 0 0 - 0 0 1 1 - 1 - 0 1 0 - 0 1 0
  106.9      NODE_3065_PO _14942      0 1 0 1 1 0 1 0 0 1 1 1 - 0 1 1 1 0 0 - 1 1 0 1 1 0 0 0 1 1 0 1 - 1 - 0 1 1 0 1 0 1 0 1 1 0 1 0 0 0 0 1 0 0 0 0 1 - - - 0 1 0 1 0 0 1 0 - 1 1 0 1 0 0 0 1 1 1 0 0 1 1 1 0 0 1 0 0 1 0 0 0 0 1 0 1 0 1 1 0 0 - 0 0 1 1 0 1 - 0 1 0 - 0 1 0
  108.9      NODE_317_PO _37039       0 - 0 1 1 0 1 0 0 1 1 1 1 0 0 1 1 0 1 0 1 1 0 1 1 0 0 0 1 1 0 - - 1 - 0 1 1 0 1 0 1 0 1 1 0 1 0 0 0 0 1 0 0 0 0 1 0 1 0 0 1 0 1 0 0 1 0 0 1 1 0 1 0 0 0 1 1 1 0 0 1 1 1 - 0 1 0 0 1 0 0 0 0 1 0 1 0 1 - 0 0 - 0 0 1 1 0 1 - - 1 0 - 0 1 0
  110.8      NODE_261_PO _25109       0 - 0 1 1 0 1 0 0 1 1 1 1 0 0 1 1 0 1 - 1 1 0 1 1 0 0 0 1 1 0 - - 1 1 0 0 1 0 1 0 1 0 1 - 0 1 0 0 0 0 1 1 0 0 0 1 0 1 0 0 1 0 1 0 0 1 0 0 1 1 0 1 0 0 0 1 1 1 0 0 1 1 1 - 0 1 0 0 1 0 0 0 0 1 0 1 0 1 1 0 0 - 0 0 1 1 0 1 - 0 1 0 - 0 1 0
  117.5      NODE_1606_PO _12898      0 1 0 1 1 0 1 0 0 1 1 1 1 0 0 1 - 0 1 - 1 1 0 1 1 0 0 0 1 1 0 1 - 1 - 0 0 1 0 1 0 1 0 1 1 0 1 0 0 0 0 0 1 0 0 0 1 0 - 0 1 1 0 1 0 0 1 0 0 0 1 1 1 0 0 0 0 1 1 0 0 1 1 1 0 0 1 0 0 1 0 0 0 0 0 0 1 0 1 1 0 0 - 1 0 1 1 0 1 - 0 1 0 - 0 1 0
  124.0      NODE_154_PO _71540       0 1 0 1 1 1 1 0 0 1 1 1 1 0 0 0 1 0 1 0 1 1 0 0 1 0 0 0 1 1 0 1 - 1 0 1 0 1 0 1 0 1 1 1 1 1 1 0 0 0 0 0 1 0 0 0 1 0 - 0 1 1 0 1 0 0 1 0 0 0 1 1 1 0 0 0 0 1 1 0 0 1 1 1 - 0 1 0 0 1 0 0 0 1 0 0 1 0 1 1 0 0 1 1 0 1 1 0 1 - 0 1 0 - 0 1 0
  128.6      NODE_3670_PO _15370      0 1 0 1 1 1 1 0 0 1 1 1 1 0 0 0 1 0 1 - 1 1 0 0 1 0 0 1 1 1 1 1 1 1 - 1 0 1 0 1 0 1 1 1 1 1 1 0 0 0 0 0 1 0 0 0 0 0 - 0 1 1 0 1 0 0 1 0 - 0 1 1 1 0 0 1 0 1 1 0 0 1 1 1 - 0 1 0 0 1 0 0 0 1 0 0 1 0 1 1 0 1 - 1 0 1 1 0 1 - 0 1 0 - 0 1 0
  133.5      NODE_8329_PO _2230       0 1 0 1 1 1 1 0 0 1 0 1 - 0 0 0 - 0 1 - 1 1 0 0 1 0 0 1 1 1 1 1 - 1 - 1 1 1 0 1 0 1 1 1 - 1 1 0 0 0 0 0 1 0 0 0 0 - - 0 1 0 0 1 0 0 1 0 0 0 0 1 1 0 0 1 0 1 1 0 0 1 1 1 - 1 1 0 0 1 0 0 0 1 0 0 1 0 1 1 0 1 - 1 0 1 1 - 1 - 0 1 0 - 0 1 0
  137.4      NODE_2310_PO _4226       0 1 0 1 1 1 1 0 0 1 0 1 - 0 0 0 - 0 1 - 1 1 0 0 1 0 0 1 1 1 1 1 - 1 - 1 1 1 0 1 0 1 1 1 - 1 1 0 0 0 0 0 1 0 0 0 0 0 - 0 1 0 0 1 0 0 1 0 0 0 0 0 1 0 0 1 0 1 1 0 0 1 1 1 - 1 1 0 0 1 0 0 0 1 0 0 1 0 1 1 1 1 - 1 0 1 0 1 1 - - 1 0 - 0 0 0
  138.4      NODE_11827_PO _572       0 1 0 1 1 1 1 0 0 1 0 1 1 0 0 0 1 0 1 0 1 1 0 0 1 0 0 1 1 1 1 1 - 1 - 1 1 1 0 1 0 0 1 1 - 1 1 0 0 0 0 0 1 0 0 0 0 0 - 0 1 0 0 1 0 0 1 0 - 0 0 0 1 0 0 1 0 1 1 0 0 1 1 1 0 1 1 0 0 1 0 0 0 1 0 0 1 0 1 1 - 1 - - 0 1 0 - 1 - - 1 0 - 0 0 0
  141.4      NODE_10095_PO _2319      0 1 0 1 1 1 1 0 0 1 0 1 1 0 0 0 - 0 1 - 1 0 0 0 1 0 0 1 1 1 1 1 - 1 - 1 1 1 0 1 0 0 1 1 1 1 1 0 0 0 0 0 1 0 0 0 0 0 1 - 1 0 0 1 0 0 1 0 0 0 0 0 1 1 0 1 0 1 0 0 0 1 1 1 - 1 1 0 0 1 0 0 0 1 0 0 1 0 1 1 1 1 - 1 0 1 0 1 1 - 0 1 0 - 0 0 0
  146.0      NODE_2210_PO _8073       0 1 0 1 1 1 1 1 0 1 0 1 1 0 0 0 - 0 1 - 0 0 0 0 1 0 0 1 1 1 1 1 - 1 - 1 1 1 0 1 0 0 1 1 1 0 1 0 0 0 0 0 1 0 1 0 0 0 - 0 1 0 0 1 0 0 1 0 0 0 0 0 1 1 0 1 0 1 0 0 0 1 0 1 0 1 1 0 0 1 0 0 0 1 0 0 1 0 1 1 1 1 - 1 0 1 0 1 1 - 0 1 0 - 0 0 0
  147.0      NODE_1422_PO _11286      0 1 0 1 1 1 1 1 0 1 0 1 1 0 0 0 1 0 1 - 0 0 0 0 1 0 0 1 1 1 1 1 1 1 - 1 1 1 0 1 1 0 1 1 - 0 1 0 0 0 0 0 1 0 1 0 0 - 1 - 1 0 0 1 0 0 1 0 0 0 0 0 1 1 0 1 0 1 0 0 0 1 0 1 0 1 1 0 0 1 0 0 0 1 0 0 1 0 1 1 1 1 - 1 0 1 0 1 1 - 0 1 0 - 0 0 0
  149.0      NODE_4004_PO _16031      0 1 0 1 1 1 1 1 0 1 0 1 - 0 0 0 - 0 0 1 0 0 0 0 1 0 0 1 1 1 1 - - 1 - 1 1 - 0 1 1 0 1 1 1 0 1 0 0 0 0 0 1 0 - 0 0 - - - 1 0 0 1 0 0 1 0 - 0 0 0 1 1 0 1 0 1 0 0 0 1 0 1 - 1 1 0 0 1 0 0 0 1 0 0 1 0 1 1 1 1 - 1 0 1 0 1 1 - 0 1 0 - 0 0 1
  155.5      NODE_3420_PO _19717      0 1 0 1 1 1 1 1 0 0 0 1 - 1 0 0 - 0 0 - 0 0 0 0 1 0 0 1 1 1 1 - - 1 - 1 1 - 0 1 1 0 1 1 - 0 1 0 0 0 0 0 1 - - 0 0 - - - - 0 0 1 0 0 0 0 0 0 1 0 1 1 0 1 0 1 0 0 0 - 0 1 - 1 1 0 0 1 0 0 1 0 - - 1 0 1 1 1 1 - 1 0 1 0 - 1 - - 1 0 - 0 0 1
  161.9      NODE_1840_PO _8266       0 1 0 1 1 1 1 1 0 0 0 1 - 1 0 0 - 1 0 - 0 0 0 0 1 1 0 1 1 1 1 1 - 1 - 1 1 1 0 1 1 0 1 1 1 0 1 0 0 0 0 1 1 0 1 0 0 - - - 1 0 0 1 0 0 0 0 0 0 1 0 1 1 0 1 0 0 0 0 0 1 0 1 - 1 0 0 0 1 0 0 1 0 0 1 1 0 1 1 1 1 1 1 0 1 0 1 1 - 0 1 1 - 0 0 1
  163.8      NODE_1482_PO _10052      0 1 0 1 1 1 1 1 0 0 0 1 - 1 0 0 1 1 0 1 0 0 0 0 1 1 0 1 1 1 1 1 - 1 - 1 1 1 0 1 1 0 1 1 1 0 1 0 0 0 0 1 0 0 1 0 0 0 - 0 1 0 0 1 0 0 0 1 0 0 1 0 1 1 0 1 0 0 0 0 0 1 0 1 - 1 0 0 0 1 0 0 1 0 0 1 1 0 1 1 1 1 1 1 0 1 0 1 1 - 0 1 1 - 0 0 1
  177.0      NODE_4857_PO _11343      1 1 0 0 0 1 1 1 0 0 0 1 - 1 0 0 - 1 0 - 0 0 0 0 0 1 1 1 1 0 1 1 - 1 - 1 1 1 0 1 1 0 1 1 1 0 1 1 1 0 0 1 0 0 1 0 0 0 - 0 1 0 0 1 0 0 0 1 1 0 1 0 1 1 0 1 1 0 0 0 1 0 0 1 - 1 0 0 0 1 0 0 1 0 0 1 1 0 1 0 1 1 1 1 1 1 0 1 1 - 0 1 1 - 0 0 1
