  0.0        NODE_11323_PO _1923     1 0 1 0 1 0 0 1 0 0 1 0 1 0 1 0 - 0 0 1 0 0 1 1 1 0 0 0 1 0 0 0 - - - 1 0 - 1 0 0 0 1 0 0 0 1 0 0 0 1 1 0 0 1 1 - 0 - - 0 1 0 1 0 1 1 1 - 0 1 1 1 1 0 1 0 1 0 0 0 0 1 1 - 0 0 1 1 0 1 0 1 0 1 1 0 0 0 0 1 0 - 1 0 0 0 1 1 - 1 0 1 - 0 1 0
  2.0        NODE_2072_PO _20202     1 0 1 0 1 1 0 1 0 0 1 0 - 0 1 0 0 1 0 - 0 0 1 1 1 0 0 0 1 0 0 0 0 0 - 1 0 0 1 0 0 0 1 0 0 0 1 0 0 0 1 1 0 0 1 1 0 0 - 1 0 1 0 1 0 1 1 1 0 0 1 1 1 1 0 1 0 1 0 0 0 0 1 1 - 0 0 1 1 0 1 0 1 0 1 1 0 0 0 0 1 0 - 1 0 0 0 1 1 - 1 0 1 - 0 1 0
  9.5        NODE_6790_PO _2409      1 0 1 0 1 1 0 1 0 1 1 1 1 0 1 0 - 1 0 - 0 0 1 1 1 0 0 0 1 1 0 0 - 0 - 1 0 0 1 0 0 0 1 0 0 0 1 0 0 0 0 1 0 0 1 1 1 0 - 1 0 1 0 1 0 1 1 1 0 0 1 1 0 1 0 1 0 1 0 0 0 0 1 1 - 0 0 1 1 0 1 0 1 1 1 1 0 0 0 0 1 1 - 1 0 0 0 1 1 - 1 0 1 - 0 1 0
  12.4       NODE_5372_PO _1643      1 0 1 0 1 1 0 1 0 1 1 1 - 0 1 0 - 1 0 - 0 0 1 1 1 0 0 0 0 1 0 0 - 0 - 1 0 0 1 0 0 0 1 1 0 0 1 0 0 0 0 1 0 0 1 1 1 0 - - 0 1 0 1 0 1 1 - - 0 1 1 0 1 0 1 0 0 0 0 0 0 1 1 - 0 0 1 1 0 1 0 1 1 1 1 0 0 0 0 1 1 - 1 0 - 0 1 1 - 1 0 1 - 0 1 0
  18.2       NODE_10702_PO _1743     1 0 1 0 1 1 1 1 0 1 1 1 1 0 0 0 - 1 0 1 0 0 1 0 1 0 0 0 0 1 0 0 - 0 - 1 0 1 1 0 0 1 1 1 0 0 1 0 0 0 0 1 0 0 1 1 1 0 - 1 0 1 0 1 0 1 1 1 0 0 1 1 0 1 0 1 0 0 0 0 1 0 1 1 0 0 0 1 1 0 1 0 1 1 1 1 0 0 0 0 1 1 - 1 0 0 0 1 1 - 1 0 1 - 0 1 0
  23.9       NODE_4830_PO _636       1 0 1 0 1 1 1 1 0 1 1 1 - 0 0 0 - 1 0 1 0 0 1 0 1 0 1 0 0 1 0 0 - 0 - 1 0 1 1 0 0 1 1 1 0 0 1 1 0 0 0 0 0 0 1 1 1 0 - 1 0 1 0 1 1 1 1 1 1 0 1 1 0 1 0 1 0 0 0 1 1 0 1 1 - 0 0 1 1 0 1 0 1 1 1 1 0 0 0 0 - 1 - 1 0 0 0 1 1 - 1 0 1 - 0 1 0
  30.0       NODE_584_PO _46193      1 1 1 0 0 1 1 1 0 1 1 1 - 0 0 0 - 1 0 - 0 0 1 0 1 0 1 0 0 1 0 0 - 0 - 1 0 1 0 0 0 1 1 1 - 0 1 1 0 0 0 0 0 - 1 1 1 - - - 0 1 0 1 1 1 0 1 - 1 1 1 0 1 0 1 0 0 0 1 1 - 1 1 - 0 0 1 1 0 1 0 1 1 - 1 0 0 0 0 1 1 - 1 0 0 0 1 1 - 1 0 1 - 0 1 1
  37.0       NODE_125_PO _3222       1 1 1 0 0 1 1 1 0 1 1 1 1 0 0 0 - 1 0 - 0 0 1 0 1 0 1 0 0 1 0 0 - 0 - 1 0 1 0 0 1 1 0 1 0 0 1 1 0 0 0 0 0 0 1 1 1 0 - - 0 1 0 0 1 0 0 1 1 1 1 1 0 1 0 1 0 0 0 1 1 0 0 1 - 0 0 1 0 0 1 0 1 1 1 1 0 0 0 0 1 1 - 1 0 0 0 1 1 - 1 0 1 - 1 1 1
  37.9       NODE_639_PO _2220       1 1 1 0 0 1 1 1 0 1 1 1 1 0 0 0 0 1 0 - 0 0 1 0 1 0 1 0 0 1 0 0 - 0 - 1 0 1 0 0 1 1 0 1 0 0 1 1 0 0 0 0 0 0 1 1 1 0 0 1 0 1 0 0 1 0 0 1 1 1 1 1 0 1 0 1 0 0 0 1 1 0 0 1 - 0 0 1 0 0 1 0 1 1 1 1 1 0 0 0 1 1 - 1 0 0 0 1 1 - 1 0 1 - 1 1 1
  40.9       NODE_249_PO _67886      1 1 1 0 0 1 1 1 0 1 1 1 - 0 0 0 - 1 0 - 0 0 1 0 1 0 1 0 0 1 0 0 - 0 - 1 0 - 0 0 1 1 0 1 - 1 1 1 0 0 0 0 0 0 1 1 1 - - - - 1 0 0 1 0 0 1 1 1 1 1 0 1 0 1 0 0 0 1 1 0 0 1 - 0 0 1 0 0 1 0 1 1 - 1 1 0 0 0 - 0 - 1 0 1 0 1 1 - 1 0 1 - 1 1 1
  45.0       NODE_66_PO _67866       1 1 1 0 0 1 1 1 0 1 0 1 - 0 0 0 - 1 0 - 0 0 1 0 1 0 1 - 0 1 0 0 - 0 - 1 0 1 0 0 1 1 0 1 0 1 1 1 0 0 0 0 0 1 1 1 1 0 - 1 0 1 0 0 1 0 0 1 - 1 1 1 0 1 0 1 1 0 0 1 1 0 0 1 - 0 0 1 0 0 1 0 1 1 - 1 1 1 0 0 1 0 - 1 0 1 0 1 1 - 1 0 1 - 1 1 1
  46.9       NODE_4134_PO _11689     1 1 1 0 0 1 1 1 0 1 0 1 1 0 0 0 1 1 0 - 0 0 1 0 1 0 1 0 0 1 0 0 - 0 - 1 0 1 0 0 1 1 0 1 0 1 1 1 0 0 0 0 0 1 1 1 1 0 - 1 0 1 0 0 1 0 0 1 1 1 1 1 0 1 1 1 1 0 0 1 1 0 0 1 - 0 1 1 0 0 1 0 1 1 1 1 1 1 0 0 1 0 - 1 0 1 0 1 1 - 1 0 1 - 1 1 1
  50.6       NODE_2648_PO _10480     1 1 1 0 0 1 1 1 0 1 0 1 1 0 0 1 - 1 0 1 0 0 1 1 1 0 1 0 0 1 0 0 1 0 - 1 0 1 0 0 1 1 0 1 0 1 1 1 0 0 0 1 0 1 1 1 1 0 - 1 0 1 0 0 1 0 0 1 1 1 1 1 0 1 1 1 1 0 0 1 1 0 0 1 0 0 1 1 0 0 1 0 1 1 1 1 1 1 0 0 1 0 0 1 0 1 1 1 1 - 1 0 1 - 1 1 1
  55.5       NODE_972_PO _1294       1 1 1 0 0 1 1 1 1 1 0 1 1 0 0 1 - 1 0 1 0 0 1 1 1 0 1 0 1 1 0 0 - 0 - 1 0 1 0 0 1 1 0 1 - 1 0 1 0 0 0 1 0 1 1 1 1 - 0 - 0 1 0 0 1 0 0 1 1 1 1 1 0 1 1 1 1 0 0 1 1 0 0 1 - 1 1 1 0 0 1 0 1 1 1 1 1 1 0 0 1 0 - 1 0 1 1 - 1 - - 1 1 - 1 1 1
  58.3       NODE_85_PO _57457       1 1 1 0 0 1 1 1 1 1 0 1 1 0 0 1 1 1 0 1 0 0 1 1 1 0 1 0 1 1 0 0 1 0 - 1 0 1 0 0 1 1 0 0 0 1 0 1 0 0 0 1 0 1 1 1 1 1 0 - 0 1 0 0 1 0 0 1 1 1 1 0 0 1 1 1 1 0 0 0 1 0 0 1 0 1 1 1 0 0 1 0 1 1 1 1 1 1 0 0 1 0 - 1 0 1 1 1 1 - 1 1 1 - 1 1 1
  62.0       NODE_82_PO _92834       1 1 1 0 0 0 1 1 1 1 0 1 - 0 0 1 1 1 0 - 0 0 1 1 1 0 0 0 1 1 0 0 - 0 - 1 0 0 0 0 1 1 0 0 0 1 0 1 0 0 0 1 0 1 1 0 1 1 - 1 0 1 0 0 1 0 0 1 1 1 1 0 0 1 1 1 1 0 0 0 1 0 0 1 0 1 1 1 0 0 1 0 1 1 1 1 1 1 0 0 1 0 - 1 0 1 1 1 1 - 1 1 1 - 1 1 1
  62.9       NODE_8051_PO _2516      1 1 1 0 0 0 1 1 1 1 0 1 1 0 0 1 1 1 0 1 0 0 1 1 1 0 0 0 1 1 0 0 - 0 - 1 0 0 0 0 1 1 0 0 0 1 0 1 0 0 0 1 0 1 1 0 1 1 - 1 0 1 0 0 1 0 0 1 1 1 1 0 0 1 1 1 1 0 0 0 1 0 0 1 0 1 1 1 0 0 1 0 1 1 1 1 1 1 0 0 1 0 0 1 0 1 1 1 1 - 0 1 1 - 1 1 1
  65.8       NODE_2465_PO _7474      1 1 1 0 0 0 1 1 1 1 0 1 1 0 0 1 - 1 0 - 0 0 1 1 1 1 0 0 1 1 0 0 - 0 - 1 0 0 0 0 1 1 0 0 0 1 0 1 0 0 0 1 0 1 1 0 1 - - 1 0 1 0 0 1 0 1 1 - 1 1 0 0 1 1 0 1 0 0 0 1 0 0 1 - 1 1 1 0 0 1 0 1 1 1 1 1 1 0 0 1 0 - 1 0 1 1 1 1 - - 1 1 - 1 1 1
  71.6       NODE_5395_PO _3021      1 1 1 0 0 0 0 1 1 1 0 1 1 0 0 1 - 0 0 - 0 0 1 1 0 1 0 0 1 1 0 0 - 0 - 1 0 0 0 1 1 1 0 0 0 1 0 1 0 0 1 1 0 1 1 0 1 1 - 1 0 1 0 0 1 0 1 1 1 1 1 0 0 1 1 0 1 0 0 0 1 0 0 1 - 1 1 1 0 0 1 0 1 1 1 1 1 1 0 0 0 0 - 1 0 1 1 - 1 - 0 1 1 - 1 1 1
  77.3       NODE_1000_PO _32628     1 1 1 0 0 0 0 1 1 1 0 1 1 0 0 1 - 0 0 - 0 0 1 1 0 1 0 0 1 1 0 0 - 0 - 1 0 0 0 1 1 1 0 0 - 1 0 1 0 0 1 1 0 1 0 0 1 1 0 0 0 1 0 0 1 0 1 1 1 1 1 0 0 0 1 0 1 0 0 0 1 0 0 1 0 1 1 1 0 0 1 0 0 1 1 1 1 1 0 0 0 0 0 1 0 1 1 1 1 - 0 1 1 - 0 0 1
  79.1       NODE_3222_PO _4622      1 1 1 0 0 0 0 1 1 1 0 1 1 0 0 1 - 0 0 - 0 0 1 1 0 1 0 1 1 1 0 1 - 0 - 1 0 0 0 1 1 1 0 0 0 1 0 1 0 0 1 1 0 1 0 0 1 - - 0 0 1 0 0 1 0 1 1 1 1 1 0 0 0 1 0 1 0 0 0 1 0 0 1 0 1 1 1 0 0 1 0 0 1 1 1 1 1 0 0 - 0 - 1 0 1 1 1 1 - 0 1 1 - 0 0 1
  80.1       NODE_3100_PO _6710      1 1 1 0 0 0 0 1 1 1 0 1 1 0 0 1 - 0 0 - 0 0 1 1 0 1 0 1 1 1 0 - - 0 - 1 0 0 0 1 1 1 0 0 0 1 0 1 0 0 1 1 0 1 0 0 1 1 - 0 0 1 0 1 1 0 1 1 1 1 1 0 0 0 1 0 1 0 0 0 1 0 0 1 0 1 1 1 0 0 1 0 0 1 1 1 1 1 0 0 0 0 - 1 0 1 1 1 1 - 0 1 1 - 0 0 1
  84.0       NODE_237_PO _58046      1 1 1 0 0 0 0 1 1 0 0 1 - 0 0 1 - 0 0 - 0 0 1 1 0 1 0 1 0 1 0 - - 0 - 1 0 - 0 1 1 1 0 0 0 1 0 1 1 0 1 1 0 1 0 0 0 - - 0 0 1 0 1 1 0 1 1 1 1 1 0 0 0 1 0 1 0 0 0 1 0 0 1 - 1 1 1 0 0 1 0 0 1 1 1 1 1 0 0 0 0 - 1 0 1 1 - 1 - - 1 1 - 0 0 1
  86.0       NODE_13815_PO _793      1 1 1 0 0 0 0 1 1 0 0 1 1 0 0 1 1 0 0 - 0 0 1 1 0 1 0 1 0 1 0 1 - 0 - 1 0 0 0 1 1 0 0 0 0 1 0 1 1 0 1 1 0 1 0 0 0 1 0 0 0 1 0 1 1 0 1 1 1 1 1 0 0 0 1 0 1 0 0 0 1 0 0 1 0 1 1 0 0 0 1 0 0 1 1 1 1 1 0 0 - 0 - 1 0 1 1 1 1 - 0 1 1 - 0 0 1
  90.7       NODE_3867_PO _12295     1 1 1 0 0 0 0 1 1 0 0 1 - 1 0 1 1 0 0 - 0 0 1 1 0 0 0 1 0 1 0 1 1 0 - 1 0 0 0 1 1 0 0 0 0 1 0 1 1 0 1 1 0 1 0 0 0 1 - - 0 1 0 1 1 0 1 1 1 1 1 0 0 0 1 0 1 0 0 0 1 0 0 1 0 1 0 0 0 0 1 0 0 1 1 1 0 0 0 0 1 0 0 1 0 1 1 1 1 - 0 1 1 - 0 0 1
  95.4       NODE_7683_PO _487       1 1 1 0 0 0 0 1 1 0 0 1 - 1 0 1 - 0 0 - 0 0 1 1 0 0 0 1 0 1 1 1 - 0 - 1 0 0 0 1 1 0 0 0 0 1 0 1 1 0 1 1 0 1 0 0 0 0 - - 0 1 0 1 1 0 1 1 1 1 1 0 - 0 1 0 1 0 0 0 1 0 0 1 - 1 0 0 1 0 1 0 0 1 1 1 0 0 1 0 1 0 0 1 1 1 1 - 1 - 0 1 1 - 0 0 1
  98.4       NODE_1985_PO _22090     1 1 1 0 1 0 0 1 1 0 0 1 - 1 0 1 1 0 0 - 0 0 1 1 0 0 0 - 0 1 1 1 - 0 - 1 0 0 0 1 1 0 0 0 0 1 0 1 1 0 1 1 0 1 0 0 0 - - 0 0 1 0 1 1 0 1 1 1 0 1 0 0 0 1 0 1 0 0 0 1 0 0 1 - 1 0 0 1 1 1 0 0 1 1 1 0 0 1 0 - 0 - 1 1 1 1 - 1 - - 1 1 - 0 0 1
  104.4      NODE_2812_PO _11225     1 1 1 1 1 0 0 1 1 0 0 1 - 1 0 0 1 0 1 - 0 0 1 1 0 0 0 1 0 1 1 1 - 0 - 1 0 0 0 1 1 0 0 0 0 1 0 1 1 0 1 1 0 1 0 0 0 0 - - 0 1 0 1 1 0 1 1 1 0 1 0 0 0 1 0 1 0 0 0 1 0 0 1 - 1 0 0 1 1 1 0 0 0 1 0 0 0 1 0 1 0 - 1 1 1 1 - 1 - 0 0 1 - 0 0 1
  105.3      NODE_651_PO _39466      1 1 1 1 1 0 0 1 1 0 0 1 1 1 0 0 - 0 1 1 0 0 1 1 0 0 0 1 0 1 1 1 - 0 - 1 0 1 0 1 1 0 0 0 0 1 0 1 1 0 1 1 0 1 - 0 0 0 - 0 0 1 0 1 1 0 1 1 1 0 1 0 0 0 1 0 1 0 0 0 1 0 0 1 0 1 0 0 1 1 1 0 0 0 1 0 0 0 1 0 - 0 - 1 1 1 1 1 1 - 0 0 1 - 0 0 1
  107.2      NODE_1313_PO _27863     1 1 1 1 1 0 0 1 1 0 0 1 - 1 0 0 - 0 1 - 0 0 1 1 1 0 0 1 0 1 1 1 - 0 - 1 0 1 - 1 1 0 0 0 0 1 0 1 1 0 1 1 0 1 0 0 0 0 - 0 0 1 0 1 1 0 1 1 1 0 1 0 0 0 1 0 0 0 0 0 1 0 0 1 - 1 0 0 1 1 1 0 0 0 1 0 0 0 1 0 1 0 - 1 1 1 1 1 1 - 0 0 1 - 0 0 1
  112.5      NODE_3927_PO _1403      1 1 1 1 1 0 0 1 1 0 0 1 - 1 0 0 - 0 1 - 0 0 1 1 1 0 1 - 0 1 1 1 - - - 0 0 1 0 1 1 0 0 0 - 1 0 1 1 0 1 1 0 1 0 0 0 0 - - 0 1 0 0 1 0 1 1 - 0 1 0 0 0 1 0 0 0 0 0 1 0 0 1 - 1 0 0 1 1 1 0 0 0 - 0 0 0 1 0 - 0 - - 1 1 0 - 0 - - 0 1 - 0 0 1
  118.7      NODE_642_PO _3842       1 1 1 0 0 0 0 1 1 0 0 1 1 1 0 1 1 0 1 - 0 1 1 1 1 0 1 1 0 1 1 1 - 0 - 0 0 1 0 1 1 0 0 0 0 1 0 1 1 0 1 1 0 1 0 0 0 0 - - 0 1 0 0 0 0 1 1 1 0 1 0 0 0 1 0 0 0 0 0 1 0 0 1 - 1 0 0 1 1 1 0 0 0 1 0 0 1 1 0 1 0 - 1 1 1 0 1 0 - 0 0 1 - 0 0 1
  119.6      NODE_522_PO _42103      1 1 1 0 0 0 0 1 1 0 0 1 1 1 0 1 1 0 1 1 0 1 1 1 1 0 1 1 0 1 1 1 - 0 - 0 0 1 0 1 1 0 0 0 0 1 0 1 1 0 1 1 0 1 0 0 0 - - 0 0 1 0 0 0 0 1 1 1 0 1 0 0 0 1 0 0 0 0 0 1 0 0 1 - 1 0 0 1 1 1 0 0 0 1 0 0 1 1 0 1 0 - 1 1 1 0 1 0 - 0 0 1 - 0 0 0
  122.7      NODE_176_PO _27532      1 0 1 0 0 0 0 1 1 0 0 1 1 1 0 1 - 0 1 1 0 1 1 1 1 0 1 - 0 1 1 - - 0 - 0 0 1 0 1 1 0 0 0 - 0 0 - 1 0 1 1 0 1 - 0 0 0 - 0 - 1 0 0 0 0 1 1 - 0 1 0 0 0 1 0 0 0 0 0 1 0 0 1 - 1 0 0 0 1 1 0 0 0 1 0 0 1 1 0 - 0 - - 1 1 - - 0 - - 0 1 - 0 0 0
  125.8      NODE_3488_PO _4218      1 0 1 0 0 0 0 1 1 0 0 1 1 1 0 1 1 0 1 1 0 1 1 1 1 0 1 1 0 1 1 1 0 0 - 0 0 1 0 1 1 0 0 0 0 0 0 1 1 0 1 1 0 1 0 0 0 0 0 0 0 0 0 0 0 0 1 1 1 0 1 0 0 0 1 0 0 0 0 1 1 0 0 1 - 1 0 0 0 1 0 0 0 0 1 0 0 1 1 0 1 0 - 1 1 1 0 1 0 - - 0 1 - 0 0 0
  128.8      NODE_3799_PO _18350     1 0 1 0 0 0 0 1 0 0 0 1 - 0 0 1 - 0 1 - 0 1 1 1 1 0 1 1 0 1 1 1 - 0 - 0 0 1 0 1 1 0 1 0 0 0 0 1 1 0 1 1 0 1 0 0 0 - - 0 - 0 0 0 0 0 1 1 - 0 1 0 0 0 1 0 0 0 0 1 1 0 0 1 - 1 0 0 0 1 0 0 0 0 1 0 0 1 1 0 - 0 - 1 1 1 0 1 0 - 0 0 1 - 0 0 0
  129.7      NODE_782_PO _11473      1 0 1 0 0 0 0 1 0 0 0 1 - 0 0 1 - 0 1 - 0 1 1 1 1 0 1 1 0 1 1 1 - 0 - 0 0 1 0 1 1 0 1 0 0 0 0 1 1 0 1 1 0 1 0 0 0 0 - 0 0 0 0 0 0 0 1 0 1 0 1 0 0 0 1 0 0 0 0 1 1 0 0 1 1 1 0 0 0 1 0 0 0 0 1 0 0 1 1 0 1 0 - 1 1 1 0 1 0 - - 0 1 - 0 0 0
  133.6      NODE_7040_PO _8080      1 0 1 0 0 0 0 1 0 0 0 1 1 0 0 1 - 0 1 1 0 1 1 1 1 1 1 1 1 1 0 1 0 0 - 0 0 1 0 1 1 0 1 0 0 0 0 1 1 0 1 1 0 - 0 0 0 0 0 0 0 0 1 0 0 0 1 0 1 0 1 0 0 0 1 0 0 0 0 1 1 0 0 1 - 1 0 0 0 1 0 0 0 0 1 0 0 1 1 0 1 0 - 1 1 1 0 1 0 - 0 0 1 - 0 0 0
  138.2      NODE_3344_PO _8791      1 0 1 0 0 0 0 1 0 1 0 1 1 0 0 1 1 0 1 - 0 1 1 1 1 1 1 1 1 1 0 0 0 0 - 0 0 1 0 1 1 1 1 0 0 0 0 1 1 0 1 1 0 1 0 0 0 0 0 0 0 0 1 0 0 0 1 0 1 0 1 0 0 0 1 0 0 0 0 1 1 0 0 1 1 1 0 0 0 0 0 0 0 0 - 0 0 1 1 0 1 0 0 1 1 1 0 1 0 - 0 0 0 - 0 0 0
  143.0      NODE_1454_PO _21102     1 0 1 0 0 0 0 1 0 1 0 1 1 0 0 1 - 0 1 - 0 1 1 1 1 1 1 - 1 1 0 0 - 1 - 0 1 1 0 1 1 1 1 0 0 0 0 1 1 0 1 1 0 1 0 0 0 0 - 0 0 0 1 0 0 0 1 0 - 0 1 0 0 0 1 1 0 0 0 1 1 0 0 1 - 1 0 0 0 0 0 0 0 0 1 0 0 1 1 0 0 0 - 1 0 1 0 - 0 - 0 0 0 - 0 0 0
  144.0      NODE_87_PO _12276       1 0 1 0 0 0 0 1 0 1 0 1 - 0 0 1 0 0 1 - 0 1 1 1 1 1 1 1 1 1 0 0 0 1 0 0 1 1 0 1 1 1 1 0 0 0 0 1 1 0 1 1 0 1 0 0 0 0 - 0 0 0 1 0 0 0 1 0 - 0 1 0 0 0 1 1 0 0 0 1 1 0 0 1 - 1 0 0 0 0 0 0 0 0 1 0 0 1 1 0 0 0 - 1 0 1 0 1 0 - 0 1 0 - 0 0 0
  144.9      NODE_1334_PO _8100      1 0 1 0 0 0 0 1 0 1 0 1 - 0 0 1 - 0 1 - 0 1 1 1 1 1 1 1 1 1 0 0 - 1 0 0 1 1 0 1 1 1 1 0 - 0 0 1 1 0 1 1 0 1 0 0 0 0 - 0 0 0 1 0 0 0 1 0 1 0 1 0 0 0 1 1 0 0 0 1 1 0 0 1 1 1 0 1 0 0 0 0 0 0 1 0 0 1 1 0 0 0 - 1 0 1 0 1 0 - 0 1 0 - 0 0 0
  152.3      NODE_695_PO _28159      1 0 1 0 0 0 0 1 0 1 0 1 - 0 0 1 - 0 1 - 0 1 1 1 1 1 1 1 1 0 0 0 - 1 - 0 1 - 0 1 1 1 1 0 - 0 0 1 1 1 1 - 1 - 0 0 0 0 - - 0 0 1 0 0 0 0 - 1 0 1 0 1 0 1 - - - 1 1 1 0 0 1 - 1 0 1 0 0 0 0 0 0 1 0 0 1 1 0 - 0 - 1 0 0 0 - - - 0 1 0 - 0 0 0
  155.5      NODE_2133_PO _8742      1 0 1 0 0 0 0 1 0 1 0 1 1 0 0 1 - 0 1 - 0 1 1 1 1 1 1 1 1 0 0 0 - 1 - 0 1 1 0 1 1 1 1 0 0 0 0 1 1 1 1 1 1 1 0 0 0 0 - 0 0 0 1 0 0 0 0 0 1 0 0 0 1 0 1 1 0 0 1 1 1 0 0 1 1 1 0 1 0 0 0 0 1 1 1 0 0 1 1 0 0 0 0 1 0 0 0 - 0 - 0 1 0 - 0 0 0
  157.4      NODE_265_PO _48565      0 0 1 0 0 0 0 1 0 1 0 1 - 0 0 1 - 0 1 - 0 1 1 1 1 1 1 - 1 0 0 0 - 1 - 0 1 1 0 1 1 1 1 0 - 0 0 1 1 1 1 1 1 1 0 0 - 0 - - 0 0 1 0 0 0 0 0 1 0 0 0 1 0 1 1 0 0 1 1 1 0 0 1 - 1 0 1 0 0 0 0 1 1 1 0 0 0 1 0 0 0 - 1 0 0 0 - 0 - 0 1 0 - 0 0 0
  159.5      NODE_592_PO _43928      0 0 1 0 0 0 0 1 0 1 0 0 - 0 0 1 - 0 1 - 0 1 1 1 1 1 1 1 1 0 0 0 - 1 - 0 1 - 0 1 1 1 0 0 - 0 0 1 1 1 1 1 1 1 - 0 0 - - - - 0 1 0 - 0 0 0 - 0 0 0 1 0 1 1 0 0 1 1 1 0 0 1 - 1 0 1 0 0 0 0 1 1 1 0 0 0 1 0 0 0 - 1 0 0 0 - 0 - 0 1 0 - 0 0 0
  161.6      NODE_1147_PO _25213     0 0 1 0 0 0 0 1 0 1 0 0 1 0 0 1 0 0 1 - 0 1 1 1 1 1 1 1 1 0 0 0 - 1 - 0 1 1 0 1 1 1 0 0 0 0 0 1 1 1 1 1 1 1 0 0 0 - - - 0 0 1 0 0 0 0 0 - 0 0 0 1 1 1 1 0 0 1 1 1 0 0 1 1 1 0 1 0 0 0 0 1 1 0 0 0 0 1 0 0 0 0 1 0 0 0 1 0 - 0 1 0 - 0 0 0
  168.3      NODE_436_PO _47867      0 0 1 0 0 0 0 1 1 1 1 0 - 0 0 1 - 0 1 - 0 1 1 1 1 1 1 1 0 0 0 0 - 1 - 0 1 1 0 0 1 0 0 0 0 0 0 1 1 1 1 1 1 1 0 0 0 0 - - 0 0 1 0 0 0 0 0 1 0 0 0 1 1 1 1 0 0 1 0 1 1 0 1 - 1 0 1 0 0 0 0 1 1 0 0 0 0 1 0 0 0 0 1 0 0 0 1 0 - 0 1 0 - 0 0 0
  170.2      NODE_1174_PO _14499     0 0 1 0 0 0 0 1 1 0 1 0 0 0 0 1 0 0 1 1 0 0 1 1 1 1 1 1 0 0 0 0 - 1 - 0 1 1 0 0 1 0 0 0 0 0 0 1 1 1 1 1 1 1 0 0 0 0 - 0 0 0 1 0 0 0 0 0 - 0 0 0 1 1 1 1 0 0 1 0 1 1 0 1 - 1 0 1 0 0 0 0 1 1 0 0 0 0 1 0 0 0 - 1 0 0 0 1 0 - 0 1 0 - 0 0 0
  171.1      NODE_2726_PO _21099     0 0 1 0 0 0 0 1 1 0 1 0 0 0 0 1 0 0 1 1 0 0 1 1 1 1 1 1 0 0 0 0 0 1 - 0 1 1 0 0 1 0 0 0 0 0 0 1 1 1 1 1 1 1 0 0 0 0 - - 0 0 1 0 0 0 0 0 - 0 0 0 1 1 1 1 1 0 1 0 1 1 0 1 - 1 0 1 0 0 0 0 1 1 0 0 0 0 1 0 0 0 0 1 0 0 0 1 0 - 0 1 0 - 0 0 0
  172.0      NODE_3460_PO _8997      0 0 1 0 0 0 0 1 1 0 1 0 0 0 0 1 0 0 1 - 0 0 1 1 1 1 1 1 0 0 0 0 - 1 - 0 1 1 0 0 1 0 0 0 0 0 0 1 1 1 1 1 1 1 0 0 0 0 - 0 0 0 1 0 0 0 0 0 1 0 0 0 1 1 1 1 1 0 1 0 1 1 0 1 - 1 0 1 1 0 0 0 1 1 0 0 0 0 1 0 0 0 - 1 0 0 0 1 0 - - 1 0 - 0 0 0
  179.4      NODE_6016_PO _5901      0 0 1 0 0 0 0 1 1 0 1 0 - 0 0 1 - 0 0 - 0 0 1 1 1 1 1 0 0 0 0 - - - - 0 1 - 0 1 1 0 0 0 0 0 0 1 1 1 1 - 1 1 - 0 0 - - - - 1 1 0 0 1 0 0 - 0 0 0 1 1 1 1 1 0 1 0 1 1 0 1 - 1 0 1 1 0 0 0 0 1 0 0 0 0 1 0 1 0 - 1 0 0 0 - 0 - - 1 - - 0 0 0
  183.6      NODE_9253_PO _1593      0 1 1 0 0 0 0 1 1 0 1 0 - 0 0 1 0 0 0 - 0 0 1 1 1 1 1 0 0 0 0 0 - 1 - 0 0 1 0 1 1 0 0 0 0 0 0 1 1 1 1 1 1 1 0 0 0 - - - 1 1 1 0 0 1 0 0 1 0 0 0 1 1 1 1 1 0 1 0 1 1 0 1 0 0 0 1 1 0 0 0 0 1 0 0 0 0 1 0 1 0 - 1 0 1 0 1 0 - 0 1 1 - 0 0 0
  187.9      NODE_7318_PO _8247      0 1 1 0 0 0 0 1 1 0 1 0 0 0 0 1 - 0 1 - 0 0 1 1 1 1 0 0 0 0 0 - - - - 0 0 0 - 1 1 0 0 0 - 0 0 1 1 1 1 1 1 1 - 0 0 1 1 - 1 1 1 0 0 1 0 0 - 0 0 0 1 1 1 1 1 0 1 0 1 1 0 1 - 0 0 1 1 0 0 0 0 1 - 0 0 0 1 0 - 0 - 1 0 0 0 - 0 - - 1 1 - 0 0 0
  191.0      NODE_11764_PO _3349     0 1 1 0 0 0 0 1 1 0 1 0 0 0 0 1 1 0 1 - 0 0 1 1 1 1 0 0 0 0 0 0 - 1 - 0 0 0 0 1 1 0 0 0 - 0 0 1 1 1 1 1 1 1 - 1 0 - - 0 1 1 1 0 0 1 0 0 - 0 0 0 1 1 1 1 1 0 1 0 0 1 0 1 - 0 0 1 1 1 0 0 0 1 - 0 0 0 1 0 - 0 - 1 0 0 0 1 0 - - 1 1 - 0 0 0
  192.0      NODE_4538_PO _14232     0 1 1 0 0 0 0 1 1 0 1 0 - 0 0 1 - 0 1 - 0 0 1 1 1 1 0 0 0 0 0 0 - 1 - 0 0 0 0 1 1 0 0 0 0 0 0 1 1 1 1 1 1 1 0 1 0 1 - 0 1 1 1 0 0 1 0 0 1 0 0 0 1 1 0 1 1 0 1 0 0 1 0 1 - 0 0 1 1 1 0 0 0 1 0 0 0 0 1 0 0 0 - 1 0 0 0 1 0 - 1 1 1 - 0 0 0
  199.8      NODE_8251_PO _5824      0 1 0 1 0 0 0 1 1 0 1 0 0 0 0 1 - 0 1 - 0 0 1 1 1 1 0 0 0 0 0 0 - 1 - 0 0 0 0 1 1 0 1 0 0 1 1 1 1 1 1 1 1 1 0 1 0 - - - 1 1 1 0 0 1 0 0 - 0 1 0 1 1 0 1 1 0 1 0 0 1 0 1 - 0 1 1 1 1 0 0 0 1 0 0 0 0 1 0 0 0 - 1 0 0 0 - 0 - 1 1 1 - 0 1 0
  222.4      NODE_2380_PO _18583     0 1 0 1 1 0 0 1 1 0 1 0 0 0 0 1 1 0 1 1 0 0 1 1 1 1 0 0 0 1 0 0 0 0 - 1 0 0 0 1 1 1 1 0 1 1 1 0 0 0 1 1 1 1 0 1 0 1 - 0 0 1 1 0 0 1 1 0 1 0 1 0 0 0 0 1 1 1 1 1 0 1 0 1 0 0 1 1 0 1 0 0 0 1 0 0 0 1 0 1 0 0 - 0 0 0 1 1 0 - 1 1 1 - 1 1 0
  223.3      NODE_7222_PO _1416      0 1 0 1 1 0 0 1 1 0 1 0 0 0 0 1 - 0 1 - 0 0 1 1 1 1 0 0 0 1 0 0 - 0 1 1 0 0 0 1 1 1 1 0 - 1 1 0 0 0 1 1 1 1 0 1 0 1 - - 0 1 1 0 0 1 1 0 1 0 1 0 0 0 0 1 1 0 1 1 0 1 0 1 - 0 1 1 0 1 0 0 0 1 0 0 0 1 0 1 - 0 - 0 0 0 1 1 0 - 1 1 1 - 1 1 0
  246.8      NODE_3343_PO _767       0 1 0 1 1 0 0 1 1 0 1 0 1 0 0 1 0 0 1 0 0 0 1 1 1 1 0 0 0 1 0 1 - 0 1 1 0 1 0 1 1 1 1 0 1 1 1 1 0 0 1 1 1 1 1 1 1 0 - 1 0 1 1 0 1 1 1 1 1 0 1 1 0 0 0 1 0 1 1 1 0 1 1 1 1 1 1 1 0 1 1 0 0 1 0 0 1 1 1 1 1 1 - 1 0 1 1 0 1 - - 1 0 - 1 1 0
