  0.0        NODE_1953_PO _14775      1 1 1 0 1 1 0 1 0 1 1 1 - 1 1 0 0 0 1 - 1 0 1 0 0 0 1 0 1 1 0 0 - 0 - 0 0 0 0 0 0 1 0 1 0 0 1 1 1 1 1 0 0 0 0 1 0 1 0 1 0 0 1 1 1 0 0 0 1 0 0 0 0 1 1 0 1 1 1 0 1 0 1 0 - 0 1 1 1 0 0 1 0 0 0 1 1 1 1 1 1 0 - 0 0 1 1 1 1 - 1 0 0 - 0 0 0
  2.9        NODE_6715_PO _7550       1 1 1 0 1 1 0 1 0 1 1 1 0 1 1 0 - 0 1 1 1 0 1 0 0 0 1 0 1 1 0 0 - 0 - 0 0 - 0 0 0 1 0 1 - 0 1 1 1 0 1 - 0 - 0 1 0 1 - 1 0 0 1 1 1 0 0 0 1 0 0 0 0 1 1 0 1 0 1 0 1 0 1 0 - 0 1 1 1 0 0 1 0 0 0 0 1 1 1 1 1 0 - 0 0 1 1 1 1 - 1 0 0 - 0 0 0
  5.0        NODE_1318_PO _17248      1 - 1 0 1 1 0 1 0 0 1 1 0 1 1 0 - 0 1 - 1 0 1 0 0 0 1 0 1 1 0 - - - - 0 0 0 0 0 0 1 0 1 0 0 1 0 1 0 1 - 0 0 0 1 0 - - - - 0 1 1 1 0 0 0 1 0 0 0 0 1 1 0 1 0 1 0 1 0 1 0 - 0 1 1 1 0 0 1 0 0 0 0 1 1 1 1 1 0 - 0 0 1 1 1 1 - - 0 - - 0 0 0
  6.1        NODE_5596_PO _10216      1 1 1 0 1 1 0 1 0 0 1 1 - 1 1 0 0 0 1 - 1 0 1 0 0 0 1 0 1 1 0 0 - - - 0 0 - 0 0 0 1 0 0 0 0 1 0 1 0 1 0 0 0 0 1 - - - 1 0 0 1 1 1 0 0 - 1 0 0 0 0 1 1 0 1 0 1 0 1 0 1 0 - 0 1 1 1 0 0 1 0 0 0 0 1 1 1 1 1 0 - 0 0 1 1 - 1 - - 0 0 - 0 0 0
  10.0       NODE_1721_PO _4707       1 1 1 1 1 1 0 1 0 0 1 1 0 1 1 0 0 0 1 1 1 0 1 0 0 0 1 0 1 1 0 0 0 0 - 0 0 0 0 0 0 1 1 0 0 0 1 0 1 0 1 0 0 0 0 1 0 1 0 1 0 0 1 1 1 0 0 0 1 0 0 1 0 0 1 0 1 0 1 0 1 0 1 0 - 0 1 1 1 0 0 1 0 0 0 0 1 1 1 1 1 0 - 0 0 1 1 1 1 - 1 0 0 - 0 0 0
  10.9       NODE_5175_PO _11554      1 1 1 1 1 1 0 1 0 0 1 1 0 1 1 0 0 0 1 - 1 0 1 0 0 0 1 0 1 1 0 0 - 0 - 0 0 0 0 0 0 1 1 0 0 0 1 0 1 0 1 0 0 0 0 1 0 1 - 1 0 0 1 1 1 0 0 0 1 0 0 1 0 0 1 0 1 0 1 0 1 0 1 0 - 0 1 1 1 0 0 1 0 0 0 0 1 1 1 1 1 0 - 0 0 1 1 1 1 - 1 0 0 - 0 1 0
  15.7       NODE_7192_PO _1743       1 1 1 1 1 1 0 1 0 0 1 1 1 1 1 0 - 0 1 - 1 0 1 0 0 0 0 0 1 1 0 1 - 0 - 0 0 0 0 0 0 1 1 0 0 0 1 0 1 0 1 0 0 0 - 1 0 - - 1 0 1 1 1 1 0 0 0 1 0 0 1 0 0 1 0 1 0 1 0 1 0 1 0 - 0 1 1 1 0 0 1 0 0 0 0 1 1 0 1 1 0 - 0 0 1 1 - 1 - 1 0 0 - 0 1 0
  16.7       NODE_2850_PO _7689       1 1 1 1 1 1 0 1 0 0 1 1 - 1 1 0 - 0 1 - 1 0 1 0 0 0 0 0 1 1 0 1 - 0 0 0 0 0 0 0 0 1 1 0 0 0 1 0 1 0 1 0 0 0 0 1 0 1 0 - 0 1 1 1 1 0 0 0 1 0 0 1 0 0 1 0 1 0 1 1 1 0 1 0 - 0 1 1 1 0 0 1 0 0 0 0 1 1 0 1 1 0 0 0 0 1 1 0 1 - 1 0 0 - 0 1 0
  18.6       NODE_4261_PO _1544       1 1 1 1 1 1 0 1 0 0 1 1 1 1 1 0 1 0 1 1 1 0 1 0 0 0 0 0 1 1 0 1 - 0 - 0 1 0 0 0 0 1 1 0 0 0 1 - 1 0 1 - 0 0 0 1 0 1 - - 0 1 1 1 1 0 0 0 1 0 0 1 0 0 1 0 1 0 1 1 1 0 1 0 - 0 1 1 1 0 0 1 0 0 0 0 1 1 0 1 - 0 - 0 0 1 1 0 1 - 0 0 0 - 0 1 0
  23.4       NODE_499_PO _34933       0 1 1 1 1 1 0 0 0 0 1 1 - 1 1 0 - 0 1 1 1 0 1 1 0 0 0 0 1 0 0 1 0 0 0 0 1 0 0 0 0 1 1 0 0 0 1 0 1 0 1 0 0 0 0 1 0 1 - 1 0 1 1 1 1 0 0 0 1 0 0 1 0 0 1 0 1 0 1 1 1 0 1 0 - 0 1 1 1 0 0 1 0 0 0 0 1 0 0 1 1 0 - 0 0 1 1 0 1 - 0 0 0 - 0 1 0
  24.4       NODE_997_PO _38940       0 1 1 1 1 1 0 0 0 0 1 1 1 1 1 0 - 0 1 - 1 0 1 1 0 0 0 0 1 0 0 1 - 0 - 0 1 0 0 0 0 1 1 0 1 0 1 0 1 0 1 0 0 0 0 1 0 1 - 1 0 1 1 1 1 0 0 0 1 0 0 1 0 0 1 0 1 0 1 1 1 0 1 0 - 0 1 1 1 0 0 1 0 0 0 0 1 0 0 1 1 0 - 0 0 1 1 0 1 - 0 0 0 - 0 1 0
  27.2       NODE_419_PO _35415       0 1 1 1 1 1 0 0 0 0 1 1 - 1 1 0 1 0 1 - 1 0 1 1 0 0 0 0 1 0 0 1 - 0 - 0 1 0 0 0 1 1 1 0 1 0 1 0 1 0 1 1 0 0 1 1 0 1 - - 0 1 1 1 1 0 0 0 1 0 0 1 0 0 1 0 1 0 1 1 1 0 1 0 - 0 1 1 1 0 0 1 0 0 0 0 1 0 0 1 1 0 1 0 0 1 1 0 1 - 0 0 0 - 0 1 0
  28.1       NODE_287_PO _40518       0 0 1 1 1 1 0 0 0 0 1 1 - 1 1 0 - 0 1 - 1 0 1 1 0 0 0 0 1 0 0 1 - 0 - 0 1 0 0 0 1 1 1 0 1 0 1 0 1 0 1 1 0 0 1 1 0 1 - - 0 1 1 1 1 0 0 0 1 0 0 1 0 0 1 0 1 0 1 1 1 0 1 0 - 0 1 1 1 0 0 1 0 0 0 0 1 0 0 1 1 0 - 0 0 1 1 0 1 - 0 0 0 - 0 1 0
  29.1       NODE_287_PO _26199       0 0 1 1 1 1 0 0 0 0 1 1 - 1 1 0 - 0 1 - 1 0 1 1 0 0 0 0 1 0 0 1 - 0 - 0 1 0 0 0 1 1 1 0 1 0 1 0 1 0 1 1 0 0 1 1 0 1 - - 0 1 1 1 1 0 0 0 1 0 0 1 1 0 1 0 1 0 1 1 1 0 1 0 - 0 1 1 1 0 0 1 0 0 0 0 1 0 0 1 1 0 - 0 0 1 1 0 1 - 0 0 0 - 0 1 0
  32.9       NODE_369_PO _26824       0 0 1 1 1 1 0 0 0 0 1 1 - 1 1 0 - 0 1 - 1 0 1 1 0 0 0 0 1 0 0 1 - 0 - 0 1 0 0 0 1 0 1 0 1 1 1 0 1 0 1 1 0 0 1 1 0 0 - 1 0 1 1 1 1 0 0 0 1 0 0 1 1 0 1 0 1 0 1 1 1 0 1 0 0 0 1 1 1 0 1 1 0 0 0 0 1 0 0 1 1 0 - 0 0 1 1 0 1 - 0 0 0 - 0 1 0
  36.9       NODE_1829_PO _22446      0 0 1 0 1 1 0 0 0 0 1 1 - 1 1 0 - 0 0 - 1 0 1 1 0 0 0 0 1 0 0 - - - - 0 1 - 0 0 1 0 1 - 1 1 1 0 1 0 1 1 0 0 1 1 0 - - - 0 1 1 1 1 0 0 0 1 0 0 1 1 0 0 0 1 0 1 1 1 1 1 0 - 0 1 1 1 0 1 1 0 0 0 0 1 0 0 1 - 0 - 0 0 1 1 - 1 - - 0 0 - 0 1 0
  39.1       NODE_1419_PO _2783       0 0 1 0 1 1 0 0 0 0 1 1 1 1 1 0 - 0 0 - 1 0 1 1 0 0 0 0 1 0 0 1 - 0 - 0 1 0 0 0 1 0 1 0 1 1 1 0 1 0 1 1 1 0 1 1 - 0 1 1 0 1 1 1 1 0 0 0 - 0 0 1 1 0 0 0 1 0 1 1 1 1 1 0 0 0 1 1 - 0 1 0 0 0 0 0 1 0 0 1 1 0 - 0 0 1 1 - 1 - 0 0 - - 0 1 0
  43.0       NODE_534_PO _30217       0 0 0 0 1 1 0 0 0 0 1 1 - 1 1 0 - 0 0 - 1 0 1 1 0 0 0 0 1 0 1 1 - 0 - 0 1 0 0 0 1 0 1 0 1 1 1 0 1 0 1 1 1 0 1 1 0 0 - 1 0 1 1 1 1 0 0 0 1 0 0 1 1 0 0 0 1 - 1 1 1 1 1 1 - 0 1 1 1 0 1 0 0 0 0 0 1 0 0 1 1 0 - 0 0 1 1 0 0 - 0 0 0 - 0 1 0
  47.8       NODE_2322_PO _19600      0 0 0 0 1 1 0 0 0 0 1 1 1 1 1 0 1 0 0 1 1 0 1 1 0 0 0 1 1 0 1 1 0 0 - 0 1 0 0 0 1 0 1 0 0 1 1 0 1 0 1 1 1 0 1 0 0 0 - 1 1 1 1 1 1 0 0 0 1 0 0 1 1 0 0 0 1 1 1 1 1 1 1 1 - 0 1 0 1 0 1 0 0 0 0 0 1 0 0 1 1 0 1 0 0 1 1 0 0 - 0 0 0 - 0 1 0
  49.6       NODE_1346_PO _24123      0 0 0 0 1 1 0 0 0 0 1 1 1 1 1 0 - 0 0 1 1 0 1 1 0 0 0 1 1 0 1 1 0 0 - 0 1 0 0 0 1 0 1 0 0 1 0 0 1 0 1 1 1 0 1 0 0 0 - 1 1 1 1 1 1 0 0 0 1 0 0 1 1 0 0 0 1 1 1 1 0 1 1 1 - 0 1 0 1 0 1 0 0 0 0 0 1 0 0 1 1 0 - 0 0 1 1 0 0 - 0 0 0 - 0 1 0
  53.3       NODE_748_PO _43191       0 0 0 0 1 1 0 0 0 1 1 1 1 1 1 0 1 0 0 - 1 0 1 1 0 0 0 1 1 0 1 1 - 0 - 0 1 0 0 0 1 0 1 0 0 1 0 0 1 0 1 1 1 0 1 1 0 0 - 1 1 1 1 1 1 0 0 0 1 1 0 1 1 0 0 0 1 1 1 1 0 - 1 1 - 0 1 0 1 1 1 0 0 0 0 0 1 0 0 1 1 0 - 0 0 1 1 0 0 - 0 0 0 - 0 1 0
  55.2       NODE_148_PO _32780       0 0 0 0 1 1 0 0 0 1 1 1 - 1 0 0 1 0 0 1 1 0 1 1 0 0 0 1 1 0 1 1 0 0 - 0 1 0 0 0 1 0 1 0 0 1 0 0 1 0 1 1 1 0 1 1 0 - 0 1 1 1 1 1 1 0 0 0 1 1 0 1 1 0 0 0 1 1 1 1 0 1 1 1 - 0 1 0 0 1 1 0 0 0 0 0 1 0 0 1 1 0 - 0 0 1 1 0 0 - 0 0 0 - 0 1 0
  57.9       NODE_148_PO _78346       0 0 0 0 1 1 0 0 0 1 1 1 - 1 0 0 0 0 0 - 1 0 1 1 0 0 0 1 1 0 1 1 0 0 - 0 1 0 0 0 0 0 1 0 0 1 0 0 1 0 1 1 1 0 1 1 0 0 0 1 1 1 0 1 1 0 0 0 1 1 0 1 1 0 0 0 1 1 1 1 0 1 1 1 0 0 1 0 0 1 1 0 0 0 0 0 1 0 0 1 1 0 - 0 0 1 1 0 0 - 0 0 0 - 0 1 0
  60.9       NODE_6064_PO _2905       0 0 0 0 1 1 0 0 0 1 1 1 - 1 0 0 - 0 0 - 1 0 1 1 0 0 0 1 1 0 1 1 - 0 - 0 1 0 0 0 1 - 1 0 - 1 0 0 0 0 1 1 1 0 1 1 0 - - - 1 1 1 1 1 0 0 0 - 1 0 1 1 0 0 0 1 1 1 1 0 1 1 1 - 0 1 0 0 1 1 0 0 0 0 0 1 0 0 1 - 0 - 0 0 1 1 0 0 - 0 0 0 - 0 1 0
  61.9       NODE_1675_PO _32218      0 0 0 0 1 1 0 0 0 1 1 1 - 1 0 0 - 0 0 - 1 0 1 1 0 0 0 1 1 0 1 1 - 0 - 0 1 0 0 0 1 0 1 0 0 1 0 0 0 0 1 1 1 0 - 1 0 0 - - 1 1 1 1 1 0 0 0 1 1 0 1 0 0 0 0 1 1 1 1 0 1 1 1 - 0 1 0 0 1 1 0 0 0 0 0 1 0 0 1 1 0 - 0 0 1 1 0 0 - 0 0 0 - 0 1 0
  62.9       NODE_1264_PO _14659      0 0 0 0 1 1 0 0 0 1 1 1 - 1 0 0 - 0 0 - 1 0 1 1 0 0 0 1 1 0 1 - - 0 - 0 1 0 0 0 1 - 1 0 - 1 0 0 0 0 1 1 1 0 - 1 0 - - - - 1 1 1 1 0 0 0 1 1 0 1 0 0 0 0 1 1 1 1 0 1 1 1 - 0 1 0 0 1 1 0 0 0 0 0 1 0 0 1 1 0 - 0 0 1 0 0 0 - 0 0 - - 0 1 0
  65.0       NODE_463_PO _36581       0 0 0 0 1 1 0 0 0 1 1 1 - 1 0 0 - 0 0 - 1 0 1 1 0 0 0 1 0 0 1 1 0 0 - 0 1 0 0 0 1 0 1 0 - 1 0 0 0 0 1 0 1 0 - 1 0 0 - - - 1 1 1 1 0 0 0 - 1 0 1 0 0 0 0 1 - 1 1 0 1 1 1 - 0 1 0 0 1 1 0 0 0 0 0 1 0 0 1 1 0 - 0 0 1 0 0 0 - - 0 0 - 0 1 0
  69.1       NODE_463_PO _5918        0 0 0 0 1 1 1 0 0 1 1 1 1 1 0 0 - 0 0 - 1 0 1 1 0 0 1 1 0 0 1 1 - 0 0 0 1 0 0 0 1 0 1 0 - 1 0 0 0 0 0 0 1 0 1 1 0 - - 1 1 1 1 1 1 0 0 0 1 1 0 1 0 0 0 0 1 1 1 1 0 1 1 1 - 0 1 0 1 1 1 0 0 0 0 0 1 0 0 1 1 0 - 0 0 1 0 0 0 - 0 0 0 - 0 1 0
  73.8       NODE_5609_PO _3060       0 0 0 0 1 1 1 0 0 1 1 1 1 1 0 0 1 0 0 1 1 0 1 1 0 0 1 1 0 0 1 1 - 0 - 0 1 0 0 0 1 0 1 0 1 1 0 0 0 0 0 0 1 0 1 1 0 0 - 1 1 0 1 0 0 0 0 0 1 1 0 1 0 0 0 0 1 1 1 1 0 1 1 1 0 0 1 0 1 1 1 0 0 0 0 0 1 0 0 1 - 0 - 0 0 1 0 1 0 - 0 1 0 - 0 1 0
  76.8       NODE_1373_PO _26302      0 0 0 0 1 1 1 0 0 1 1 1 1 1 0 1 - 0 0 - 1 0 1 1 0 0 1 1 0 0 1 1 - 1 - 0 1 0 0 0 1 0 1 0 1 1 0 0 0 0 0 0 1 0 - 1 0 - - - - 0 1 0 0 0 0 0 - 1 0 1 0 0 0 0 1 1 1 0 0 1 1 1 - 0 1 0 1 1 1 0 0 0 0 0 1 0 0 1 0 0 - 0 0 1 0 - 0 - 0 1 0 - 0 1 0
  80.7       NODE_993_PO _3231        0 0 0 0 1 1 1 0 0 1 1 1 1 1 0 1 - 0 0 - 1 0 1 0 0 0 1 1 0 0 1 1 - 1 - 0 1 0 0 0 1 0 1 0 1 1 0 0 0 0 0 0 1 0 1 1 1 0 - 1 1 0 1 0 0 0 0 0 1 1 0 1 0 0 0 0 1 1 1 0 0 1 1 1 - 1 1 0 1 1 1 0 0 0 0 1 1 0 0 1 0 0 - 0 0 1 0 - 0 - 0 1 0 - 0 1 0
  81.7       NODE_3121_PO _3784       0 0 0 0 1 1 1 0 0 1 1 1 0 1 0 1 - 0 0 - 1 0 1 0 0 0 1 1 0 0 1 1 - 1 - 0 1 0 0 0 1 0 1 0 1 1 0 0 0 0 0 0 1 0 1 1 1 - - - 1 0 1 0 0 0 0 0 1 1 0 1 0 0 0 0 1 1 1 0 0 1 1 1 - 1 1 0 1 1 1 0 0 0 0 1 1 0 0 1 0 0 - 0 0 1 0 - 0 - 0 1 0 - 0 1 0
  87.4       NODE_742_PO _4145        0 1 0 1 1 1 1 0 0 1 1 1 0 1 0 1 1 0 0 1 1 0 1 0 0 0 1 1 0 0 1 1 - 1 - 0 1 0 0 0 1 0 1 0 1 1 0 0 0 0 0 0 1 0 1 1 1 0 - 1 1 0 1 0 0 0 0 0 1 1 0 1 0 0 0 0 1 0 1 0 0 1 0 1 1 1 1 0 1 1 1 0 0 0 0 1 1 1 0 1 0 0 - 1 0 1 0 1 0 - 0 1 0 - 0 1 0
  89.3       NODE_3649_PO _15359      0 1 0 1 1 1 1 0 0 1 1 0 0 1 0 1 - 0 0 - 1 0 1 0 0 0 1 1 0 0 1 1 - 1 - 0 1 0 0 0 1 0 1 0 1 1 0 0 0 0 0 0 1 0 1 1 1 0 - - 1 0 1 0 0 0 0 1 1 1 0 1 0 0 0 0 1 0 1 0 0 1 0 1 1 1 1 0 1 1 1 0 0 0 0 1 1 1 0 1 0 0 1 1 0 1 0 1 0 - 0 1 0 - 0 1 0
  92.1       NODE_497_PO _34111       0 1 0 1 1 1 1 0 0 1 1 0 0 1 0 1 - 0 0 - 1 0 1 0 0 0 1 1 0 0 1 1 - 1 - 0 1 0 1 0 1 0 0 0 1 1 0 0 0 0 0 0 1 0 1 1 1 - - - - 0 1 0 0 0 0 1 - 1 0 1 0 0 0 0 1 0 1 0 0 1 0 1 1 1 1 0 1 1 1 0 0 0 0 1 1 1 0 1 0 1 - 1 0 1 0 1 0 - 0 1 0 - 0 1 0
  94.0       NODE_7028_PO _6677       0 1 0 1 1 1 1 0 0 1 1 0 0 1 0 1 - 0 0 1 1 0 1 0 0 0 1 1 0 0 1 1 - 1 1 0 1 0 1 0 1 0 0 0 1 1 0 0 0 0 0 0 1 0 1 1 1 0 1 1 1 0 1 0 0 0 0 1 1 0 0 1 0 0 1 0 1 0 1 0 0 1 0 1 1 1 1 0 1 1 1 0 0 0 0 1 1 1 0 1 0 1 - 1 0 1 0 - 0 - 0 1 0 - 0 1 0
  101.6      NODE_7817_PO _527        0 1 1 1 1 1 1 0 1 1 1 0 0 1 0 1 1 0 0 - 1 0 1 0 0 0 1 1 0 0 1 1 - 1 - 0 1 0 1 0 0 0 0 0 0 1 1 1 0 0 0 0 1 0 1 1 1 0 - - 1 0 1 0 0 0 1 1 - 0 0 1 0 0 1 0 1 0 1 0 0 1 0 0 1 1 1 0 1 1 1 0 0 0 0 1 1 1 0 1 0 1 1 1 0 1 0 1 0 - 0 1 0 - 0 1 0
  103.6      NODE_9859_PO _1824       0 1 1 1 1 1 1 0 1 1 1 0 - 1 0 1 - 0 0 - 1 0 1 0 0 0 1 1 0 0 1 1 - 1 - 0 1 0 1 0 0 0 0 1 0 1 1 1 0 0 0 0 1 0 1 1 1 0 - - 1 0 1 0 0 0 1 1 0 0 0 1 0 0 1 0 1 0 1 0 0 1 0 0 1 1 1 0 1 1 1 0 0 0 0 1 1 1 0 1 0 0 - 1 0 1 0 - 0 - - 1 - - 0 1 0
  110.3      NODE_1976_PO _10004      0 1 1 0 1 1 1 0 1 1 0 0 0 1 0 1 1 0 0 - 1 0 1 0 0 0 1 1 0 0 1 0 0 1 - 0 1 0 1 0 0 0 0 1 0 0 1 1 0 0 0 0 1 0 1 1 1 0 - 1 1 0 1 0 1 0 1 1 0 0 0 1 0 0 1 0 1 0 1 0 0 1 0 0 1 1 1 0 1 1 1 0 0 0 0 1 1 0 0 1 0 0 - 1 0 1 1 1 0 - 0 1 0 - 0 1 0
  115.0      NODE_599_PO _15602       0 1 1 0 1 1 1 0 1 0 0 0 0 1 0 1 1 0 0 - 1 0 1 0 1 1 1 1 0 0 1 0 - 1 - 0 0 0 1 0 0 0 0 1 0 0 1 1 0 0 0 0 1 0 1 1 1 0 - - 1 0 1 0 1 0 1 1 0 0 0 1 0 0 1 0 0 0 1 0 0 - 0 0 1 1 1 0 1 1 1 0 0 0 0 1 1 0 0 1 0 0 - 1 0 1 1 1 0 - 0 1 0 - 0 1 0
  118.9      NODE_1858_PO _6021       1 1 1 0 1 1 1 0 1 0 0 0 0 1 0 1 - 0 0 - 1 0 1 0 1 1 1 0 0 0 1 0 - - - 0 - 0 1 0 0 0 0 1 - 0 1 1 0 0 1 - 1 0 - 1 1 0 - 1 1 0 1 0 1 0 1 1 0 0 0 1 0 0 1 0 0 0 1 1 0 1 0 0 1 1 1 0 1 1 1 0 0 0 0 1 1 0 0 1 0 0 - 1 0 1 1 1 0 - 0 1 0 - 0 1 0
  125.9      NODE_1176_PO _20396      1 1 1 0 1 1 1 0 1 0 0 0 0 1 0 1 1 0 0 - 1 0 1 1 1 1 1 0 0 0 1 0 - 1 - 0 0 - 1 0 0 0 0 1 0 0 0 1 0 0 1 - 1 0 1 1 1 - - 1 1 0 1 0 1 0 1 0 0 0 0 1 0 0 0 0 0 0 1 1 0 1 0 1 - 0 1 0 1 1 1 0 0 0 0 1 1 0 0 1 0 0 - 1 0 1 1 1 0 - 0 1 0 - 0 0 0
  126.9      NODE_1176_PO _13816      1 1 1 0 1 1 1 0 1 0 0 0 0 1 0 1 - 0 0 - 1 0 1 1 1 1 0 0 0 0 1 0 - 1 - 0 0 0 1 0 0 0 0 1 0 0 0 1 0 0 1 0 1 0 1 1 1 - - - 1 0 1 0 1 0 1 0 - 0 0 1 0 0 0 0 0 0 1 1 0 1 0 1 - 0 1 0 1 1 1 0 0 0 0 1 1 0 0 1 0 0 1 1 0 1 1 1 0 - 0 1 0 - 0 0 0
  132.8      NODE_704_PO _19635       1 1 1 0 1 1 1 0 1 0 0 1 - 0 0 1 1 0 0 - 1 0 1 1 1 1 0 0 0 0 1 - - 1 - 0 0 0 1 0 0 0 0 1 - 0 0 1 0 0 1 1 1 0 0 1 1 1 - 1 1 0 1 0 1 0 1 0 - 0 0 1 0 0 0 0 0 0 1 1 0 1 1 1 - 0 1 0 1 1 1 0 0 0 0 1 1 0 0 1 0 0 - 1 1 1 1 1 0 - - 1 0 - 0 0 0
  135.8      NODE_5730_PO _10141      1 1 0 0 1 1 1 0 1 0 0 1 - 0 0 1 - 0 0 1 1 0 1 1 1 1 0 0 0 0 1 0 - 1 - 0 0 0 1 0 0 0 0 1 0 0 0 1 0 0 1 1 0 0 0 1 1 1 - - 1 1 1 0 1 0 1 0 0 0 0 1 0 0 0 0 0 0 1 1 0 1 1 1 - 0 1 0 1 1 1 0 0 0 0 1 1 0 0 1 0 0 - 1 1 - 1 1 0 - 0 1 0 - 0 0 0
  138.7      NODE_2090_PO _837        1 1 0 0 0 1 1 0 1 0 0 1 0 0 1 1 - 0 0 - 1 0 1 1 1 1 0 0 0 1 1 0 0 1 - 0 0 0 1 0 0 0 0 1 0 0 0 1 0 0 1 1 0 0 0 1 1 1 - - 1 1 1 0 1 0 1 0 - 0 0 1 0 0 0 0 0 0 1 1 0 1 1 1 - 0 1 0 1 1 1 0 0 0 0 1 1 0 0 1 0 0 - 1 1 1 1 - 0 - - 1 0 - 0 0 0
  141.6      NODE_7928_PO _2574       1 1 0 0 0 1 1 0 1 0 0 1 0 0 1 1 - 0 0 1 1 0 1 1 1 1 0 0 0 1 1 - 0 1 - 0 0 0 1 0 0 0 0 1 0 0 0 1 0 0 1 1 0 0 0 1 1 1 - 1 1 1 0 0 1 0 1 0 0 1 0 1 0 0 0 0 0 0 1 1 0 1 1 1 - 0 1 0 1 1 0 0 0 0 0 1 1 0 0 1 0 0 - 1 1 1 1 1 0 - 0 1 0 - 0 0 0
  142.5      NODE_7134_PO _2054       1 1 0 0 0 1 1 0 1 0 0 1 0 0 1 1 0 0 0 1 1 0 1 1 1 1 1 0 0 1 1 0 0 1 - 0 0 0 1 0 0 0 0 1 0 0 0 1 0 0 1 1 0 0 0 1 1 1 - - 1 1 0 0 1 0 1 0 0 1 0 1 0 0 0 0 0 0 1 1 0 1 1 1 0 0 1 0 1 1 0 0 0 0 0 1 1 0 0 1 0 0 1 1 1 1 1 1 0 - 0 1 0 - 0 0 0
  143.6      NODE_3990_PO _1566       1 1 0 0 0 1 1 0 1 0 0 1 0 0 1 1 - 0 0 - 1 0 1 1 1 1 1 0 0 - 1 0 - - - 0 - 0 1 0 0 0 0 1 0 0 0 1 0 0 1 1 0 0 - - - - - - - 1 0 0 - 0 1 0 0 1 0 1 0 0 0 0 0 - 1 1 0 1 1 1 1 0 1 0 1 1 0 0 0 0 0 1 1 0 - 1 0 0 - 1 1 1 1 - 0 - - 1 - - 0 0 0
