  0.0        NODE_500_PO _52428       1 1 1 1 0 0 1 0 1 1 0 0 - 1 1 1 - 0 0 - 1 0 1 1 1 1 1 1 0 1 1 0 - 0 - 1 0 0 0 0 1 0 1 0 1 0 0 - 0 0 0 0 0 0 0 0 1 - - - 1 0 1 0 0 1 0 0 - 1 0 1 0 0 0 1 0 0 1 0 0 0 1 0 - 0 1 0 1 0 1 0 1 1 1 1 1 0 1 0 - 0 0 1 1 0 1 1 0 - 1 0 1 - 1 0 1
  5.0        NODE_500_PO _35625       1 1 1 1 0 0 1 0 1 1 0 0 0 1 1 1 0 0 0 - 1 0 1 1 1 1 1 1 0 1 1 0 1 0 - 0 0 0 0 0 1 0 1 1 1 0 0 1 0 0 0 0 0 0 0 0 1 0 0 0 1 0 1 0 0 1 0 0 0 1 0 1 0 0 0 1 0 0 1 0 0 0 1 0 0 0 1 1 0 0 1 0 1 1 1 1 1 0 1 0 1 0 - 1 1 0 1 - 0 - 1 1 1 - 1 0 1
  6.8        NODE_500_PO _19114       1 1 1 1 0 0 1 0 0 1 0 0 0 1 1 1 - 0 1 0 1 0 1 1 1 1 1 1 0 1 1 0 1 0 - 0 0 0 0 0 1 0 1 1 1 0 0 1 0 0 0 0 0 0 0 0 1 0 - - 1 0 1 0 0 1 0 0 0 1 0 1 0 0 0 1 0 0 1 0 0 0 1 0 - 0 1 1 0 0 1 0 1 1 1 1 1 0 1 0 1 0 - 1 1 0 1 1 0 - 1 1 1 - 1 0 1
  13.5       NODE_1165_PO _17540      1 1 1 1 0 0 1 0 0 1 0 0 0 1 1 1 0 0 1 - 1 0 0 1 1 1 0 1 0 0 1 0 - 0 - 0 0 0 0 0 1 0 1 1 1 0 0 1 0 0 0 0 0 0 0 1 1 0 - 0 1 0 1 0 0 1 0 1 0 1 0 1 0 0 0 1 0 0 1 0 0 0 1 0 - 0 1 1 0 0 1 0 1 1 1 1 1 0 1 1 0 0 - 1 1 0 1 - 0 - 1 1 1 - 1 0 1
  17.3       NODE_2168_PO _2063       1 1 1 1 0 0 1 1 0 1 0 0 - 1 1 1 0 0 1 - 1 0 0 1 1 1 0 1 0 0 1 - - - - 0 0 0 0 0 1 0 0 1 - 0 0 1 0 1 0 0 0 0 0 1 1 0 - 0 1 0 1 0 0 0 0 1 0 1 0 1 0 0 0 1 0 0 1 0 0 0 1 0 0 0 1 1 0 0 1 0 1 1 1 1 1 0 1 1 0 0 - 1 1 0 1 1 0 - 1 1 1 - 1 0 1
  19.4       NODE_7888_PO _5793       1 1 1 1 0 0 1 1 0 1 0 0 0 1 1 1 - 0 1 - 1 0 0 1 1 1 0 1 0 0 1 0 - 0 - 0 1 0 0 0 1 0 0 1 1 0 0 1 0 1 0 0 0 0 0 1 1 - - - 1 0 1 0 0 0 0 - - 1 0 1 0 0 0 1 0 0 1 0 0 - 1 0 - 0 1 1 0 0 1 0 1 1 1 0 1 0 1 1 - 0 - 1 1 0 1 - 0 - - 1 1 - 1 0 1
  22.4       NODE_1166_PO _30373      1 1 1 1 0 0 1 1 0 1 0 0 0 1 1 1 0 0 1 0 1 0 0 1 1 1 0 1 0 0 1 0 1 0 1 0 1 0 0 0 1 0 0 1 1 0 0 1 0 1 0 0 0 0 0 1 1 0 - 0 1 0 1 0 0 0 0 1 0 1 0 1 0 0 0 1 0 0 1 0 0 0 1 1 0 0 1 1 0 0 1 0 1 1 0 0 1 0 1 1 0 0 - 1 1 0 0 1 0 - 1 1 1 - 1 0 1
  28.0       NODE_702_PO _17377       1 1 1 1 0 0 0 1 0 1 0 0 - 1 1 1 0 0 1 - 1 0 0 0 1 1 0 1 0 0 1 0 - 0 - 0 1 0 1 0 1 0 0 1 1 0 0 1 0 1 0 0 0 0 1 1 1 0 0 0 1 0 1 0 0 0 0 1 - 1 0 1 0 0 0 1 0 0 1 0 0 0 1 1 - 0 0 1 0 0 1 0 1 1 0 0 1 0 1 1 0 0 - 1 1 1 0 1 0 - 1 1 1 - 1 0 1
  29.0       NODE_1530_PO _20907      1 1 1 1 0 0 0 1 0 1 0 0 0 1 1 1 - 0 1 - 1 0 0 0 1 1 0 1 0 0 0 - - 0 - 0 1 0 1 0 1 0 0 1 1 0 0 1 0 1 0 - 0 0 1 1 1 0 - - 1 0 1 0 0 0 0 1 0 1 0 1 0 0 0 1 0 0 1 0 0 0 1 1 - 0 0 1 0 0 1 0 1 1 0 0 1 0 1 1 0 0 - 1 1 1 0 - 0 - 1 1 1 - 1 0 1
  31.9       NODE_1610_PO _14977      1 0 1 1 0 0 0 1 0 1 0 0 - 1 1 1 0 0 1 0 1 0 0 0 1 1 0 1 0 0 0 0 - 0 - 0 1 0 1 0 1 0 0 1 1 0 0 1 0 1 0 0 0 0 1 1 1 0 - 0 1 0 1 1 0 0 0 1 - 1 0 1 0 0 0 1 0 0 1 1 0 0 1 1 0 0 0 1 0 0 1 0 1 1 0 0 1 0 1 1 0 0 1 1 1 1 0 - 0 - 1 1 1 - 1 0 1
  36.8       NODE_5772_PO _11237      1 0 1 1 0 0 0 1 0 1 0 0 0 1 1 1 0 0 1 - 1 0 0 0 1 1 0 1 0 0 0 0 - 0 - 0 1 0 1 0 1 0 0 1 1 0 0 1 0 1 0 0 0 0 1 1 1 - - - 1 0 0 1 0 0 0 1 0 1 0 1 0 0 0 0 0 0 1 1 0 - 1 1 - 0 0 1 0 0 1 0 0 1 0 0 1 0 1 1 0 0 - 1 1 1 0 0 0 - 1 0 1 - 1 1 1
  44.5       NODE_841_PO _19043       1 0 1 1 0 0 0 1 0 1 0 0 - 1 1 1 0 0 1 - 0 0 0 0 1 1 0 1 0 0 0 0 - 0 - 0 1 0 1 0 1 0 0 1 1 0 0 1 0 1 0 1 0 0 1 1 1 0 0 0 1 0 0 1 0 0 0 0 0 1 0 1 1 0 0 0 0 0 1 1 0 0 0 1 0 0 0 1 0 0 1 0 0 1 1 0 1 1 1 1 0 0 - 1 1 1 0 0 1 - 1 0 1 - 1 1 1
  45.4       NODE_79_PO _26758        1 0 1 1 0 0 0 1 0 1 0 0 0 1 1 1 - 0 0 - 0 0 0 0 1 1 0 1 0 0 0 0 - 0 - 0 1 0 1 0 1 0 0 1 1 0 0 1 0 1 0 1 0 0 1 1 1 - 0 - 1 0 0 1 0 0 0 0 0 1 0 1 1 0 0 0 0 0 1 1 0 0 0 1 - 0 0 1 0 0 1 0 0 1 1 0 1 1 1 1 0 0 1 1 1 1 0 0 1 - 1 0 1 - 1 1 1
  50.1       NODE_867_PO _35075       1 0 1 1 0 0 0 1 0 1 0 0 0 1 1 1 0 0 0 0 0 0 0 0 1 1 0 1 0 0 0 0 - 0 - 0 1 1 0 1 1 0 0 1 1 0 0 1 0 1 0 1 0 0 1 1 1 0 - 0 1 0 0 1 0 0 0 0 0 1 1 1 1 0 0 0 0 0 1 1 0 0 0 1 1 0 0 1 0 0 1 0 1 1 1 0 1 1 1 1 0 0 1 1 1 1 0 0 1 - 1 0 1 - 1 1 1
  53.0       NODE_4274_PO _8329       1 0 1 1 0 0 0 1 0 1 0 0 - 1 1 1 - 0 0 - 0 0 0 0 1 1 0 1 0 0 0 0 - 0 - 0 1 1 0 1 1 0 0 1 1 0 0 1 0 1 0 1 0 0 - 1 1 - - - 1 0 0 1 0 0 0 0 - 1 1 1 1 0 0 0 0 0 1 1 0 0 0 0 - 0 0 0 0 0 1 0 1 1 1 0 1 1 1 1 1 0 - 1 1 1 0 0 1 - 1 0 1 - 1 1 1
  58.9       NODE_176_PO _74631       1 0 0 1 0 0 0 1 0 1 0 0 0 1 1 1 0 0 0 - 0 0 0 0 1 0 0 1 0 0 0 0 - 0 - 0 1 1 0 1 1 0 0 1 1 0 0 0 0 1 0 1 0 0 1 1 1 0 - 0 1 0 0 1 0 0 0 0 0 1 1 1 1 0 0 0 1 0 1 1 0 0 0 0 - 0 0 0 0 0 1 0 1 1 1 0 1 1 1 1 1 0 - 1 1 1 0 0 1 - 1 0 0 - 0 1 1
  59.8       NODE_373_PO _27336       1 0 0 1 0 0 0 1 0 1 0 0 - 1 1 1 0 0 0 - 0 0 0 0 1 0 0 1 0 0 0 0 0 - - 0 1 1 0 1 1 0 0 1 1 0 0 0 1 1 0 1 0 0 1 1 1 0 - - 1 0 0 1 0 0 0 0 0 1 1 1 1 0 0 0 1 0 1 1 0 0 0 0 - 0 0 0 0 0 1 0 1 1 1 0 1 1 1 1 1 0 - 1 1 1 0 0 1 - 1 0 0 - 0 1 1
  62.8       NODE_3985_PO _9251       1 0 0 1 0 0 0 1 0 1 0 0 - 0 1 1 - 1 0 - 0 0 0 0 1 0 0 1 0 0 0 0 - 0 - 0 1 1 0 1 1 0 0 1 1 0 0 0 1 1 0 1 0 0 1 1 1 - - 0 1 0 0 1 0 0 0 0 - 1 1 1 1 0 0 0 1 0 1 1 0 0 0 0 - 0 0 0 0 0 1 0 1 1 1 0 0 1 1 1 1 0 - 1 1 1 0 0 - - - 0 0 - 0 1 1
  64.8       NODE_916_PO _2888        1 0 0 1 0 0 0 1 0 1 0 0 - 0 1 1 - 1 0 - 0 0 0 0 1 0 0 1 0 0 0 0 0 0 - 0 1 1 0 1 1 0 0 1 0 0 0 0 1 0 0 1 0 0 1 1 1 0 - - 1 0 0 1 0 0 0 0 0 1 1 1 1 0 0 0 1 0 1 1 0 0 0 0 - 0 0 0 0 0 1 0 1 1 1 0 0 1 1 1 - 0 - 1 1 1 0 0 1 1 1 0 0 - 0 1 1
  68.8       NODE_849_PO _24715       1 0 0 1 0 0 0 1 0 1 0 0 1 0 1 1 0 1 0 - 0 0 0 0 1 0 0 1 0 0 0 0 - 0 - 0 1 1 0 1 1 1 0 1 - 0 0 0 1 0 0 - 0 0 1 1 0 - - 0 - 0 0 1 0 0 0 0 - 1 1 1 1 0 0 0 0 0 1 1 0 0 0 0 - 0 0 0 0 0 1 0 1 1 1 0 0 1 1 0 1 - - 1 1 1 0 0 1 - - 0 0 - 0 1 1
  69.8       NODE_5511_PO _5799       1 0 0 1 0 0 0 1 0 1 0 0 1 0 1 1 - 1 0 0 0 0 0 0 1 0 0 1 0 0 0 0 - 0 - 1 1 1 0 1 1 1 0 1 0 0 0 0 1 0 0 1 0 0 1 1 0 0 - - 1 0 0 1 0 0 0 0 - 1 1 1 1 0 0 0 0 0 1 1 0 0 0 0 - 0 0 0 0 0 1 0 1 1 1 0 0 1 1 0 1 1 - 1 1 1 0 0 1 - 0 0 0 - 0 1 1
  71.7       NODE_211_PO _10412       1 0 0 1 0 0 1 1 0 1 0 0 1 0 1 1 - 1 0 - 0 0 0 0 1 0 0 1 0 0 0 0 - 0 - 1 1 1 0 1 1 1 0 1 0 0 0 0 1 0 0 1 0 0 1 1 0 0 - 0 1 0 0 1 0 0 0 0 0 1 1 1 1 0 0 0 0 0 1 1 0 0 0 0 - 0 0 0 1 0 1 0 1 1 1 0 0 1 1 0 1 1 - 1 1 1 0 0 1 - 0 0 0 - 0 1 1
  74.5       NODE_8433_PO _6738       1 0 0 1 0 1 1 1 1 1 0 0 1 0 1 1 0 1 0 - 0 0 0 0 1 0 0 0 0 0 0 0 0 0 - 1 1 1 0 1 1 1 0 1 0 0 0 0 1 0 0 1 0 0 1 1 0 0 - 0 1 0 0 1 0 0 0 0 0 1 1 1 1 0 0 0 0 0 1 1 0 0 0 0 1 0 0 0 1 0 1 0 1 1 1 0 0 1 1 0 1 1 - 1 1 1 0 0 1 - 0 0 0 - 0 1 1
  78.1       NODE_125_PO _41539       1 0 0 1 0 1 1 1 1 1 0 0 1 0 1 1 0 1 0 0 0 0 0 0 1 1 0 0 0 0 0 1 0 0 - 1 1 1 0 1 1 1 0 1 0 0 0 0 1 0 0 1 0 0 1 1 0 - - 0 1 0 0 1 0 0 0 0 0 1 1 1 1 0 0 0 0 0 0 1 0 0 0 0 1 0 0 0 1 0 0 0 1 1 1 0 0 1 1 0 1 1 - 1 1 1 0 0 1 - 0 0 0 - 0 1 1
  82.8       NODE_698_PO _36526       1 0 0 1 0 1 1 1 1 0 0 0 1 0 1 1 0 1 1 - 0 0 0 0 1 1 0 0 0 0 0 1 - 0 - 1 1 1 0 1 1 1 0 1 0 0 0 0 1 0 0 1 0 0 1 1 0 - - 0 1 0 0 0 0 0 0 0 0 1 1 1 1 0 0 0 0 0 0 1 0 0 0 0 1 0 0 0 1 0 0 1 1 1 1 0 0 1 1 0 1 1 - 1 1 0 0 0 1 - - 0 0 - 0 1 1
  83.7       NODE_5507_PO _5119       1 - 0 1 0 1 1 1 1 0 0 0 1 0 1 1 0 1 1 - 0 0 0 0 1 1 0 0 0 0 0 1 - 0 1 1 1 1 0 1 1 1 0 1 0 0 0 0 1 1 0 1 0 0 1 1 0 0 - 0 1 0 0 0 0 0 0 0 0 1 1 1 1 0 0 0 0 0 0 1 0 0 0 0 1 0 0 0 1 0 0 1 1 1 1 0 0 1 1 0 1 1 1 1 1 0 0 0 1 - 0 0 0 - 0 1 1
  91.2       NODE_6937_PO _1319       1 0 0 1 0 1 1 1 1 0 0 0 1 0 1 1 0 1 1 - 0 0 0 0 1 1 1 0 0 0 0 1 - 0 - 1 1 1 0 1 1 1 0 1 0 0 0 0 1 1 0 0 0 1 1 1 0 0 - 0 1 0 0 0 0 0 0 1 - 1 1 1 1 0 0 0 0 0 0 1 0 1 0 0 - 0 0 1 1 0 0 1 1 0 1 0 0 1 1 0 1 1 - 1 1 0 1 0 1 - 0 0 0 - 0 1 1
  92.2       NODE_467_PO _5023        1 0 0 1 0 1 1 1 1 0 0 0 1 0 1 1 - 1 1 - 0 0 0 0 1 1 1 0 0 0 0 1 - 0 - 1 1 1 0 1 1 1 0 1 - 0 0 0 1 1 0 0 0 1 - 1 0 0 - - 1 0 0 0 0 0 0 1 0 1 1 1 1 0 0 0 0 0 0 0 0 1 0 0 - 0 0 1 1 0 0 1 1 0 1 0 0 1 1 0 1 1 - 1 1 0 1 0 1 - 0 0 0 - 0 1 1
  94.1       NODE_37_PO _104132       1 - 0 1 0 1 1 1 1 0 0 0 1 0 1 0 - 1 1 - 0 0 0 0 1 1 1 0 0 0 0 1 - 0 - 1 1 1 0 1 1 1 0 1 - 0 0 0 1 1 0 0 0 1 1 1 0 0 - - 1 0 0 0 0 0 0 1 0 1 1 1 1 0 0 0 0 0 0 0 0 1 0 0 1 0 0 1 1 0 0 1 1 0 1 0 0 1 0 0 1 1 - 1 1 0 1 0 1 - 0 0 0 - 0 1 1
  95.1       NODE_338_PO _15599       1 0 0 1 0 1 1 1 1 0 0 0 - 0 1 0 0 1 1 0 0 0 0 0 1 1 1 0 0 0 0 1 0 0 - 1 1 1 0 1 1 1 0 1 0 0 0 0 1 1 0 0 0 1 1 1 0 0 - 0 1 0 0 0 0 0 0 1 0 1 1 1 1 0 0 0 0 0 0 0 0 1 0 0 - 0 0 1 1 0 0 1 1 0 1 1 0 1 0 0 1 1 1 1 1 0 1 0 1 - 0 0 0 - 0 1 1
  96.0       NODE_160_PO _67451       1 0 1 1 0 1 1 1 1 0 0 0 - 0 1 0 - 1 1 - 0 0 0 0 1 1 1 0 0 0 0 1 - 0 - 1 1 1 0 1 1 1 0 1 0 0 0 0 1 1 0 0 0 1 1 1 0 0 - 0 1 0 0 0 0 0 0 1 0 1 1 1 1 0 0 0 0 0 0 0 0 1 0 0 1 0 0 1 1 0 0 1 1 0 1 1 0 1 0 0 1 1 - 1 1 0 1 0 1 - 0 0 0 - 0 1 1
  96.9       NODE_1124_PO _29075      1 0 1 1 0 1 1 1 1 0 0 0 - 0 1 0 - 1 1 0 0 0 0 0 1 1 1 0 0 0 0 1 - 0 - 1 1 1 0 1 1 1 0 1 0 0 0 0 1 1 0 0 0 1 1 1 0 0 - 0 1 0 0 0 0 0 0 1 0 1 1 1 1 0 0 0 0 0 0 0 0 1 0 0 - 0 0 1 1 0 0 1 1 0 1 1 0 1 0 0 1 1 1 1 1 0 1 0 1 - 0 0 0 - 0 0 1
  98.8       NODE_280_PO _35269       1 0 1 1 0 1 1 1 1 0 0 0 1 0 1 0 0 1 1 - 0 0 0 0 1 1 1 0 0 0 0 1 - 0 - 1 1 1 0 1 1 1 0 1 - 0 0 0 1 1 0 0 0 1 1 1 0 1 - 0 1 0 0 0 0 0 0 1 - 1 1 1 1 1 0 0 0 0 0 0 0 1 0 0 - 0 0 1 1 0 0 1 1 0 1 1 0 1 0 0 1 1 - 1 1 0 1 0 1 - 0 0 0 - 0 0 1
  99.8       NODE_2270_PO _4376       1 0 1 0 0 1 1 1 1 0 0 0 1 0 1 0 - 1 1 - 0 0 0 0 1 1 1 0 0 0 0 1 - 0 - 1 1 1 0 1 1 1 0 1 0 0 0 0 1 1 0 0 0 1 1 1 0 1 - 0 1 0 0 0 0 0 0 1 0 1 1 1 1 1 0 0 0 0 0 0 0 1 0 0 1 0 0 1 1 0 0 1 1 0 1 1 0 1 0 0 1 1 1 1 1 0 1 0 1 - 0 0 0 - 0 0 1
  101.6      NODE_1942_PO _24420      1 0 1 0 0 1 1 1 1 0 0 0 1 0 1 0 0 1 1 0 0 0 0 0 1 1 1 0 0 0 0 1 - 0 - 1 1 1 0 1 1 1 0 1 0 0 0 0 1 1 0 0 0 1 0 1 0 1 - - 1 0 0 0 0 0 0 1 0 1 1 1 1 1 0 0 0 0 0 0 0 1 0 0 - 0 0 1 1 0 0 1 1 0 0 1 0 1 0 0 1 1 - 1 1 0 1 0 1 - 0 0 0 - 0 0 1
  102.6      NODE_2616_PO _20554      1 0 1 0 0 1 1 1 1 0 0 0 1 0 1 0 - 1 1 - 0 0 0 0 1 1 1 0 0 0 0 1 - 0 - 1 1 1 0 1 1 1 0 1 0 0 0 0 1 1 0 0 0 1 1 1 0 1 - 0 1 0 0 0 0 0 0 1 0 1 1 1 1 1 0 0 0 0 0 0 0 1 0 0 0 0 0 1 1 0 0 1 1 0 0 1 0 1 0 0 1 1 - 1 1 0 1 0 1 - 0 0 0 - 0 0 1
  106.3      NODE_670_PO _4863        1 0 1 0 0 1 1 1 1 0 0 0 1 0 1 0 0 1 1 - 0 0 0 0 1 1 1 0 0 0 0 1 - 1 1 1 1 1 0 1 1 1 0 1 1 0 0 0 1 1 0 0 0 1 1 1 0 1 - 0 1 0 1 0 0 0 0 1 0 1 1 1 1 1 0 0 0 0 0 0 0 1 0 0 - 0 0 1 1 1 0 1 1 0 0 1 0 1 0 0 1 1 - 1 1 0 1 0 1 - 0 0 0 - 0 0 1
  109.1      NODE_4514_PO _7139       1 0 1 0 0 1 1 1 1 0 0 1 1 0 1 0 - 1 1 0 1 0 0 0 1 1 1 0 0 0 0 1 - 1 - 1 1 1 0 1 1 1 0 1 1 0 0 0 1 1 0 0 0 1 0 1 0 - - 0 1 0 1 0 0 0 0 1 - 1 1 1 1 1 0 0 0 0 0 0 0 1 0 0 - 0 0 1 1 1 0 1 1 0 0 1 0 1 0 0 1 1 - 1 1 0 1 - 1 - 0 0 0 - 0 0 1
  110.1      NODE_21_PO _29574        1 0 1 0 0 1 1 1 1 0 0 1 - 0 1 0 - 1 1 - 1 0 0 0 1 1 1 0 0 0 0 1 - 1 - 1 1 1 0 1 0 1 0 1 1 0 0 0 1 1 0 0 0 1 0 1 0 - - - - 0 1 0 0 0 0 1 - 1 1 1 1 1 0 0 0 0 0 0 0 1 0 0 - 0 0 1 1 1 0 1 1 0 0 1 0 1 0 0 - 1 - 1 1 0 1 0 1 - 0 0 0 - 0 0 1
  111.1      NODE_21_PO _78109        1 0 1 0 0 1 1 1 1 0 0 1 - 0 1 0 - 1 1 - 1 0 0 0 1 1 1 0 0 0 0 1 0 1 - 1 1 1 0 1 0 1 0 1 1 0 0 0 1 1 0 0 0 1 0 1 0 1 - 0 1 0 1 0 0 0 0 1 0 1 1 1 1 1 0 1 0 0 0 0 0 1 0 0 0 0 0 1 1 1 0 1 1 0 0 1 0 1 0 0 1 1 1 1 1 0 1 0 1 - 0 0 0 - 0 0 1
  113.0      NODE_1420_PO _26706      1 0 1 0 0 1 1 1 1 0 0 1 1 0 1 0 - 1 1 - 1 0 0 0 1 1 1 0 0 0 0 1 - 1 - 1 1 1 0 1 0 1 0 1 1 1 0 0 1 1 0 0 0 1 0 0 0 1 - - 1 0 1 0 0 0 0 1 0 1 1 1 1 1 0 1 0 0 0 0 0 1 0 0 - 0 0 1 1 1 0 1 1 0 0 1 0 1 0 0 1 1 - 1 1 0 1 0 1 - 0 0 0 - 0 0 1
  115.8      NODE_3169_PO _18902      1 0 1 0 0 1 1 1 1 0 0 1 - 0 1 0 - 1 1 - 1 0 0 0 1 1 1 0 0 1 0 1 - 1 - 1 1 1 0 1 0 1 0 1 1 1 0 0 1 1 0 0 0 1 0 0 0 1 1 0 1 0 1 0 0 0 0 1 0 1 1 1 1 1 0 1 0 0 0 0 0 0 0 0 0 0 0 1 1 1 0 1 1 0 0 1 1 1 0 0 1 1 - 1 1 0 1 0 1 - 0 0 0 - 0 0 1
  123.8      NODE_4812_PO _6903       1 1 1 0 0 1 1 1 1 0 0 1 - 0 0 0 - 1 1 - 1 0 0 0 1 1 0 - 0 1 0 1 - - - 0 1 - 0 1 0 1 0 1 1 1 0 0 1 1 0 0 0 1 - 0 1 - - - 1 0 1 0 0 0 0 1 0 1 0 1 1 1 0 1 0 0 0 0 0 0 0 0 - 0 0 1 1 1 0 1 1 0 0 1 1 0 0 0 1 1 - 1 1 0 1 0 0 - 0 0 0 - 0 0 1
  126.8      NODE_6850_PO _4931       1 1 1 0 1 1 1 1 1 0 0 1 1 0 0 1 0 1 1 - 1 0 0 0 1 1 0 0 0 1 0 1 - 1 - 0 1 1 0 0 0 1 0 1 1 1 0 0 1 1 0 0 0 1 0 0 1 1 - 0 1 0 1 0 0 0 0 1 0 1 0 1 1 1 0 1 0 0 0 0 0 0 0 0 - 0 0 1 1 1 0 1 1 0 0 1 1 0 0 0 1 1 - 1 1 0 1 0 0 - 0 0 0 - 0 0 1
  129.9      NODE_4842_PO _9301       1 1 1 0 1 1 1 1 1 0 0 1 - 0 0 1 - 1 1 - 1 1 0 0 1 1 0 0 0 1 0 1 - 1 - 0 - 1 - 0 0 1 0 1 - 1 0 0 1 1 0 0 0 0 0 0 1 - - - 1 0 1 0 0 0 0 1 - 0 0 1 1 1 0 1 0 0 0 0 0 0 0 0 - 0 0 1 1 1 0 1 1 0 0 1 1 0 0 - - 1 - 1 1 - 1 - - - 0 0 - - 0 0 1
  134.2      NODE_4602_PO _11817      1 1 1 0 1 1 1 1 1 0 0 1 - 0 0 1 - 1 1 - 1 1 0 0 1 1 0 1 0 1 0 1 - - - 0 1 1 0 0 0 1 0 1 1 1 0 0 1 1 0 1 0 0 0 0 1 1 - - 1 0 1 0 0 0 0 1 - 0 0 1 1 1 0 1 0 0 0 0 0 0 0 0 - 0 0 1 1 1 0 1 1 0 0 1 1 0 1 0 - 1 - 0 1 1 1 0 0 - 0 0 0 - 0 0 1
  138.1      NODE_4446_PO _10326      1 1 1 0 1 1 1 1 1 0 0 1 - 0 0 1 - 1 1 - 1 1 0 0 1 1 0 1 0 1 0 1 - 1 - 0 1 1 0 0 0 1 0 1 1 1 0 0 1 1 0 1 0 0 0 0 1 1 - 0 1 0 1 0 0 0 0 1 0 0 0 1 1 1 0 1 0 1 0 0 0 0 0 0 - 1 0 1 1 0 0 1 1 0 0 1 1 0 1 0 1 1 - 0 1 1 1 - 0 - - 0 0 - 0 0 0
  143.9      NODE_3772_PO _11401      1 1 1 0 1 1 1 1 1 0 0 1 0 0 0 1 0 1 1 - 1 1 0 0 1 1 0 1 0 1 0 1 - 1 - 0 1 1 0 0 0 1 1 1 - 1 0 0 0 1 0 1 0 0 0 0 1 1 - 0 1 0 1 0 0 0 0 1 0 0 0 1 1 0 0 1 0 1 0 1 0 0 0 0 - 1 0 1 1 0 0 1 1 0 0 1 1 0 1 0 1 0 1 0 1 1 1 - 0 - 0 0 0 - 0 1 0
  149.7      NODE_2246_PO _9319       1 0 1 0 0 1 1 1 1 0 0 1 0 0 0 1 - 1 1 1 1 1 1 0 1 1 0 1 0 1 0 1 - 1 - 0 1 0 0 0 0 1 1 0 1 1 0 0 0 1 0 1 0 0 0 0 1 - 1 0 1 0 1 0 0 0 0 0 0 0 0 1 1 0 0 1 0 1 0 1 0 0 0 0 1 1 0 1 1 0 0 1 1 0 0 1 1 0 1 0 1 0 - 0 1 1 1 - 0 - 0 0 0 - 0 1 0
  152.5      NODE_8257_PO _6011       1 0 1 0 0 1 1 1 1 0 0 1 0 0 0 1 - 1 1 - 1 1 1 0 1 1 0 1 0 1 0 1 - 1 - 0 1 0 1 0 0 1 1 0 - 1 0 0 0 1 0 1 0 0 0 0 1 1 - - 1 0 1 0 0 0 0 0 0 0 1 1 1 0 0 1 0 1 0 1 0 0 0 0 1 1 0 1 1 0 0 1 1 0 0 1 1 0 1 0 1 0 - 0 1 1 1 0 0 - 0 1 0 - 0 1 0
  154.5      NODE_1631_PO _2849       1 0 1 0 0 1 1 1 1 0 0 1 - 0 0 0 - 1 1 - 1 1 1 0 1 1 0 1 0 1 0 1 - 1 - 0 1 0 1 0 0 1 1 0 1 1 0 0 0 1 0 1 0 0 0 0 1 - - - 1 0 1 0 0 0 0 - 0 0 1 1 1 0 0 1 0 1 0 1 0 0 0 0 1 1 0 1 1 0 0 1 1 0 0 1 1 0 1 0 - 0 - 0 1 1 0 0 0 - 0 1 0 - 0 1 0
  155.4      NODE_895_PO _27880       1 0 1 0 0 1 1 1 1 0 0 0 0 0 0 0 - 1 1 - 1 1 1 0 1 1 0 1 0 1 0 1 - 1 - 0 1 0 1 0 0 1 1 0 1 1 0 0 0 1 0 1 0 0 0 0 1 1 - 0 1 0 1 0 0 0 0 0 0 0 1 1 1 0 0 1 - 1 0 1 0 0 0 0 1 1 0 1 1 0 0 1 1 0 0 1 1 0 1 0 1 0 - 0 1 1 0 0 0 - 0 1 0 - 0 1 0
  158.4      NODE_758_PO _24715       1 0 0 0 0 1 1 1 1 0 0 0 0 0 0 0 - 1 1 - 1 1 1 0 1 1 0 1 0 1 0 1 - 1 - 0 1 - 1 0 0 1 1 0 - 1 0 0 0 1 0 1 0 0 - 0 1 1 - 0 1 0 1 0 0 0 0 0 - 0 1 1 1 0 0 1 1 1 0 0 0 0 0 0 - 1 0 1 0 0 0 1 1 0 0 1 1 0 1 0 1 0 - 0 1 1 0 0 0 - - 1 0 - 0 1 0
  162.6      NODE_7673_PO _1913       - 0 0 0 0 1 1 1 0 0 0 0 - 0 0 0 - 1 1 - 1 1 1 0 1 1 0 1 0 1 0 - - 1 - 0 1 0 1 0 0 1 1 0 - 1 0 0 0 1 0 - 1 0 - 0 1 - - - - 0 1 0 0 0 0 0 - 0 1 1 0 0 0 1 1 1 0 0 0 0 0 0 - 1 0 1 0 0 0 1 0 0 0 1 1 0 1 0 - 0 - 0 1 1 0 - 0 - 0 1 0 - 0 1 0
  176.5      NODE_2766_PO _8215       1 0 0 0 0 1 1 1 0 0 1 0 0 0 0 0 0 1 1 - 1 1 1 0 0 1 0 1 0 1 0 1 1 1 - 0 1 0 1 0 0 1 1 0 1 1 0 1 0 1 1 1 1 0 0 0 1 1 - 0 1 1 1 0 0 0 0 0 1 0 1 0 0 0 0 0 1 1 0 0 0 0 1 1 1 1 0 1 0 0 0 1 0 0 0 1 0 0 0 0 1 0 - 0 1 1 0 - 1 - 0 1 1 - 0 1 0
  184.8      NODE_18209_PO _666       1 0 0 0 0 1 1 1 0 0 1 0 0 1 0 1 0 1 1 1 1 1 1 0 0 0 0 0 1 1 0 1 - 1 - 0 1 0 1 1 0 1 1 0 1 1 0 1 0 0 1 1 1 1 0 0 1 1 - 0 1 1 1 0 0 0 0 0 1 0 1 0 0 0 0 0 1 1 0 0 0 0 1 1 1 1 0 1 0 0 0 1 0 0 0 1 0 0 0 0 1 0 - 0 1 1 0 0 1 - 0 1 1 - 0 0 0
