  0.0        NODE_40_PO _5873         1 1 0 0 1 0 1 1 0 0 1 0 - 1 1 1 - 1 0 0 0 0 1 0 1 1 0 0 0 1 0 1 - 0 - 1 0 1 1 1 1 0 1 0 1 0 0 0 1 0 0 1 0 0 1 0 1 - - - - 1 0 0 0 0 1 0 0 1 0 1 0 1 1 0 0 1 1 0 1 1 1 0 0 1 1 0 1 0 0 1 0 0 1 0 1 1 0 0 0 0 - 0 0 1 0 1 1 - 0 0 1 - 1 1 0
  1.0        NODE_144_PO _36888       1 1 0 0 1 0 1 1 0 0 1 0 0 1 1 1 - 1 0 0 0 0 1 0 1 1 0 1 0 1 0 1 - 0 - 1 0 - 1 1 1 0 1 0 1 0 0 0 1 0 0 1 0 0 1 0 1 1 - - 1 1 0 0 0 0 1 0 - 1 0 1 0 1 1 0 0 1 1 0 1 1 1 0 - 1 1 0 1 0 0 1 0 0 1 0 1 1 0 0 0 0 - 0 0 1 0 1 1 - 0 0 1 - 1 1 0
  14.8       NODE_4445_PO _2381       1 0 0 0 0 0 1 1 0 0 1 0 - 1 1 1 - 0 0 - 0 0 1 0 1 1 0 1 0 1 0 1 - 0 - 1 0 1 1 1 1 0 0 0 1 0 0 0 0 0 0 1 1 0 1 0 1 1 - - 1 1 0 0 0 1 1 0 0 1 0 1 0 1 1 0 0 0 1 0 0 1 0 0 - 1 1 0 1 1 0 0 0 0 1 0 1 1 0 0 0 0 0 1 0 1 0 1 1 - 1 0 1 - 1 1 0
  15.8       NODE_91_PO _20027        1 0 0 1 0 0 1 1 0 0 1 0 0 1 1 1 - 0 0 - 0 0 1 0 1 1 0 1 0 1 0 - - 0 - 1 0 - 1 1 1 0 0 0 1 0 0 0 0 0 0 1 1 0 - 0 1 - - - - 1 0 0 0 1 1 0 - 1 0 1 0 1 1 0 0 0 1 0 0 1 0 0 - 1 1 0 1 1 0 0 0 0 1 0 1 1 0 0 0 0 - 1 0 1 0 1 1 - 1 0 1 - 1 1 0
  20.8       NODE_3405_PO _10196      1 0 0 1 0 0 1 1 0 0 1 0 0 1 1 1 1 0 0 0 0 0 1 0 1 1 0 1 0 0 0 1 - 0 - 1 0 1 1 1 1 0 0 0 - 1 0 0 0 0 0 1 1 0 - 0 1 1 - 0 1 1 0 0 1 1 1 0 0 1 0 1 0 1 1 1 0 0 1 0 0 1 0 0 - 1 1 0 1 1 0 0 0 0 0 0 1 1 0 0 0 0 0 1 0 1 0 1 1 - 1 0 1 - 1 1 0
  21.8       NODE_2387_PO _15936      1 0 0 1 0 0 1 1 0 0 1 0 - 0 1 1 - 0 0 - 0 0 1 0 1 1 0 1 0 0 0 - - 0 - 1 0 - 1 1 1 0 0 0 - 1 0 0 0 0 0 1 1 0 - 0 1 - - - - 1 0 0 - 1 1 0 0 1 0 1 0 1 1 1 0 0 1 0 0 1 0 0 - 1 1 0 1 1 0 0 0 0 0 0 1 1 0 0 0 - - 1 0 1 0 - 1 - 1 0 1 - 1 1 0
  27.0       NODE_653_PO _14127       1 0 0 1 0 0 1 1 0 1 1 0 - 0 1 1 1 0 0 - 0 0 1 0 1 1 1 1 0 0 0 - - 0 0 1 1 1 1 1 1 0 0 0 1 1 0 0 0 0 0 1 1 0 1 0 1 1 - 0 1 1 0 0 1 1 1 0 0 1 0 1 0 1 1 1 0 0 1 0 0 1 0 0 - 0 1 1 1 1 0 0 0 0 0 0 1 1 0 0 - 0 - 1 0 1 0 1 1 - 1 0 1 - 1 1 0
  28.0       NODE_1424_PO _29864      1 0 0 1 0 0 1 1 0 1 0 0 0 0 1 1 - 0 0 0 0 0 1 0 1 1 1 1 0 0 0 0 1 0 - 1 1 - 1 1 1 0 0 0 1 1 0 0 0 0 0 1 1 0 1 0 1 - - - 1 1 0 0 1 1 1 0 0 1 0 1 0 1 1 1 0 0 1 0 0 1 0 0 - 0 1 1 1 1 0 0 0 0 0 0 1 1 0 0 0 0 - 1 0 1 0 1 1 - 1 0 1 - 1 1 0
  29.0       NODE_6506_PO _167        1 0 0 1 0 0 1 1 0 1 0 0 - 0 1 1 1 0 0 - 0 0 1 0 1 1 1 1 0 0 0 0 - 0 - 0 1 1 1 1 1 0 0 0 1 1 0 0 0 0 0 1 1 0 1 0 1 - - 0 1 1 0 0 1 1 1 0 0 1 0 1 0 1 1 1 0 0 1 0 0 1 0 0 - 0 1 1 1 1 0 0 0 0 0 0 1 1 0 0 0 0 - 1 0 1 0 1 1 - 1 0 1 - 1 1 0
  32.7       NODE_1910_PO _8390       1 0 0 1 0 0 1 1 0 1 0 0 - 0 1 1 1 0 0 0 0 0 1 0 1 1 1 1 0 0 1 0 1 0 - 0 1 1 1 1 1 0 0 0 1 1 0 0 0 0 0 1 1 0 1 0 1 1 - 0 1 0 0 0 1 1 1 0 0 1 0 1 0 0 1 1 0 0 1 0 0 0 0 0 - 0 1 1 1 1 0 0 0 0 0 0 1 1 0 0 0 0 0 1 0 1 0 1 1 - 1 0 1 - 1 1 0
  33.7       NODE_460_PO _7792        1 0 0 1 0 0 1 1 0 1 0 0 0 0 1 1 - 0 0 0 0 0 1 0 1 1 1 1 0 0 1 0 - 0 - 0 1 1 - 1 1 0 0 0 1 1 0 0 0 0 0 1 1 0 1 0 1 1 - - 1 0 0 0 1 1 1 0 0 1 0 1 0 0 1 1 0 0 1 0 0 0 0 0 0 0 1 1 1 1 0 1 0 0 0 0 1 1 0 0 0 0 - 1 0 1 0 1 1 - 1 0 1 - 1 1 0
  38.5       NODE_1518_PO _31866      1 0 0 1 0 0 1 1 0 1 0 0 - 0 1 1 1 0 0 - 0 0 1 0 1 1 1 1 0 0 1 0 - 0 - 0 1 1 1 1 1 0 0 1 1 1 0 0 0 0 0 0 1 0 1 0 0 1 0 0 1 0 0 0 - 1 1 0 0 1 0 1 0 0 1 1 0 0 1 0 0 0 0 0 0 0 1 1 1 1 0 1 0 0 0 0 0 1 0 1 - 0 0 1 0 1 0 1 1 - 1 0 1 - 1 1 0
  40.4       NODE_7347_PO _782        1 0 0 0 0 0 1 1 0 1 0 0 - 0 1 1 - 0 0 - 0 0 1 0 1 1 1 1 0 0 1 0 - 0 - 0 1 1 1 1 1 0 0 1 - 1 0 0 0 0 0 0 1 0 1 0 0 1 - 0 1 0 0 0 1 1 1 0 0 1 0 1 0 0 1 1 0 0 1 0 0 0 0 0 0 0 1 1 1 1 0 1 0 0 0 0 0 1 0 1 0 0 - 1 0 1 0 1 0 - 1 0 1 - 1 1 0
  44.3       NODE_604_PO _22045       1 0 0 0 1 0 1 0 0 1 0 0 0 0 1 1 - 0 0 - 0 0 1 0 1 1 1 1 0 0 1 0 - 1 - 0 1 1 1 0 1 0 0 1 1 1 0 0 0 0 0 0 1 0 1 0 0 - - - 1 0 0 0 1 1 1 0 0 1 0 1 0 0 1 1 0 0 1 0 0 0 0 0 - 0 1 1 1 1 0 1 0 0 0 0 0 1 0 1 0 0 - 1 0 1 0 1 0 - - 0 1 - 1 1 0
  48.3       NODE_2252_PO _4381       1 0 0 0 1 0 1 0 0 1 0 0 - 0 1 1 1 0 0 - 1 0 1 0 1 1 1 - 0 0 1 - - 1 - 0 1 1 1 0 1 0 0 1 1 1 1 0 0 0 0 0 1 0 - 0 0 - - - 1 0 0 0 1 1 1 0 - 1 0 1 0 0 1 1 0 0 1 0 0 0 0 0 - 0 1 1 - 1 0 1 1 0 0 0 0 1 0 0 0 0 - 1 0 1 0 - 0 - - 0 1 - 1 1 0
  50.5       NODE_384_PO _41709       1 0 0 0 1 0 1 0 0 1 0 0 - 0 1 1 - 0 0 - 1 0 1 0 1 1 1 1 0 0 1 - - 1 - 0 1 1 1 0 1 0 0 1 - 1 1 0 0 0 0 0 1 0 1 0 0 1 - - - 0 0 0 1 1 1 0 - 1 0 1 0 0 1 1 0 0 1 0 0 0 0 0 - 0 1 1 1 0 1 1 1 0 - 0 0 1 0 0 - 0 - 1 0 1 0 1 0 - - 0 1 - 1 1 0
  52.5       NODE_4061_PO _13381      1 0 0 0 1 0 1 0 0 1 0 0 - 0 1 1 1 0 0 - 1 0 1 0 1 1 1 1 0 0 1 0 0 1 - 0 1 1 1 0 1 0 0 1 1 1 1 0 0 0 0 0 1 0 1 0 0 1 - 0 1 0 0 0 1 1 1 0 0 1 0 1 1 0 1 1 0 0 1 0 0 0 0 0 0 0 1 1 0 0 1 1 1 0 0 0 0 1 0 0 0 0 - 1 0 1 0 1 0 - 1 0 1 - 1 1 0
  55.3       NODE_4859_PO _2728       1 0 0 0 1 0 1 0 0 1 0 0 - 0 1 1 - 0 0 0 1 0 1 0 1 1 1 1 0 0 1 0 - 1 - 0 1 1 1 0 1 0 0 1 1 1 1 0 0 0 0 0 1 0 - 0 0 1 - 0 1 0 0 0 1 1 1 0 0 1 0 1 1 0 1 1 0 1 1 0 0 0 0 0 - 1 1 1 0 0 1 1 1 0 0 0 0 1 0 0 0 0 - 1 0 1 0 0 0 - - 0 1 - 1 1 0
  56.4       NODE_577_PO _1951        1 0 0 0 1 0 1 0 0 1 0 0 - 0 1 1 1 0 0 0 1 0 1 0 1 1 1 1 0 0 1 - - 1 - 0 1 - 1 0 1 0 0 1 - 1 1 0 0 0 0 0 1 0 1 0 - - - - 1 0 0 0 - 1 1 - - 1 0 1 1 0 1 1 0 1 1 0 0 0 0 0 - 1 1 1 0 0 1 1 1 0 0 0 0 1 0 0 0 0 - 1 0 1 0 0 0 - - 0 0 - 1 1 0
  57.4       NODE_806_PO _9633        1 0 0 0 1 0 1 0 0 1 0 0 0 0 1 1 1 0 0 - 1 0 1 0 1 1 1 1 0 0 1 0 - 1 - 0 1 1 1 0 1 0 1 1 1 1 1 0 0 0 0 0 1 - 1 0 0 1 0 - 1 0 0 0 1 1 1 0 - 1 0 1 1 0 1 1 0 1 1 0 0 0 0 0 - 1 1 1 0 0 1 1 1 0 0 0 0 1 0 0 0 0 0 1 0 1 0 0 0 - 1 0 0 - 1 1 0
  61.2       NODE_444_PO _21707       1 0 0 0 1 0 1 0 0 1 0 0 0 0 1 0 - 0 0 0 1 0 1 0 1 1 1 1 0 0 1 0 0 1 - 0 1 - 1 0 1 0 1 1 1 1 1 0 0 0 0 0 1 0 1 0 0 1 - 0 1 0 0 1 1 1 1 1 0 1 0 1 1 0 1 1 0 1 1 0 0 0 0 0 0 1 1 1 0 0 1 1 1 0 0 0 0 0 0 0 0 0 - 1 0 1 0 0 0 - 1 0 0 - 1 1 0
  63.2       NODE_984_PO _1998        1 0 0 0 1 0 1 0 0 1 0 0 - 0 1 0 1 0 0 - 1 0 1 0 1 1 1 1 0 0 1 0 - 1 - 0 1 1 1 0 1 0 1 1 1 1 1 0 0 0 1 0 1 - 1 0 0 1 - - 1 0 1 1 1 1 1 1 0 1 0 1 1 0 1 1 0 1 1 0 0 0 0 0 0 1 1 1 0 0 1 1 1 0 0 0 0 0 0 0 0 0 - 1 0 1 0 0 0 - 1 0 0 - 1 1 0
  66.0       NODE_817_PO _28590       1 1 0 0 1 0 1 0 0 1 0 0 - 0 1 0 1 0 0 - 1 0 1 0 1 1 1 1 0 0 1 0 - 1 - 0 1 1 1 0 1 0 1 1 1 1 1 0 0 0 1 1 1 1 1 0 0 1 - 1 1 0 1 1 1 1 1 1 0 1 0 1 1 0 1 1 0 1 1 0 0 0 0 0 - 1 1 1 0 0 1 1 1 0 0 0 1 0 0 0 0 0 0 1 0 1 0 - 0 - 1 0 0 - 1 1 0
  67.9       NODE_1260_PO _30424      1 1 0 0 1 0 1 0 0 1 0 0 0 0 1 0 1 0 0 - 1 0 1 0 1 1 1 1 0 0 1 0 - 0 - 0 1 1 1 0 1 0 1 1 1 1 1 0 0 0 1 1 1 1 1 0 0 1 - 1 1 0 1 1 1 1 1 1 0 1 0 1 1 0 1 1 0 1 1 0 0 0 0 0 0 1 1 1 0 0 1 1 1 0 0 0 1 0 0 0 0 0 - 1 1 1 0 0 0 - 1 0 0 - 1 1 0
  68.8       NODE_3086_PO _21355      1 1 0 0 1 0 1 0 0 1 0 0 - 0 1 0 1 0 0 1 1 0 1 0 1 1 1 0 0 0 1 0 - 0 - 0 1 1 1 0 1 0 1 1 1 1 1 0 0 0 1 1 1 1 1 0 0 - - 1 1 0 1 1 1 1 1 1 0 1 0 1 1 0 1 1 0 1 1 0 0 0 0 0 - 1 1 1 0 0 1 1 1 0 0 0 1 0 0 0 0 0 - - 1 1 0 0 0 - 1 0 0 - 1 1 0
  75.6       NODE_2814_PO _17473      1 1 0 0 1 1 1 0 0 1 0 0 - 0 1 1 1 0 0 - 1 0 1 0 1 1 1 0 0 0 1 0 - 0 - 0 1 1 1 0 1 0 1 1 1 1 1 0 1 0 1 1 1 1 1 0 0 1 - - 1 1 1 1 1 0 1 1 0 1 0 1 1 0 1 1 1 1 1 0 0 - 0 1 - 1 1 1 0 0 1 1 1 0 0 0 1 0 0 0 0 0 - 0 1 1 0 0 0 - 1 0 0 - 1 1 0
  77.5       NODE_3044_PO _1491       1 1 0 0 1 1 1 0 0 1 0 0 0 0 1 1 1 0 0 - 1 0 1 0 1 1 1 0 0 0 1 0 - 0 - 0 1 1 1 0 1 0 0 1 1 1 1 0 1 0 1 1 1 1 1 1 0 1 - 1 1 1 1 1 1 0 1 1 0 1 0 1 1 0 1 1 1 1 1 0 0 0 0 1 0 1 1 1 0 0 1 1 1 0 0 0 1 0 0 0 0 0 0 0 1 1 0 0 0 - 1 0 0 - 1 1 0
  80.2       NODE_5351_PO _3193       1 1 0 0 1 1 1 0 0 1 0 0 0 0 1 1 1 0 0 - 1 0 1 0 1 1 1 0 0 0 1 0 - 0 - 0 1 1 1 0 1 0 0 1 1 1 1 0 1 0 1 1 1 1 1 1 0 1 - 1 1 1 1 1 1 0 1 1 1 1 0 1 1 0 1 1 1 1 1 0 0 0 0 1 - 1 1 1 0 0 1 1 1 0 0 0 1 0 0 0 0 1 - 0 1 1 0 0 0 - 1 0 0 - 1 0 0
  83.0       NODE_3332_PO _9714       1 1 0 0 1 1 1 0 0 1 0 0 0 0 1 1 - 0 0 - 1 0 1 0 1 1 1 0 0 0 1 0 - 0 - 1 1 1 1 0 1 0 0 1 1 0 1 0 1 0 1 1 1 - 1 1 0 1 - 1 1 1 1 1 1 0 1 1 1 1 0 1 1 0 1 1 1 1 1 0 0 0 0 1 - 1 1 1 0 0 0 1 1 0 0 0 1 0 0 0 0 1 - 0 1 - 0 0 0 - 1 0 0 - 1 0 0
  84.0       NODE_5153_PO _1465       1 1 0 0 1 1 1 0 0 1 0 0 0 0 1 1 - 0 0 - 1 0 1 0 1 1 1 0 0 0 1 0 0 0 - 1 1 1 1 1 1 0 0 1 1 0 1 0 1 0 1 1 1 1 1 1 0 - - 1 1 1 1 1 1 0 1 1 1 1 0 1 1 0 1 1 1 1 1 0 0 0 0 1 - 1 1 1 0 0 0 1 1 0 0 0 1 0 0 0 - 1 - 0 1 1 0 0 0 - 1 0 0 - 1 0 0
  85.9       NODE_3382_PO _11439      1 1 0 0 1 1 1 0 0 1 0 0 0 0 1 1 - 0 0 - 1 0 1 0 1 1 1 0 0 0 1 1 - 0 0 1 1 1 1 1 1 0 0 1 1 0 1 0 1 0 1 1 1 1 1 1 0 1 0 - 1 1 1 0 1 0 1 1 1 1 0 1 1 0 1 1 1 1 1 0 0 0 0 1 - 1 1 1 0 0 0 1 1 0 0 0 1 0 0 0 0 1 0 0 1 1 0 0 0 - 1 0 0 - 1 0 0
  89.6       NODE_2815_PO _5810       1 1 0 0 1 1 1 0 0 1 0 0 0 0 1 1 1 0 0 - 1 0 1 0 0 1 1 0 0 0 1 1 - 0 - 1 0 1 1 1 1 0 0 1 1 0 1 0 1 0 1 1 1 1 1 1 0 1 0 1 1 1 1 0 0 0 1 1 1 1 0 1 1 0 1 1 1 1 1 0 0 0 0 1 0 1 1 1 0 1 0 1 1 0 0 0 1 0 0 0 0 1 - 0 1 1 0 0 0 - 1 0 0 - 1 0 0
  92.5       NODE_1832_PO _3300       1 1 0 0 1 1 1 0 0 1 0 0 1 0 1 1 - 0 0 - 1 0 1 0 0 1 1 0 0 0 1 1 - 0 - 1 0 1 1 1 1 0 0 1 1 0 1 0 1 0 1 1 1 1 1 1 0 - - - 1 1 1 0 0 0 1 1 1 1 0 1 1 0 1 0 1 1 1 0 0 0 0 1 0 1 1 1 0 1 0 1 0 0 0 0 1 0 0 0 - 1 - 0 1 1 0 - 0 - 1 0 0 - 1 0 0
  93.4       NODE_9317_PO _168        1 - 0 0 1 1 1 0 0 1 0 0 1 0 1 1 - 0 0 - 1 0 1 0 0 1 1 0 0 0 1 1 0 0 - 1 0 1 1 1 1 0 0 1 1 0 1 0 1 0 1 1 1 1 1 1 0 1 0 1 1 1 1 0 0 0 1 1 1 1 0 1 1 0 1 0 1 1 1 0 0 0 0 1 1 1 1 1 0 1 0 1 0 0 0 0 1 0 0 0 0 1 - 0 1 1 0 0 0 - 1 0 0 - 1 0 0
  96.3       NODE_3010_PO _4263       1 1 0 0 1 1 1 0 0 0 0 0 1 0 1 1 - 1 0 1 1 0 1 1 0 1 1 0 0 0 1 1 - 0 - 1 0 1 1 1 1 0 0 1 1 0 1 0 1 0 1 1 1 1 1 1 0 1 - - 1 1 1 0 0 0 1 1 1 1 0 1 1 0 1 0 1 1 1 0 0 0 0 1 - 1 1 1 0 1 0 1 0 0 0 0 1 0 0 0 0 1 - 0 1 1 0 - 0 - - 0 0 - 1 0 0
  98.3       NODE_1628_PO _18280      1 1 0 0 1 1 1 0 0 0 0 0 1 0 1 1 1 1 0 - 1 0 1 1 0 1 1 0 0 0 1 1 - 0 - 1 0 1 1 1 1 0 0 1 1 0 1 0 1 0 1 1 1 1 1 1 - - - - 1 1 1 0 0 0 1 1 1 0 0 1 1 0 1 0 1 1 1 0 0 0 0 1 - 1 1 1 0 1 0 1 0 0 0 1 1 0 0 0 - 1 - 0 1 1 0 0 0 - 1 0 0 - 1 0 0
  102.1      NODE_7138_PO _3844       1 1 0 0 1 1 1 0 0 0 0 0 1 0 0 1 1 1 0 - 1 0 1 1 0 1 1 0 0 0 0 1 - 0 - 1 0 0 1 1 1 0 0 1 1 0 1 0 1 0 1 1 1 1 1 1 0 1 - 1 1 1 1 0 0 0 1 1 1 0 0 1 1 0 1 0 1 1 1 0 0 0 0 1 0 0 1 1 0 1 0 1 0 0 0 1 1 0 0 0 0 1 - 0 1 1 0 - 0 - 1 0 0 - 1 0 0
  106.9      NODE_4917_PO _1606       1 1 0 0 0 1 1 0 0 0 0 0 1 0 0 1 1 1 0 - 1 0 1 1 0 1 1 0 0 0 0 1 1 - - 1 0 0 1 1 1 0 0 1 - 0 1 0 1 0 1 0 1 1 1 1 0 1 - - 1 1 1 0 0 0 1 0 1 0 0 1 1 0 1 0 1 1 1 0 0 0 0 1 - 0 0 1 0 1 0 1 0 0 0 1 1 0 1 0 0 1 0 0 1 1 0 0 0 - - 0 0 - 1 0 0
  107.9      NODE_3347_PO _11259      1 1 0 0 0 1 1 0 0 0 0 0 - 0 0 1 1 1 0 1 1 0 1 1 0 1 1 0 0 0 0 1 0 0 - 1 0 0 1 1 1 0 0 1 1 0 1 0 1 0 1 0 1 1 1 1 0 1 0 1 1 1 1 0 0 0 1 0 1 0 0 1 1 0 1 0 1 1 1 0 0 0 0 1 - 0 0 1 0 1 0 1 0 0 0 1 1 0 1 0 0 1 0 0 1 1 0 0 0 - 1 0 0 - 1 0 0
  113.5      NODE_377_PO _43246       1 1 0 0 0 1 0 0 0 0 0 0 1 0 0 1 - 1 0 - 1 0 1 1 0 1 1 0 0 0 0 1 0 0 - 1 0 0 0 1 1 0 0 1 - 0 1 0 1 0 0 0 1 1 1 1 0 1 - 1 1 1 1 0 0 0 1 0 1 0 0 1 1 0 1 0 1 1 1 1 0 0 0 1 - 0 0 1 0 1 0 1 0 0 0 1 1 0 1 0 0 1 - 0 1 0 0 0 1 - 1 0 0 - 1 0 0
  120.5      NODE_2105_PO _6879       1 1 0 0 0 1 0 0 0 0 0 0 - 0 0 1 0 1 0 - 1 0 1 1 0 1 0 1 0 0 0 1 - 0 - 1 0 - 0 1 1 0 0 1 1 0 1 0 1 0 0 0 1 1 1 1 - 1 - 1 0 1 1 1 0 0 1 0 1 0 0 1 1 0 1 0 0 1 1 1 0 0 0 1 - 0 0 1 0 1 0 1 0 0 0 1 0 0 1 0 - 1 - 0 1 0 1 - 1 - - 0 0 - 1 0 0
  126.4      NODE_24_PO _88749        1 1 0 0 0 1 0 0 0 0 0 0 1 0 0 1 - 1 0 - 1 0 0 1 0 1 0 1 0 0 0 1 - 0 - 1 0 0 0 1 1 0 0 1 1 0 1 0 1 0 0 0 1 0 1 1 0 1 - 1 0 1 1 1 0 0 1 0 1 0 0 1 1 0 1 0 0 1 1 1 0 0 0 1 - 0 0 0 0 1 0 1 0 0 0 1 0 0 1 0 0 1 - 1 1 0 1 0 1 - 0 0 0 - 0 1 0
  128.2      NODE_746_PO _9386        1 1 0 0 0 1 0 0 0 0 0 0 1 0 0 1 0 1 0 1 1 0 0 1 0 1 0 1 0 0 0 1 0 0 - 1 1 0 0 1 1 0 0 1 1 1 1 0 1 0 0 0 1 0 1 1 0 1 - 1 0 1 1 1 0 0 1 0 1 0 0 1 1 0 1 0 0 1 1 1 0 0 0 1 1 0 0 0 0 1 0 1 0 0 0 1 0 0 1 0 0 1 - 1 1 0 1 0 1 - - 0 0 - 0 1 0
  131.1      NODE_90_PO _61821        1 1 0 0 0 1 0 0 0 0 0 0 - 0 0 1 - 1 0 - 1 0 0 1 0 1 0 1 1 0 0 1 - 0 - 1 1 0 0 1 1 0 1 1 1 1 1 0 1 0 0 0 1 0 1 1 0 1 - - 0 1 1 1 0 0 1 0 1 0 0 1 1 0 1 0 0 1 1 1 0 0 0 1 1 0 0 0 0 1 0 1 0 0 0 1 0 0 1 - 1 1 0 1 1 0 1 - 1 - 0 0 0 - 0 1 0
  137.5      NODE_51_PO _114279       1 - 0 0 0 0 0 0 0 0 0 0 - 0 0 1 - 1 0 - 1 1 0 1 0 1 0 1 1 0 0 - - - - 1 - 0 0 1 1 0 1 1 - 1 1 0 1 0 1 0 1 0 - 1 0 1 - 1 0 1 1 1 0 0 1 - - 0 0 1 1 0 1 0 0 1 1 1 1 - 0 1 - 0 0 0 0 0 0 1 0 0 0 1 0 0 1 0 1 1 0 1 1 0 1 - - - - 0 0 - 0 1 1
  141.9      NODE_79_PO _59539        1 1 0 0 0 0 0 0 0 0 0 0 1 0 0 1 - 1 0 - 1 1 0 1 0 1 0 1 1 0 0 1 - 0 - 1 1 0 0 1 1 0 1 1 1 1 1 0 1 0 1 0 0 0 1 1 0 - - - 0 1 1 1 0 1 1 0 0 0 0 1 1 0 1 0 0 1 0 0 1 0 0 1 - 0 0 0 0 0 0 1 0 0 0 1 0 0 1 0 - 1 - 1 1 0 1 0 1 - 0 0 0 - 0 1 1
  142.8      NODE_492_PO _50388       1 1 0 0 0 0 0 0 0 0 0 0 - 0 0 1 0 1 0 - 1 1 0 1 0 1 0 1 1 0 0 1 1 0 - 1 1 0 0 1 1 0 1 1 1 1 1 0 1 0 1 0 0 0 1 1 0 1 - 1 0 1 0 1 0 1 1 0 0 0 0 1 1 0 1 0 0 1 0 0 1 0 0 1 - 0 0 0 0 0 0 1 0 0 0 1 0 0 1 0 1 1 - 1 1 0 1 0 1 - 0 0 0 - 0 1 1
  143.9      NODE_2458_PO _6356       1 1 0 0 0 0 0 0 0 0 0 0 - 0 0 0 - 1 0 - 1 - 0 1 0 1 0 1 1 0 0 1 - 0 - 1 - 0 0 1 1 0 1 1 - 1 1 0 1 0 1 0 0 0 - 1 - - - - 0 1 0 1 0 1 1 0 0 0 0 1 1 0 1 0 0 1 0 0 1 0 0 1 - 0 0 0 0 0 0 1 0 0 0 1 0 0 - 0 1 1 - - 1 0 - - - - - 0 0 - 0 1 1
  145.0      NODE_217_PO _29746       1 1 0 0 0 0 0 0 0 0 0 0 1 0 0 0 0 1 0 0 1 1 0 1 0 1 0 1 1 0 0 1 - 0 - 1 1 0 0 1 1 0 1 1 1 1 1 0 1 0 1 0 0 0 0 1 0 1 - 1 0 1 0 1 0 1 1 0 0 0 0 1 1 0 1 0 0 1 0 0 1 0 0 1 - 0 0 0 0 0 0 1 1 0 0 1 0 0 1 0 1 1 0 1 1 0 1 0 1 - 0 0 0 - 0 1 1
  145.9      NODE_310_PO _59099       1 1 0 0 1 0 0 0 0 0 0 0 1 0 0 0 0 1 0 0 1 1 0 1 0 1 0 1 1 0 0 1 - 0 - 1 1 0 0 1 1 0 1 1 1 1 1 0 1 0 1 0 0 0 0 1 0 1 - 1 0 1 0 1 0 1 1 0 0 0 0 1 1 0 1 0 0 1 0 0 1 0 0 1 - 0 0 0 0 0 0 1 1 0 0 1 0 0 1 0 1 1 - 1 1 0 1 0 1 - 0 0 0 - 0 1 1
  148.7      NODE_3634_PO _4353       1 1 0 0 1 0 0 0 0 0 0 0 1 0 0 0 0 1 0 0 1 1 0 1 0 1 0 1 1 0 0 1 1 0 1 1 1 0 0 1 1 0 1 0 1 1 1 0 1 0 1 0 0 0 0 1 0 1 - 1 0 1 0 1 0 1 1 0 0 0 0 1 1 0 1 1 0 1 0 0 1 0 0 1 - 1 0 0 - 0 0 1 1 0 0 1 0 0 1 0 - 1 - 1 1 0 1 - 1 - 0 0 0 - 0 1 1
  149.6      NODE_29_PO _107818       1 1 0 1 1 0 0 0 0 0 0 0 - 0 0 0 0 1 0 0 1 1 0 1 0 1 0 1 1 0 0 1 - 0 - 1 1 0 0 1 1 0 1 0 1 1 1 0 1 0 1 0 0 0 0 1 0 1 - 1 0 1 0 1 0 1 1 0 0 0 0 1 1 0 1 1 0 1 0 0 1 0 0 1 1 1 0 0 0 0 0 1 1 0 0 1 0 0 1 0 1 1 0 1 1 0 1 0 1 - 0 0 0 - 0 1 1
  151.5      NODE_2508_PO _12983      1 1 0 1 1 0 0 0 0 0 0 0 1 0 0 0 0 1 0 0 1 1 0 1 0 1 0 1 1 0 0 1 - 0 - 1 0 0 0 1 1 0 1 0 1 1 1 0 1 0 1 0 0 0 - 1 0 1 - - 0 1 0 1 0 1 1 0 0 0 0 1 1 0 1 1 0 1 0 0 1 0 0 1 - 1 0 0 0 0 0 1 1 0 0 0 0 0 1 0 1 1 - 1 1 0 1 - 1 - - 0 0 - 0 1 1
  158.2      NODE_219_PO _13847       1 1 0 1 1 0 0 0 0 1 0 0 1 0 1 0 0 1 0 - 1 1 0 1 0 1 0 1 1 0 0 1 - 0 - 1 0 0 0 1 1 0 1 0 0 1 1 0 1 0 1 0 0 0 0 1 1 1 - - 0 1 0 1 0 1 1 0 0 1 0 1 1 0 1 1 0 1 0 0 1 0 1 1 - 1 0 0 0 0 0 1 1 0 0 0 0 1 1 0 1 1 - 1 1 0 1 1 1 - 0 0 0 - 0 1 1
  159.2      NODE_1441_PO _2604       1 1 0 1 1 0 0 0 0 1 0 0 1 0 1 0 - 1 0 0 1 1 0 1 0 1 0 1 1 0 0 1 - 0 - 1 0 - 0 1 1 0 1 0 0 1 1 0 1 0 1 0 0 0 0 1 1 1 - 1 0 1 0 1 0 1 1 0 0 1 0 1 1 0 0 1 0 1 0 0 1 0 1 1 - 1 0 0 0 0 0 1 1 0 0 0 0 1 1 0 1 1 0 1 1 0 1 1 1 - 0 0 0 - 0 1 1
  160.1      NODE_8355_PO _3852       1 1 0 1 1 0 0 0 0 1 0 0 1 0 1 0 0 1 0 0 1 1 0 1 0 1 0 1 1 0 0 1 1 0 - 1 0 0 0 1 1 0 1 0 0 1 1 0 1 0 1 0 0 0 0 1 1 1 - 1 0 1 0 1 0 1 1 0 0 1 0 1 1 0 0 1 0 1 0 0 1 0 1 1 - 1 0 0 0 0 0 1 1 0 0 0 0 1 1 0 1 1 0 0 1 0 1 1 1 - 0 0 0 - 0 1 1
  164.7      NODE_5082_PO _3280       1 1 0 1 0 0 0 0 0 1 0 0 1 0 1 0 0 1 0 0 1 0 0 1 1 1 0 1 1 0 0 1 - 0 - 1 0 0 0 1 1 0 1 0 - 1 1 0 1 0 1 0 0 0 0 0 1 1 - 1 0 1 0 1 0 0 1 0 0 1 0 1 1 0 0 1 0 1 0 0 1 0 1 1 0 1 0 0 0 0 0 1 1 0 0 0 0 1 1 0 1 1 - 0 1 0 1 1 1 - 0 0 0 - 0 1 1
  165.7      NODE_434_PO _33385       1 1 0 1 0 0 0 0 0 1 0 0 1 0 1 0 - 1 0 - 1 0 0 1 1 1 0 1 1 0 0 1 - 0 - 1 0 0 0 1 0 0 1 0 - 1 1 0 1 0 1 - 0 - - 0 1 1 1 - - 1 0 1 0 0 1 - 0 1 0 1 1 0 0 1 0 1 0 0 1 0 1 1 - 1 - 0 0 0 0 1 1 0 0 0 0 1 1 0 1 1 - 0 1 - 1 1 1 - - 0 0 - 0 1 1
  171.8      NODE_2096_PO _7011       1 1 1 1 0 0 0 0 0 1 0 0 1 0 1 0 0 1 1 - 0 0 0 1 1 1 0 1 1 0 1 1 - 0 - 1 0 0 0 1 0 0 1 0 - 1 1 0 1 0 1 0 0 1 0 0 - 1 1 1 - 1 0 1 0 0 1 0 0 1 0 1 1 0 0 1 1 1 0 0 0 0 1 1 0 1 0 0 0 0 0 1 1 0 0 0 0 1 1 0 1 1 - 0 1 0 1 1 1 - 0 0 0 - 0 1 1
  174.8      NODE_2632_PO _15386      1 1 1 1 1 0 0 0 0 1 0 0 1 0 1 0 0 1 1 - 0 0 0 1 1 1 1 1 1 0 1 - - 0 - 1 0 0 0 1 0 0 1 0 - 1 1 - 1 0 1 - 0 1 0 0 1 1 - - 1 1 0 1 0 0 1 0 0 1 0 1 1 0 0 1 1 1 0 1 0 0 1 1 0 1 0 0 0 0 0 1 1 0 0 0 0 1 1 0 - 1 - 0 1 0 1 1 1 - - 0 - - 0 1 1
  175.8      NODE_52_PO _74411        1 1 1 1 1 0 0 0 0 1 0 0 1 0 1 0 - 1 1 - 0 0 0 1 1 1 1 1 1 0 1 1 - - - 1 0 0 0 1 0 0 0 0 0 1 1 0 1 0 1 0 0 1 0 0 1 - - - 1 1 0 1 0 0 1 0 0 1 0 1 1 0 0 1 1 1 0 1 0 0 1 1 - 1 0 0 0 0 0 1 1 0 0 0 0 1 1 0 1 1 - 0 1 0 1 1 1 - 0 0 0 - 0 1 1
  176.8      NODE_52_PO _103187       1 1 1 1 1 0 0 0 0 1 0 0 1 0 1 0 - 1 1 - 0 0 0 1 1 1 1 1 1 0 1 1 - 0 - 1 0 0 0 1 0 0 0 0 0 1 1 0 1 0 1 0 0 1 0 0 1 1 - - 1 1 0 1 0 0 0 0 0 1 0 1 1 0 0 1 1 1 0 1 0 0 1 1 - 1 0 0 0 0 0 1 1 0 0 0 0 1 1 0 1 1 0 0 1 0 1 - 1 - 0 0 0 - 0 1 1
  177.7      NODE_1079_PO _5799       1 1 1 1 1 0 0 0 0 1 0 0 1 0 1 0 0 1 1 0 0 0 0 1 1 1 1 1 1 0 1 1 - 0 - 1 0 0 0 1 0 0 0 0 0 1 1 0 1 0 1 0 0 1 0 0 1 1 1 1 1 1 0 1 0 0 0 0 0 1 0 1 1 1 0 1 1 1 0 1 0 0 1 1 0 1 0 0 0 0 0 1 1 0 0 0 0 1 1 0 1 1 - 0 1 0 1 1 1 - 0 0 0 - 0 1 1
  179.7      NODE_250_PO _49855       1 1 1 1 1 0 0 0 0 1 0 0 - 0 1 0 - 1 1 - 0 0 1 1 1 1 1 1 1 0 1 1 - 0 - 1 0 0 0 1 0 0 0 0 0 1 1 0 1 0 1 0 0 1 0 0 1 - - - 1 1 1 1 0 0 0 0 0 1 0 1 1 1 0 1 1 1 0 1 0 0 1 1 - 1 0 0 0 0 0 1 1 0 0 0 0 1 1 0 1 1 - 0 1 0 1 1 1 - 0 0 - - 0 1 1
  186.6      NODE_1310_PO _25268      1 1 1 1 1 0 0 0 0 1 0 0 - 0 1 0 - 1 1 - 0 0 1 1 0 1 1 1 1 1 1 - 1 0 - 1 0 0 0 1 0 0 0 0 0 1 1 0 0 0 1 0 1 1 0 0 1 1 - 1 1 1 1 1 - 0 0 0 0 0 0 1 1 1 0 1 0 1 0 1 0 0 1 1 0 1 0 0 0 0 0 1 1 0 0 0 0 1 1 0 1 1 - 0 1 0 0 1 1 - - 0 0 - 0 1 1
  187.6      NODE_1310_PO _27690      1 1 1 1 1 0 1 0 0 1 0 0 0 0 1 0 0 1 1 - 0 0 1 1 0 1 1 1 1 1 1 1 - 0 - 1 0 0 0 1 0 0 0 0 0 1 1 0 0 0 1 0 1 1 0 0 1 1 - - 1 1 1 1 0 0 0 0 0 0 0 1 1 1 0 1 0 1 0 1 0 0 1 1 - 1 0 0 0 0 0 1 1 0 0 0 0 1 1 0 1 1 - 0 1 0 0 1 1 - 0 0 0 - 0 1 1
  190.7      NODE_7666_PO _7446       1 1 1 1 1 0 1 0 0 1 0 0 0 0 1 0 - 1 1 - 0 0 1 1 0 1 1 1 1 1 1 - - 0 - 1 0 - 0 1 0 - 0 0 - 1 1 0 0 0 1 0 1 - 0 0 - - - 1 1 1 1 1 0 0 0 0 0 0 0 0 1 1 0 1 0 1 0 1 0 0 1 1 - 1 0 0 - 0 1 1 1 0 0 0 0 1 1 0 1 1 - 0 0 0 0 1 1 - - 0 - - 0 1 1
  197.0      NODE_968_PO _20294       1 1 1 1 1 1 1 1 1 1 0 0 0 0 1 0 - 1 1 - 0 0 1 1 0 1 1 1 1 1 1 1 1 0 - 1 0 0 0 1 0 0 0 0 - 1 1 0 0 0 1 0 1 1 0 0 1 1 1 - 1 1 1 1 0 0 0 0 0 0 0 0 1 1 0 1 0 1 0 0 0 0 1 1 0 1 0 0 0 0 1 1 1 0 0 0 0 1 1 0 1 1 - - 0 0 0 0 0 - 0 0 0 - 0 1 1
  201.0      NODE_10348_PO _3813      1 1 1 1 0 1 1 1 1 1 0 0 0 0 1 1 - 1 1 - 0 0 1 1 0 1 1 1 1 1 1 1 - 0 - 1 0 - 0 1 0 0 0 0 0 1 1 0 0 0 1 0 1 1 0 0 1 - - - 1 1 1 1 0 0 0 0 0 0 0 0 1 1 0 1 0 1 0 0 0 0 1 1 - 1 0 0 0 0 1 1 1 0 0 1 0 1 1 0 - 1 - 0 0 0 0 1 0 - 0 0 - - 0 1 1
  206.9      NODE_4476_PO _11775      1 1 0 1 0 1 0 1 1 0 0 0 0 0 1 1 - 1 1 - 0 0 1 1 0 1 1 1 1 1 0 - - 0 - 1 0 0 0 1 0 0 0 0 0 1 1 0 0 0 1 0 1 1 0 0 1 1 - 1 1 1 1 1 0 0 0 0 0 0 0 0 1 1 0 1 0 1 0 0 0 0 1 1 - 1 0 0 0 0 1 1 1 0 0 1 0 1 0 0 1 1 0 0 0 0 0 - 0 - 0 0 0 - 0 1 0
  208.9      NODE_13184_PO _1499      1 1 0 1 0 1 0 1 1 0 0 1 0 0 1 1 - 1 1 0 0 0 1 1 0 1 1 1 1 1 0 1 - 0 - 1 0 0 0 1 0 0 0 0 - 1 1 0 0 0 1 0 1 1 0 0 1 0 1 - 1 1 1 1 0 0 0 0 0 0 0 0 1 1 0 1 0 1 0 0 0 0 1 1 - 1 0 0 0 0 1 1 1 0 0 - 0 1 0 0 1 1 - 0 0 0 0 - 0 - 0 0 0 - 0 1 0
  210.9      NODE_7272_PO _1640       1 1 0 1 0 1 0 1 1 0 0 1 - 0 1 1 - 1 1 - 0 0 1 1 0 1 1 1 1 1 0 1 1 1 - 1 0 0 1 1 0 0 0 0 0 1 1 0 0 0 1 - 1 1 0 0 1 - - - 1 1 1 1 0 0 0 0 0 0 0 0 1 1 0 1 0 1 0 0 0 0 1 1 - 1 0 0 0 0 1 1 1 0 0 1 0 1 0 0 1 1 - 0 0 0 0 - - - 0 0 - - 0 1 0
  218.1      NODE_26023_PO _171       1 - 0 1 0 1 0 1 0 0 1 1 0 0 1 1 0 1 1 - 0 1 1 1 0 1 1 1 1 1 0 1 - 1 - 1 0 0 1 1 0 0 1 0 - 0 1 0 0 0 1 0 1 1 0 0 1 0 1 0 1 1 1 1 0 0 0 0 0 0 0 0 1 1 0 1 0 1 0 0 0 0 1 1 - 1 0 0 0 0 1 1 1 1 1 1 0 1 0 - 1 1 - 0 0 0 0 1 0 - - 0 0 - 0 1 0
  221.2      NODE_4520_PO _4553       1 1 0 1 0 1 0 1 0 0 1 1 - 0 1 1 0 1 1 - 0 1 1 1 0 1 1 1 1 1 0 - - 1 - 1 0 0 1 1 0 0 1 0 0 0 1 0 0 0 1 0 1 - 0 1 1 - - - 1 1 1 1 0 0 0 0 - 0 0 0 1 0 0 1 0 1 0 0 0 0 1 1 - 1 0 0 0 0 1 1 1 1 1 - 0 1 0 0 1 1 - 0 0 0 0 - 0 - 0 0 0 - 0 0 0
  227.3      NODE_1862_PO _9650       1 1 1 1 0 1 0 1 0 0 1 1 0 1 1 1 - 1 1 - 0 1 1 1 0 1 1 1 1 1 0 0 - 1 - 1 0 0 1 1 0 0 1 0 0 0 1 0 0 0 1 1 1 1 0 1 1 0 - - 1 1 1 1 0 0 0 0 0 0 0 0 1 0 0 1 0 1 0 0 0 0 1 1 1 0 0 0 0 0 1 1 1 1 1 1 0 1 1 0 1 1 1 1 0 0 0 1 0 - 0 0 0 - 0 0 0
  228.2      NODE_390_PO _17358       1 1 1 1 0 1 0 1 0 0 1 1 0 1 1 1 1 1 1 - 0 1 1 1 0 1 1 1 1 1 0 0 - 1 - 1 0 0 1 1 0 0 1 0 0 0 1 0 0 0 1 1 1 1 0 1 1 0 - 0 1 1 1 1 0 0 0 0 0 0 0 0 1 0 0 1 0 1 0 0 0 0 1 1 1 0 1 0 0 0 1 1 1 1 1 1 0 1 1 0 1 1 - 1 0 0 0 1 0 - 0 0 0 - 0 0 0
  232.0      NODE_809_PO _23947       1 1 1 1 0 0 0 1 0 0 1 1 - 1 1 1 1 1 1 - 0 1 1 1 0 1 1 1 1 1 0 0 - 1 - 1 0 0 1 1 0 1 1 0 - 0 1 0 1 0 1 1 1 1 0 1 1 0 - - 1 1 1 1 0 0 0 1 0 0 0 0 1 0 0 1 0 1 0 0 0 0 1 1 1 0 1 0 0 0 1 1 1 1 1 1 0 1 1 0 1 1 - 1 0 0 0 - 0 - 0 0 0 - 0 0 0
  236.7      NODE_8666_PO _6035       0 1 1 1 0 0 0 1 0 0 1 1 - 1 1 1 - 1 1 1 0 1 1 1 0 1 1 1 1 1 0 0 - 1 - 1 0 0 1 1 0 1 1 0 0 0 1 0 1 0 1 1 1 1 0 1 1 0 1 0 1 1 1 1 0 0 0 1 0 0 1 0 1 0 0 1 0 0 0 0 0 0 1 1 1 0 1 0 0 0 0 1 1 1 1 1 0 1 1 0 1 1 1 1 0 0 0 1 1 - 0 0 0 - 0 0 0
  237.7      NODE_8463_PO _1651       0 1 1 1 0 0 0 1 0 0 1 1 0 1 1 1 1 1 1 - 0 1 1 1 0 1 1 1 1 1 0 0 - 1 - 1 0 0 1 1 0 1 1 0 - 0 1 0 1 0 1 1 1 1 0 1 1 0 - - 1 1 1 1 0 0 0 1 0 0 1 0 1 0 0 1 0 0 0 0 0 0 1 1 1 0 1 0 - 0 0 1 1 1 1 1 0 1 1 0 - 1 - 1 0 0 0 0 1 - 0 0 0 - 0 0 0
