  0.0        NODE_3284_PO _16426     0 0 1 0 0 1 0 0 0 1 0 1 - 0 0 1 - 0 0 0 1 1 1 1 1 1 0 1 1 1 1 0 - 1 - 1 1 1 0 0 0 0 1 0 1 1 1 0 0 1 0 1 1 1 - 0 0 0 - - 0 1 1 1 0 1 1 1 0 0 1 0 1 1 0 0 1 0 1 1 0 0 0 0 1 0 1 1 0 1 1 0 1 1 0 1 0 1 0 - 1 1 0 0 0 0 0 - 0 - 0 0 1 - 1 0 0
  4.9        NODE_2451_PO _6326      0 0 1 0 0 1 0 0 0 1 0 1 1 0 0 1 - 0 1 - 1 1 1 1 1 1 0 1 1 1 1 0 - 1 - 1 1 1 0 0 0 0 1 0 - 1 1 0 0 1 0 1 1 1 1 0 0 0 - 0 0 1 1 0 0 1 1 1 - 0 1 0 1 1 0 0 1 0 1 1 0 0 0 0 1 0 1 1 0 1 0 0 1 1 0 1 0 1 0 - 1 1 - 1 0 0 0 0 0 - 0 0 1 - 0 0 0
  14.5       NODE_4748_PO _12064     0 0 1 0 1 1 0 0 0 1 0 1 1 0 0 1 1 0 1 0 1 1 1 1 0 1 0 1 1 0 1 0 - 1 - 1 1 1 0 0 0 1 1 0 0 1 1 0 0 1 1 1 1 1 1 1 0 0 0 0 0 1 1 0 0 1 1 1 0 1 1 0 1 1 0 0 1 0 1 1 0 0 0 0 1 0 1 1 0 1 0 0 1 1 0 1 0 1 0 0 1 1 - 1 1 1 0 0 0 - 0 0 1 - 0 1 0
  20.1       NODE_108_PO _28964      0 0 1 0 1 0 0 0 0 1 0 1 1 0 0 1 - 0 1 - 1 1 1 1 0 1 0 1 1 0 1 0 0 1 - 1 1 1 0 0 0 1 1 0 0 1 1 0 0 1 1 1 0 1 1 1 0 1 - 0 0 0 1 0 0 1 1 1 0 1 1 0 1 1 0 0 1 0 1 1 0 0 0 0 - 0 1 1 0 1 0 0 1 1 0 1 0 1 0 1 1 0 - 1 1 1 0 - 0 - 0 0 1 - 0 1 0
  26.4       NODE_2240_PO _14603     0 0 1 1 1 0 0 0 0 1 1 1 - 0 0 1 - 0 1 - 1 1 1 1 0 1 0 1 1 0 1 - - 1 - 1 1 - 0 1 1 1 1 0 0 1 1 0 0 1 1 1 0 1 1 1 0 - - - - 0 1 0 0 1 1 0 - 1 1 0 1 1 - 0 1 0 1 1 0 - 0 0 - 1 1 1 0 1 0 0 1 1 0 1 0 1 0 1 - 0 - 1 1 1 0 0 0 - - 0 1 - 0 1 0
  29.6       NODE_1715_PO _9377      0 0 1 1 1 0 0 0 0 1 1 1 1 0 0 1 - 0 1 - 1 1 1 1 0 1 0 1 1 0 1 0 - - - 0 1 - 0 1 1 1 1 0 0 1 1 0 0 1 1 0 0 1 - 1 0 - - - 0 0 1 0 0 1 1 0 0 1 1 0 1 1 0 0 1 0 1 1 0 0 0 0 - 1 1 1 0 1 0 0 1 1 0 1 0 1 0 1 1 0 - - 1 1 0 - - - 0 0 1 - 0 0 0
  32.7       NODE_4160_PO _5477      1 0 1 1 1 0 0 0 0 1 1 1 - 0 0 1 - 0 1 - 1 1 1 1 0 1 0 1 1 0 1 - 1 1 - 0 1 1 0 1 1 1 1 0 0 1 1 0 0 1 1 0 0 1 1 1 0 1 - - 0 0 1 0 0 1 1 0 0 1 1 0 1 1 0 1 1 0 1 1 0 0 0 0 - 1 1 1 0 1 0 0 1 1 1 1 0 1 0 1 1 0 - 1 1 1 0 - 0 - 0 0 1 - 0 0 0
  40.5       NODE_1281_PO _36075     1 0 1 1 1 0 0 0 0 0 1 0 - 0 0 1 1 0 1 - 1 1 1 1 0 1 1 1 1 0 1 0 - 1 - 0 1 1 1 1 1 1 1 0 0 0 1 0 0 1 0 0 0 1 - 1 0 1 - 0 0 0 1 0 0 1 1 0 0 1 1 0 1 1 0 1 1 0 0 1 0 0 1 0 1 1 1 1 0 1 0 0 1 1 1 1 0 1 0 1 1 0 - 1 1 1 0 - 0 - 0 0 1 - 0 0 0
  43.5       NODE_8309_PO _5571      1 0 1 1 1 0 0 0 0 0 1 0 - 0 0 1 - 0 1 - 1 1 1 1 0 0 1 1 1 0 1 0 - 1 - 0 1 1 1 1 1 1 1 0 - 0 1 0 0 1 0 0 0 1 - 1 0 1 - - 0 0 1 0 0 1 1 0 0 1 1 0 1 1 0 1 1 0 0 1 0 0 1 0 - 1 0 1 0 1 0 0 1 1 1 - 0 1 0 1 1 0 - 1 1 1 0 - 0 - 0 0 1 - 0 0 1
  44.4       NODE_11406_PO _2449     1 0 1 1 1 0 0 0 0 0 1 0 - 0 0 1 - 0 1 0 1 1 1 1 0 0 1 1 1 0 1 0 - 1 - 0 1 1 1 1 1 1 1 0 0 0 1 0 0 1 0 0 0 1 1 1 0 1 - - 0 0 1 0 0 1 1 0 0 1 1 0 1 1 0 1 1 0 0 1 0 0 1 0 - 1 0 1 0 1 0 0 1 1 1 1 0 0 0 1 1 0 0 1 1 1 0 - 0 - 0 0 1 - 0 0 1
  48.3       NODE_2756_PO _15759     1 1 1 1 1 0 0 0 0 0 1 0 1 0 0 1 1 0 1 0 1 1 1 1 0 0 1 1 1 0 1 1 1 1 - 0 1 1 1 0 1 1 1 0 0 0 1 0 0 1 0 0 0 1 1 1 0 - - - 0 0 1 0 0 1 1 0 0 1 1 0 1 1 0 1 1 0 0 1 0 0 1 0 - 1 0 1 0 1 0 0 1 1 1 - 0 0 0 1 1 0 - 1 1 1 0 0 0 - 0 0 1 - 0 1 1
  49.2       NODE_1878_PO _13730     1 1 1 1 1 0 0 0 0 0 1 0 1 0 0 1 - 0 1 - 1 1 1 1 0 0 1 1 1 0 1 0 - 1 - 0 1 1 1 0 1 1 1 0 0 0 1 0 0 1 0 0 0 1 1 1 0 1 - 0 0 0 1 0 0 1 1 0 0 1 1 0 1 1 0 1 1 0 0 1 0 0 1 0 - 1 0 1 0 1 0 0 1 1 1 1 0 0 0 1 1 0 - 1 1 1 0 - 0 - 0 0 1 - 0 1 1
  51.2       NODE_9352_PO _543       1 1 1 1 1 0 0 0 0 0 1 0 1 0 0 1 - 0 1 - 1 1 1 1 0 0 1 1 1 0 1 0 - 1 - 0 1 - 1 0 1 1 1 0 0 0 1 0 0 1 0 0 0 1 1 1 0 - - 0 0 0 1 1 0 1 1 0 - 1 1 0 1 1 0 1 1 0 0 1 0 - 1 0 - 1 0 1 0 1 0 0 1 1 1 1 0 0 0 1 1 0 - 1 0 1 0 0 0 - 0 0 1 - 0 1 1
  53.2       NODE_4635_PO _4164      1 1 1 1 1 0 0 0 0 0 1 0 - 0 0 1 1 0 1 - 1 1 1 1 0 0 1 1 1 0 1 0 - 1 0 0 1 1 1 0 1 1 1 0 0 0 1 0 0 1 0 0 0 1 1 1 0 - - - 0 0 1 1 0 1 1 0 0 1 0 0 1 1 0 1 1 0 0 1 1 0 1 0 - 1 0 1 0 1 0 0 1 1 1 1 0 0 0 1 - 0 - 1 0 1 0 0 0 - - 0 1 - 0 1 1
  57.0       NODE_1898_PO _5746      1 1 1 1 1 0 0 0 0 0 1 0 - 0 0 1 1 0 1 0 1 1 1 1 0 0 1 1 1 0 1 0 - 1 - 0 1 1 1 0 1 1 1 0 1 0 1 0 0 1 0 0 0 1 1 1 0 1 - 0 0 0 0 1 0 1 1 0 0 1 0 0 1 1 0 1 0 0 0 1 1 0 1 0 - 1 0 1 0 1 0 0 0 1 1 1 0 0 0 1 1 0 - 1 0 1 0 0 0 - 0 0 1 - 0 1 1
  58.9       NODE_6107_PO _8803      1 1 1 1 1 0 1 0 0 0 1 0 1 0 0 1 1 0 1 - 1 1 1 1 0 0 1 1 1 0 1 0 1 1 0 0 1 1 1 0 1 1 1 0 1 0 1 0 0 1 0 0 0 1 1 1 0 - 1 0 0 0 0 1 0 1 1 0 0 1 0 0 1 1 0 1 0 0 0 1 1 0 1 0 0 1 0 1 0 1 0 0 0 1 1 1 0 0 0 1 0 0 - 1 0 1 0 0 0 - 0 0 1 - 0 1 1
  60.8       NODE_1807_PO _24330     1 1 1 1 1 0 1 0 0 0 1 0 0 0 0 1 - 0 1 0 1 1 1 1 0 0 1 1 1 0 1 0 - 1 - 0 1 1 1 0 1 1 1 0 1 0 1 0 0 1 0 0 0 1 1 1 0 1 - 0 0 0 0 1 0 1 1 0 0 1 0 0 1 1 0 1 0 0 0 1 1 0 1 0 0 1 0 1 0 1 0 0 0 1 1 1 0 0 0 1 0 0 0 1 0 1 0 - 0 - 0 0 1 - 0 0 1
  61.7       NODE_49_PO _105282      1 1 1 1 1 0 1 0 0 0 1 0 0 0 0 1 1 0 1 - 1 1 1 1 0 0 1 1 1 0 1 0 - - - 0 1 1 1 0 1 1 1 0 1 0 1 0 0 1 0 0 0 1 1 1 0 - - 0 0 0 0 1 0 0 1 0 0 1 0 0 1 1 0 1 0 0 0 1 1 0 1 0 0 1 0 1 0 1 0 0 0 1 1 1 0 0 0 1 0 0 - 1 0 1 0 0 0 - 0 0 1 - 0 0 1
  62.7       NODE_49_PO _100813      1 1 1 1 1 0 1 0 0 0 1 0 0 0 0 1 1 0 1 0 1 1 1 1 0 0 1 1 1 0 1 0 1 1 - 0 1 - 1 0 1 1 1 0 1 0 1 0 0 1 0 0 0 1 1 1 1 1 - - 0 0 0 1 0 0 1 0 0 1 0 0 1 1 0 1 0 0 0 1 1 0 1 0 0 1 0 1 0 1 0 0 0 1 1 1 0 0 0 1 - 0 - 1 0 1 0 0 0 - 0 0 1 - 0 0 1
  67.5       NODE_49_PO _1954        1 1 1 0 1 0 1 0 0 0 1 0 - 0 0 1 - 0 1 - 1 1 1 1 0 0 0 1 1 0 1 0 1 1 - 0 0 1 1 0 1 1 1 0 1 0 1 0 0 1 0 0 0 1 1 1 1 1 - 0 0 0 0 0 0 0 1 0 0 1 0 0 1 1 0 1 0 0 0 1 1 0 1 0 - 1 0 1 1 1 0 0 0 1 1 1 0 0 0 1 0 0 0 1 0 1 0 - 0 - 0 0 1 - 0 0 1
  73.2       NODE_396_PO _42121      1 1 0 0 1 0 1 0 0 0 1 0 0 0 0 1 1 0 1 - 1 1 1 1 0 0 0 1 1 0 1 1 - 1 - 0 0 1 1 0 1 1 1 0 1 0 1 0 0 1 0 0 0 1 1 1 1 1 - 0 0 0 0 0 0 0 0 0 0 1 0 0 1 1 0 1 0 0 0 1 1 0 1 0 0 1 0 1 1 1 0 1 0 1 1 1 1 0 0 1 0 0 - 1 0 1 1 0 0 - 0 0 1 - 0 0 1
  75.9       NODE_712_PO _13020      0 1 0 0 1 0 1 0 0 0 1 0 0 0 0 1 - 0 1 0 1 1 1 1 0 0 0 1 1 0 0 1 - 1 - 0 0 1 1 0 1 1 1 0 1 0 1 0 0 1 0 0 0 1 1 1 1 1 - 1 0 0 0 0 0 0 0 0 0 1 0 0 1 1 0 1 0 0 0 1 1 0 1 0 0 1 0 1 1 1 0 1 0 1 1 1 1 0 0 1 0 0 0 1 0 1 1 0 0 - 0 0 1 - 0 0 1
  76.8       NODE_712_PO _26171      0 1 0 0 1 0 1 0 0 0 1 0 0 0 0 1 - 0 1 - 1 1 1 1 0 0 0 1 1 0 0 1 - 1 - 0 0 1 1 0 1 1 1 0 1 0 1 0 0 1 0 0 0 1 1 0 1 1 1 1 0 0 0 0 0 0 0 0 0 1 0 0 1 1 0 1 0 0 0 1 1 0 1 0 - 1 0 1 1 1 0 1 0 1 1 1 1 0 0 1 0 0 0 1 0 1 1 - 0 - 0 0 1 - 0 0 1
  81.6       NODE_680_PO _23655      0 1 0 0 1 0 1 0 1 0 1 0 0 0 0 1 - 0 1 - 1 1 1 1 0 0 0 1 1 0 0 1 - 1 - 0 0 1 1 0 1 1 1 0 1 0 1 0 0 1 0 - 0 1 1 0 1 - - 1 0 0 0 0 0 0 0 0 0 1 0 0 1 1 0 1 0 0 1 1 1 0 1 0 - 1 0 1 1 1 1 1 0 1 1 0 1 0 0 1 0 0 - 1 0 1 1 - 1 - 0 0 1 - 0 0 1
  82.6       NODE_1855_PO _6406      0 1 0 0 1 0 1 0 1 0 1 0 0 0 0 1 0 0 1 0 1 1 1 1 0 0 0 1 1 0 0 1 - 1 - 0 0 1 1 0 1 1 1 0 1 0 1 0 0 1 0 1 0 1 1 0 1 1 - - 0 0 0 0 0 0 0 0 0 1 0 0 1 1 0 1 0 0 1 1 1 0 1 0 0 1 0 1 1 0 1 1 0 1 1 0 1 0 0 1 0 0 - 1 0 1 1 0 1 - 0 0 1 - 0 0 1
  84.4       NODE_1855_PO _22456     0 1 0 0 1 0 1 0 1 0 1 0 0 0 0 1 - 0 1 0 1 1 1 1 0 1 0 1 1 0 0 1 - 1 - 0 0 1 1 0 1 1 1 0 1 0 1 0 0 1 0 1 0 1 1 0 1 1 - 1 0 0 0 0 0 0 0 0 0 1 0 0 1 1 1 1 0 0 1 1 1 0 1 0 0 1 0 1 1 0 1 1 0 1 1 0 1 0 0 1 0 0 - 1 0 1 1 0 1 - 0 0 1 - 0 0 1
  87.2       NODE_424_PO _44197      0 1 0 0 1 0 1 0 1 0 1 0 0 0 1 1 0 0 1 - 1 1 1 1 0 1 0 1 1 0 0 1 1 1 - 0 0 1 1 0 1 1 1 0 1 0 1 0 0 1 0 1 0 1 1 0 1 - - 1 0 0 0 0 0 0 0 0 0 1 0 0 1 1 1 1 0 0 1 1 1 0 1 0 0 1 0 1 1 0 1 1 0 1 1 0 1 1 0 0 0 0 - 1 0 1 1 0 1 - 0 0 1 - 0 0 1
  88.2       NODE_1561_PO _8192      0 - 0 0 1 0 1 0 1 0 1 0 0 0 1 1 - 0 1 - 1 1 1 1 0 1 0 1 1 0 0 1 0 1 - 0 - - 1 0 1 1 1 0 1 0 1 0 0 1 0 1 0 - 1 0 1 1 - - 0 0 0 0 0 0 0 - - 1 0 0 1 1 1 1 0 0 1 1 1 0 1 0 - 1 0 1 1 0 1 1 0 1 1 0 1 1 0 0 0 0 - 1 0 1 1 - 1 - 0 0 1 - 0 0 1
