  0.0       NODE_1870_PO_24325      0 0 0 1 1 1 0 0 1 1 1 1 - 1 0 0 1 0 1 - 1 1 0 0 1 0 0 0 0 0 1 1 - 1 - 1 0 1 1 0 0 0 0 0 0 0 1 0 0 1 0 0 1 0 0 0 0 0 - - 1 0 1 1 1 0 0 0 0 1 0 1 0 0 1 0 0 0 0 0 1 1 1 1 - 1 1 0 1 0 1 1 0 1 1 1 0 1 1 1 1 0 - 1 1 1 0 - 0 - 0 0 1 - 1 0 0
  1.0       NODE_1870_PO_5104       0 0 0 1 1 1 0 0 1 1 1 1 0 1 0 0 - 0 1 - 1 1 0 0 1 0 0 0 0 0 1 1 - 1 - 1 0 1 1 0 0 0 0 0 0 0 1 0 0 1 1 0 1 0 0 0 0 0 - 1 1 0 1 1 1 0 0 0 0 1 0 1 0 0 1 0 0 0 0 0 1 1 1 1 0 1 1 0 1 0 1 1 0 1 1 1 0 1 1 1 1 0 1 1 1 1 0 1 0 - 0 0 1 - 1 0 0
  2.9       NODE_679_PO_38061       0 0 0 1 1 1 0 0 1 1 1 1 - 1 0 0 1 0 1 - 1 1 0 0 1 0 0 0 0 0 1 1 - 1 - 1 0 1 0 0 0 0 0 0 0 0 0 - 0 1 1 - 1 0 0 0 0 0 - 1 1 0 1 1 1 0 0 0 0 1 0 1 0 0 1 0 0 0 0 0 1 1 1 1 - 1 1 0 1 0 1 1 0 1 1 1 0 1 1 1 1 0 - 1 1 1 0 - 0 - 0 0 1 - 1 0 0
  9.7       NODE_264_PO_15393       0 0 0 0 0 1 0 0 1 1 1 1 - 0 0 0 1 0 1 - 1 1 0 0 1 0 0 0 0 0 1 1 - 1 - 1 0 1 0 0 0 1 0 0 0 1 0 0 0 0 1 0 1 0 0 0 0 - - 1 1 0 1 1 0 0 0 0 - 1 0 1 0 0 1 0 0 0 0 0 1 1 1 1 - 1 1 0 1 0 1 1 0 1 1 1 0 1 1 1 1 0 0 1 1 1 0 1 0 - 0 0 1 - 1 0 0
  10.6      NODE_2009_PO_19565      0 0 0 0 0 1 0 0 1 1 1 1 - 0 1 0 1 0 1 - 1 1 0 0 1 0 0 0 0 0 1 1 0 1 - 1 0 1 0 0 0 1 0 0 0 1 0 0 0 0 1 0 1 0 - 0 0 0 - 1 1 0 1 1 0 0 0 0 0 1 0 1 0 0 1 0 0 0 0 0 1 1 1 1 - 1 1 0 1 0 1 1 0 1 1 1 0 1 1 1 1 0 0 1 1 1 0 1 0 - 0 0 1 - 1 0 0
  17.3      NODE_1010_PO_12833      0 0 0 0 0 1 0 0 1 1 1 1 - 0 1 0 - 0 0 - 1 1 0 0 0 0 0 0 0 0 1 1 - 1 - 1 1 1 0 0 0 1 0 0 0 0 0 0 0 0 1 0 1 0 0 1 0 - - 1 1 0 1 1 0 0 0 0 0 1 0 1 0 0 1 0 0 0 0 0 1 1 1 1 - 1 1 0 1 0 1 1 0 1 1 1 0 1 1 1 1 0 - 0 1 0 0 1 0 - 0 0 1 - 1 0 0
  22.1      NODE_259_PO_9756        0 0 0 0 0 1 0 0 1 1 1 1 0 0 1 0 1 0 0 - 1 1 0 0 0 0 0 1 0 0 1 1 - 1 - 1 1 1 0 0 0 1 0 0 0 0 0 0 0 0 1 0 0 0 0 1 0 0 - 1 1 0 1 1 0 0 0 0 0 1 0 1 0 0 1 0 0 0 0 0 1 1 1 1 - 1 1 0 1 0 1 1 0 0 1 0 0 1 0 1 1 0 0 0 1 0 0 - 0 - 0 0 1 - 1 0 0
  24.9      NODE_857_PO_7008        0 0 1 0 0 1 0 0 1 0 1 1 0 0 1 0 1 0 0 0 1 1 0 0 0 0 0 1 0 0 1 1 - 1 - 1 1 1 0 0 0 1 0 0 0 0 0 0 0 0 1 0 0 0 0 1 0 0 - 1 1 0 1 1 0 0 0 0 0 1 0 1 0 0 1 0 1 0 0 0 1 1 1 1 - 1 1 0 1 0 1 1 0 0 1 0 0 1 0 1 1 0 - 0 1 0 0 0 0 - 0 0 1 - 1 0 0
  27.7      NODE_1055_PO_23049      0 0 1 0 0 1 0 0 1 0 1 1 0 0 1 0 - 0 0 0 1 0 0 0 0 0 0 1 0 0 1 1 0 1 - 1 1 1 0 0 0 1 0 0 0 0 0 0 0 0 1 0 0 0 0 1 0 - - - 1 0 1 1 0 0 0 0 0 1 0 1 1 0 1 0 1 0 0 0 1 1 1 1 0 1 1 0 1 0 1 1 0 0 1 0 0 1 0 1 1 0 - 0 0 0 0 0 0 - 0 0 1 - 1 0 0
  29.6      NODE_3384_PO_13642      0 0 1 0 0 1 0 0 1 0 1 1 0 0 1 0 - 0 0 0 1 0 0 0 0 0 0 1 0 0 1 1 - 1 - 1 1 1 0 0 1 1 0 0 1 0 0 0 0 0 1 0 0 0 0 1 0 0 0 1 1 0 1 1 0 0 0 0 0 1 0 1 1 0 1 0 1 0 0 0 1 1 1 1 - 1 1 0 1 0 1 1 0 0 1 0 0 1 0 1 1 0 - 0 0 0 0 0 0 - 0 0 1 - 1 0 0
  30.5      NODE_1132_PO_37629      0 0 1 0 0 1 0 0 1 0 1 1 - 0 1 0 - 0 0 - 1 0 0 0 0 0 0 1 0 0 1 1 - 1 - 1 1 1 0 0 1 1 0 0 1 0 0 0 0 0 1 0 0 0 0 1 0 0 - 1 1 0 1 1 0 0 0 0 0 1 1 1 1 0 1 0 1 0 0 0 1 1 1 1 - 1 1 0 1 0 1 1 0 0 1 0 0 1 0 1 1 0 - 0 0 0 0 - 0 - - 0 1 - 1 0 0
  33.4      NODE_1083_PO_29307      0 0 1 0 0 1 0 0 1 0 1 1 0 0 1 0 - 0 0 - 1 0 0 0 0 0 0 1 0 0 1 1 - 1 - 1 1 0 0 0 1 1 0 0 1 0 0 0 0 0 1 0 0 0 0 1 0 0 - - 1 0 1 1 0 0 0 0 0 1 1 1 1 0 1 0 1 0 0 0 1 1 1 1 - 1 1 0 1 0 1 1 0 0 1 0 0 1 0 1 1 0 0 0 0 0 0 0 0 - 0 1 1 - 1 1 0
  37.1      NODE_2674_PO_1711       0 0 1 0 0 1 0 0 1 0 1 1 0 0 1 0 - 0 0 0 1 0 0 0 0 0 0 1 0 0 1 1 - 1 - 1 1 0 1 0 1 1 0 0 1 0 0 0 0 0 1 1 0 0 0 1 0 0 - 1 1 0 1 1 0 0 0 0 0 1 1 1 1 0 1 0 1 0 0 0 1 1 1 1 - 1 0 0 1 0 1 1 0 0 1 0 0 1 0 1 1 0 - 0 0 0 0 0 0 - 0 1 1 - 1 1 1
  40.0      NODE_682_PO_27077       0 0 1 0 0 1 0 0 1 0 1 1 0 0 1 0 1 0 0 - 1 0 0 0 0 0 0 1 0 0 1 1 1 1 - 1 1 0 1 0 1 1 0 0 1 0 0 0 0 0 1 1 0 0 0 1 0 0 - 1 1 0 1 1 0 0 0 1 1 1 1 1 1 0 1 0 1 0 0 0 1 1 1 1 - 1 0 0 1 0 1 1 0 0 1 0 0 1 0 0 1 0 0 0 0 0 0 - 0 - - 1 1 - 1 1 1
  41.8      NODE_4151_PO_723        0 0 1 0 0 1 0 0 1 0 1 1 0 0 1 0 - 0 0 1 1 0 0 0 0 0 0 1 0 0 1 1 1 1 - 1 1 0 1 0 1 1 0 0 1 0 0 0 0 0 1 1 0 0 1 1 0 0 - 0 1 0 1 1 0 0 0 1 1 1 1 1 1 0 1 0 1 0 0 0 1 1 1 1 0 1 0 0 1 0 1 1 0 0 1 0 0 1 0 0 1 0 - 0 0 0 0 0 0 - 0 1 1 - 1 1 1
  43.7      NODE_2555_PO_18280      0 0 1 0 0 1 0 0 1 0 1 1 0 0 1 0 - 0 0 - 1 0 0 0 0 0 0 1 0 0 1 1 - 1 - 1 1 0 1 0 1 1 0 0 1 0 0 0 0 0 1 1 0 0 1 1 0 0 - 0 1 1 1 1 0 0 0 1 - 1 1 1 1 0 1 0 1 0 0 0 1 1 1 1 0 1 0 0 1 0 1 1 0 0 1 1 0 1 0 0 1 0 - 0 0 0 0 - 0 - 0 1 1 - 1 1 1
  47.5      NODE_1590_PO_26692      0 1 1 0 0 1 0 0 1 0 1 1 0 0 0 0 1 0 0 - 1 0 0 0 0 0 0 1 0 0 1 1 1 1 - 1 1 0 1 0 1 1 0 0 1 0 0 0 0 0 0 1 0 0 1 1 0 0 - 0 1 1 1 1 0 0 0 1 1 1 1 1 1 0 1 0 1 0 0 0 1 1 1 1 - 0 0 0 1 0 1 1 0 0 1 1 0 1 0 0 1 0 - 0 0 0 0 0 0 - 0 1 1 - 1 1 1
  53.3      NODE_1724_PO_1652       0 1 1 0 0 1 1 0 1 0 1 1 - 0 0 0 - 0 0 - 0 0 0 0 0 0 0 1 0 0 0 1 - 1 - 1 1 0 1 0 1 1 0 0 1 0 0 1 0 0 0 1 0 0 1 1 0 - - - 1 1 1 0 0 0 0 1 - 1 1 1 1 0 1 0 1 0 0 0 1 1 1 1 - 0 0 0 1 0 1 1 1 0 1 1 0 1 0 0 1 0 - 0 0 - 0 0 0 - 0 1 1 - 1 1 1
  57.2      NODE_1097_PO_34604      0 1 1 0 0 1 1 0 1 0 1 1 0 0 0 0 1 0 0 1 0 0 0 0 0 0 0 1 0 0 0 1 - 1 - 1 1 0 1 0 1 1 0 0 - 1 0 1 0 0 0 1 0 0 1 1 0 0 0 - 1 1 1 0 1 0 0 1 1 1 1 1 1 0 1 1 1 0 0 0 1 1 1 1 - 0 0 0 1 0 1 1 1 0 1 1 0 1 0 0 1 0 - 0 0 0 0 0 1 - 0 1 1 - 1 1 1
 61.0      NODE_662_PO_29183       0 1 1 0 0 1 1 0 1 0 1 0 0 0 0 0 - 0 0 - 0 0 0 0 0 0 0 1 0 0 0 1 1 1 - 1 1 0 1 0 1 1 0 0 1 1 0 1 0 0 0 1 0 0 1 1 0 0 - 0 1 1 1 0 1 0 0 1 1 1 1 1 1 0 1 1 1 0 1 0 1 1 1 1 - 0 0 0 1 0 1 1 1 0 1 1 0 1 0 0 1 0 - 0 0 1 0 - 1 - 1 1 1 - 1 1 1
  62.0      NODE_662_PO_8493        0 1 1 0 0 1 1 0 1 0 1 0 0 0 0 0 1 0 0 - 0 0 0 0 0 0 0 1 0 0 0 1 - 1 1 1 1 0 1 0 1 1 0 0 1 1 0 1 0 0 0 1 0 0 1 1 0 0 0 - 1 1 1 0 1 0 0 1 1 1 1 1 1 0 1 1 1 0 1 0 1 1 1 1 0 0 0 0 1 0 1 1 1 0 1 1 0 1 0 0 1 0 - 0 0 1 0 0 1 - 1 1 0 - 1 1 1
  62.9      NODE_214_PO_75196       0 1 1 0 0 1 1 0 1 0 1 0 0 0 0 0 1 0 0 - 0 0 0 0 0 0 0 - 0 0 0 1 1 1 - 1 1 0 1 0 1 1 0 0 - 1 0 1 0 0 0 1 0 0 - 1 0 0 - - 1 1 1 0 1 0 0 1 1 1 1 1 1 0 1 1 1 0 1 0 1 1 1 1 0 1 0 0 1 0 1 1 1 0 1 1 0 1 0 0 1 0 - 0 0 1 0 0 1 - 1 1 0 - 1 1 1
  64.8      NODE_214_PO_55284       0 1 1 0 0 1 1 0 1 0 1 0 0 0 0 0 1 0 0 - 0 0 0 0 0 0 0 1 0 0 0 1 - 1 - 1 1 0 1 0 1 1 0 0 1 1 0 1 0 0 0 1 0 0 1 0 0 0 - - 1 1 1 0 1 0 0 1 1 1 1 1 1 0 1 1 1 0 1 0 1 1 1 1 - 1 0 0 1 0 1 1 0 0 1 1 0 1 0 0 1 0 - 0 0 1 0 0 1 - 1 1 0 - 1 1 1
  65.8      NODE_214_PO_32483       0 1 1 0 0 0 1 0 1 0 1 0 0 0 0 0 - 0 0 - 0 0 0 0 0 0 0 1 0 0 0 1 - 1 - 1 1 - 1 0 1 1 0 0 1 1 0 1 0 0 0 1 0 0 1 0 0 0 - - 1 1 1 0 1 0 0 1 - 1 1 1 1 0 1 1 1 0 1 0 1 1 1 1 - 1 0 0 1 0 1 1 0 0 1 1 0 1 0 0 1 0 - 0 0 1 0 - 1 - 1 1 0 - 1 1 1
  69.9      NODE_473_PO_11529       0 1 1 0 0 0 1 0 1 0 1 0 - 0 0 1 - 0 0 - 0 0 0 0 0 0 0 1 0 0 0 0 - - - 1 1 0 1 0 1 1 0 0 1 1 0 1 0 0 0 1 0 0 - 0 - - - - - 1 1 0 1 0 0 1 - 1 1 1 1 0 1 1 1 0 1 0 1 1 0 1 - 1 0 0 1 1 1 1 0 0 1 1 0 1 0 0 1 0 - 0 0 1 0 0 1 - 1 1 0 - 1 1 1
  70.9      NODE_383_PO_55461       0 1 1 0 0 0 1 0 1 0 1 0 0 0 0 1 1 0 0 1 0 0 0 0 0 0 0 1 0 0 0 0 - 1 - 1 1 0 1 0 1 1 0 0 1 1 1 1 0 0 0 1 0 0 1 0 0 0 0 0 1 1 1 0 1 0 0 1 1 1 1 1 1 0 1 1 1 0 1 0 1 1 0 1 - 1 0 0 1 1 1 1 0 0 1 1 0 1 0 0 1 0 - - 0 1 0 0 1 - 1 1 0 - 1 1 1
  72.7      NODE_383_PO_7520        0 1 1 1 0 0 1 0 1 0 1 0 0 0 0 1 1 0 0 1 0 0 0 0 0 0 0 1 0 0 0 0 1 1 1 1 1 0 1 0 1 1 0 0 1 1 1 1 0 0 0 1 0 0 1 0 0 0 - 0 1 1 1 0 1 0 0 1 1 1 1 1 0 0 1 1 1 0 1 0 1 1 0 1 0 1 0 0 1 1 1 1 0 0 1 1 0 1 0 0 1 0 0 0 0 1 0 0 1 - 1 1 0 - 1 1 1
 75.4      NODE_4681_PO_6876       0 1 1 1 0 0 1 0 1 0 1 0 - 0 0 1 1 0 0 1 0 0 0 0 0 0 0 1 0 0 0 0 1 1 - 1 1 0 1 1 1 1 0 0 1 1 1 1 0 0 0 1 0 0 1 0 0 - - 0 1 1 1 0 1 0 0 1 1 1 1 1 0 0 1 1 1 0 1 0 1 1 0 1 - 1 1 0 1 1 1 1 0 0 1 1 1 1 0 0 1 0 0 0 0 1 0 0 1 - 1 1 0 - 1 1 1
 76.4      NODE_5631_PO_11587      0 1 1 1 0 0 1 0 1 0 1 0 0 0 0 1 1 0 0 1 0 0 0 0 0 0 0 1 0 0 0 0 - 1 - 1 1 0 1 1 1 1 0 0 1 1 1 1 0 0 0 1 0 0 1 0 0 0 - 0 1 1 1 0 1 0 0 1 1 0 1 1 0 0 1 1 1 0 1 0 1 1 0 1 0 1 1 0 1 1 1 1 0 0 1 1 1 1 0 0 1 0 - 0 0 1 0 0 1 - 1 1 0 - 1 1 1
  77.3      NODE_2306_PO_21597      0 1 1 1 0 0 1 0 1 0 1 0 0 0 0 1 1 0 0 1 0 0 0 0 0 0 0 1 0 0 0 0 - 1 - 1 1 0 1 1 1 1 0 0 1 1 1 1 0 0 0 1 0 0 1 0 0 0 - - 1 1 1 0 1 0 0 1 1 0 1 0 0 0 1 1 1 0 1 0 1 1 0 1 0 1 1 0 1 1 1 1 0 0 1 1 1 1 0 0 1 0 - 0 0 1 0 0 1 - 1 1 0 - 1 1 1
  78.2      NODE_7580_PO_3718       0 1 1 1 0 0 1 0 1 0 1 0 0 0 0 1 - 0 0 - 0 0 0 0 0 0 0 1 0 0 0 0 - 1 - 1 1 0 1 1 1 1 0 0 - 1 1 1 0 1 0 1 0 0 1 0 0 0 - 0 1 1 1 0 1 0 0 1 1 0 1 0 0 0 1 1 1 0 1 0 1 1 0 1 0 1 1 0 1 1 1 1 0 0 1 1 1 1 0 0 1 0 1 0 0 1 0 0 1 - 1 1 0 - 1 1 1
 83.0      NODE_259_PO_23229       0 1 1 1 0 0 1 0 1 0 1 0 0 0 0 1 1 0 0 - 0 0 0 0 0 0 0 1 0 0 0 0 - 1 1 1 1 0 1 1 1 1 0 0 0 1 1 1 0 1 0 1 0 0 0 0 0 1 - - 1 1 1 1 1 0 0 1 1 0 1 0 0 0 1 1 1 0 1 0 1 - 0 1 0 1 1 0 1 1 1 1 0 0 1 1 1 1 0 0 1 0 - 0 0 1 1 1 1 - - 1 0 - 1 1 1
 85.0      NODE_2224_PO_4423       - 1 1 1 0 0 1 0 1 0 1 0 0 0 0 1 1 0 0 - 0 0 0 0 0 0 0 1 0 0 0 - - 1 - 1 1 0 1 1 1 1 0 0 - 1 1 1 0 1 0 1 0 - - 0 1 - - 1 1 1 1 1 1 0 1 1 1 0 1 0 0 0 1 1 1 0 1 0 1 1 0 1 - 1 1 0 1 1 1 1 0 0 1 1 1 1 0 0 1 0 - 0 0 1 1 1 1 - 1 1 - - 1 1 1
 88.0      NODE_189_PO_62893       0 1 1 1 0 0 1 0 1 0 1 0 - 0 0 1 1 0 0 - 0 0 0 0 0 0 1 1 0 0 0 0 - 1 - 1 1 0 1 1 1 1 0 0 - 1 1 1 0 1 0 1 0 1 0 0 1 0 - 1 1 1 1 1 1 0 1 1 - 0 1 0 0 0 1 1 1 0 1 0 1 1 0 1 0 1 1 0 - 1 1 1 0 0 0 1 1 1 0 0 1 0 1 0 0 1 1 1 0 - 1 1 0 - 1 1 1
 89.0      NODE_10024_PO_4744      0 1 1 1 0 0 1 0 1 0 1 0 0 0 0 1 1 0 0 - 0 0 0 0 0 0 1 1 0 0 0 0 1 1 1 1 1 0 1 1 1 1 0 0 0 1 1 1 0 1 0 1 0 1 0 0 1 0 - 1 1 1 1 1 1 0 1 1 1 0 1 0 0 0 1 1 1 0 1 0 1 0 0 1 0 1 1 0 1 1 1 1 0 0 0 1 1 1 0 0 1 0 - 0 0 1 1 1 0 - 1 1 0 - 1 1 1
 89.9      NODE_1058_PO_25722      0 1 1 1 0 0 1 0 1 0 1 0 0 0 0 1 1 0 0 - 0 0 0 0 0 0 1 1 0 0 0 0 - 1 1 1 1 0 1 1 1 1 0 0 0 1 1 1 0 1 0 1 0 1 0 0 1 0 0 1 1 1 1 1 1 0 1 1 1 0 1 0 0 0 1 1 1 0 1 0 1 0 0 1 0 1 1 0 1 1 1 1 0 0 0 1 1 0 0 0 1 0 1 0 0 1 1 1 0 - 1 1 0 - 1 1 1
 97.8      NODE_582_PO_20515       1 1 1 1 0 0 1 0 1 0 1 0 0 0 0 1 - 0 0 - 0 0 1 0 0 0 1 1 0 0 0 0 - 1 - 1 - 0 1 1 1 1 0 0 0 1 1 1 0 1 0 0 1 - 0 0 1 - - - 1 1 1 1 0 0 1 1 1 0 1 0 0 1 1 1 0 0 1 0 1 0 0 1 - 1 1 0 1 1 1 1 0 0 0 1 1 0 0 0 1 0 - - 0 1 1 - 0 - 1 1 0 - 0 1 1
 98.7      NODE_582_PO_53223       1 1 1 1 0 0 1 0 1 0 1 0 - 0 0 1 - 0 0 0 0 0 1 0 0 0 1 1 0 0 0 0 - 1 - 1 1 0 1 1 1 1 0 0 0 1 1 1 0 1 0 0 1 1 0 0 1 - - 1 1 1 1 1 0 0 1 1 1 0 1 0 0 1 1 1 0 0 1 0 0 0 0 1 1 1 1 0 1 1 1 1 0 0 0 1 1 0 0 0 1 0 - 0 0 1 1 1 0 - 1 1 0 - 0 1 1
 103.7     NODE_3308_PO_20469      1 1 1 0 0 0 1 0 1 0 1 0 0 0 0 1 - 0 0 - 0 0 1 0 0 0 1 1 0 0 0 - - 1 - 1 1 0 1 1 1 1 0 0 - 1 1 1 0 1 0 0 1 1 0 1 1 0 - 1 1 1 1 1 0 0 1 1 - 0 0 0 0 1 1 1 0 0 1 1 0 0 0 1 - 1 1 0 1 0 1 1 0 0 0 1 1 0 0 0 1 0 - 0 0 1 1 1 0 - - 1 0 - 0 1 1
  105.7     NODE_4503_PO_4726       1 1 1 0 0 0 1 0 1 0 1 0 - 0 0 1 - 0 0 - 0 0 1 0 0 0 1 1 0 0 0 0 - - - 1 1 0 1 1 1 1 0 0 0 1 0 1 0 1 0 0 1 - 0 1 1 - - - 1 1 1 1 0 1 1 1 - 0 0 0 0 1 1 1 0 0 - 1 0 0 0 1 - 1 1 0 1 0 1 1 0 0 0 1 1 0 0 0 1 0 - 0 0 1 1 - 0 - - 1 0 - 0 1 1
  109.8     NODE_616_PO_1810        1 1 1 0 0 0 1 0 1 0 1 0 0 0 0 1 - 0 0 - 0 0 1 0 0 0 1 1 0 0 0 0 - 1 - 1 1 0 1 1 1 1 0 0 - 1 0 0 0 1 0 0 1 1 1 1 1 - - - 1 1 1 1 0 1 1 1 1 0 0 0 0 1 1 1 0 0 1 1 0 0 0 1 1 1 1 0 1 0 1 1 0 0 0 1 0 0 0 0 1 0 - 0 0 1 0 1 0 - 1 1 0 - 0 1 1
  112.8     NODE_4045_PO_10435      1 - 1 0 0 0 1 0 1 0 1 0 - 0 0 1 - 0 0 - 0 0 1 0 0 0 1 1 0 0 1 0 - 1 - 1 1 0 1 1 1 1 0 0 - 1 0 0 0 1 0 0 1 1 1 1 1 0 - 1 1 1 1 1 0 1 1 1 1 0 0 0 0 1 1 1 0 0 1 1 0 0 1 1 - 1 1 0 1 0 1 1 0 0 0 1 0 0 0 0 1 0 1 0 0 0 0 - 0 - - 1 0 - 0 1 1
  114.8     NODE_2960_PO_8366       1 - 1 0 0 0 1 0 1 0 1 0 0 0 0 1 - 0 0 0 0 0 1 0 0 0 1 - 0 0 1 0 1 1 - 1 1 0 1 1 1 1 0 0 0 1 0 0 0 1 0 0 1 1 1 1 1 - - 1 1 1 1 1 0 1 1 1 1 0 0 0 0 1 1 1 0 0 1 1 0 0 1 1 - 1 1 0 1 0 1 1 0 0 0 0 0 0 0 0 - 0 - 0 0 0 0 1 0 - - 1 0 - 0 1 0
  115.8     NODE_1935_PO_9968       1 - 1 0 0 0 1 0 1 0 1 0 0 0 0 1 - 0 0 - 0 0 1 0 0 0 1 1 0 0 1 - - 1 - 1 1 - 0 1 1 1 0 0 - 1 0 0 0 1 0 0 1 1 - 1 1 - - 1 1 1 1 1 0 1 1 1 - 0 0 0 0 1 1 1 0 0 1 1 0 - 1 1 1 1 1 0 1 0 1 1 0 0 0 0 0 0 0 0 1 0 - 0 0 0 0 1 0 - 1 1 0 - 0 1 0
  123.1     NODE_48_PO_103924       1 1 1 0 0 0 1 0 1 0 0 0 - 0 0 1 - 0 0 0 0 1 1 0 0 0 1 1 0 0 1 0 - 1 - 1 1 0 0 1 1 1 0 0 0 1 0 0 0 1 0 0 1 1 - 1 1 0 - 1 1 1 0 1 0 1 1 - 1 0 0 0 0 1 1 0 0 1 1 1 0 0 1 1 - 1 1 0 1 0 1 1 0 0 0 - 0 0 0 0 1 0 - 0 0 0 0 1 0 - 1 1 1 - 0 0 0
  124.1     NODE_48_PO_79444        1 1 1 0 0 0 1 0 1 0 0 0 - 0 0 1 - 0 0 - 0 1 0 0 0 0 1 1 0 0 1 0 1 1 - 1 1 - 0 1 1 1 0 0 0 1 0 0 0 1 0 0 1 1 1 1 1 0 - 1 1 1 0 1 - 1 1 1 1 0 0 0 0 1 1 0 0 1 1 1 0 0 1 1 - 1 1 0 1 0 1 1 0 0 0 0 0 0 0 0 1 0 - 0 0 0 0 1 0 - 1 1 1 - 0 0 0
  128.9     NODE_5608_PO_2312       1 1 1 1 0 0 1 0 1 0 0 0 - 0 0 1 - 0 0 - 0 1 0 0 0 0 1 1 0 0 1 0 - 1 - 1 1 0 0 1 1 1 0 0 0 0 0 0 0 1 0 0 1 1 1 1 1 0 - 1 1 1 0 1 0 1 1 1 1 0 0 0 0 1 1 1 1 1 1 1 0 0 1 1 - 1 1 0 0 0 1 1 0 0 0 0 0 0 0 0 - 0 - 0 0 0 0 1 0 - 1 1 1 - 0 0 0
  136.5     NODE_2677_PO_12023      0 1 0 1 0 0 1 0 1 1 0 0 0 0 1 1 - 0 0 - 0 1 0 0 0 0 1 - 0 0 1 0 - 0 - 1 - 0 0 1 1 - 0 0 0 0 0 0 0 1 0 - 1 1 - 1 1 - - - - 1 0 1 0 1 1 1 - 0 0 - 0 1 1 1 - - 1 1 0 0 1 1 - 1 1 1 0 0 1 1 0 0 0 - 0 0 0 0 0 0 - 1 0 0 0 1 0 - 1 1 - - 0 0 0
  140.9     NODE_7058_PO_2615       0 0 0 1 0 0 1 0 1 1 0 0 0 0 1 1 1 0 0 - 0 1 0 0 0 0 1 - 0 0 1 - 1 0 - 1 1 0 0 1 1 1 0 0 - 0 0 0 0 1 0 1 1 1 1 1 1 0 - - 1 1 0 1 0 1 1 1 1 0 1 0 0 1 1 1 1 1 0 1 0 0 1 1 - 1 1 1 0 0 1 1 0 0 0 - 0 0 0 0 0 0 - 1 0 0 0 - 0 - 1 1 1 - 1 0 0
  146.3     NODE_8225_PO_4065       0 0 0 1 0 1 1 0 1 1 0 0 - 0 1 1 - 0 0 - 0 1 0 0 0 1 1 1 0 0 1 0 - - - 0 1 0 0 1 1 1 0 - - 0 0 0 0 1 0 1 0 1 1 1 - - - 1 1 1 0 1 0 1 1 1 - 0 1 0 0 0 1 1 1 1 0 1 0 0 1 1 - 1 1 1 0 0 1 1 0 0 0 0 0 0 0 0 0 0 - - 0 0 0 1 0 - - 1 1 - 1 0 0
 152.9     NODE_9309_PO_2857       0 0 0 1 0 1 1 0 1 1 0 0 - 0 1 1 - 1 0 - 0 1 0 0 0 1 1 - 0 0 1 - - 0 - 0 1 0 0 1 1 1 1 0 - 0 1 - 0 1 0 - 0 1 1 1 0 - - 1 1 1 0 1 - 1 1 - 1 0 1 0 0 0 1 1 1 1 0 1 1 0 1 1 - 1 1 1 0 0 1 1 1 0 - 0 0 0 0 0 0 0 - 1 0 0 1 - 0 - - 1 1 - 1 0 0
 166.9     NODE_2583_PO_16322      0 0 0 1 1 1 1 1 1 1 0 0 - 1 1 1 - 1 1 - 0 1 0 0 0 1 1 0 0 0 1 - 1 0 - 0 1 0 0 1 1 1 1 0 0 0 1 0 0 1 0 1 0 1 0 1 0 - - 0 1 1 0 0 0 1 1 1 1 1 1 0 0 0 0 0 1 1 0 1 1 0 1 1 - 1 0 1 0 0 1 1 1 0 0 - 1 0 0 0 0 0 - 1 0 0 1 1 1 - 1 1 1 - 1 0 0
 169.8     NODE_2062_PO_25675      0 0 0 1 1 1 1 1 1 1 0 0 0 1 1 1 1 1 1 1 0 1 0 0 0 1 1 0 0 0 1 1 1 0 1 0 1 0 0 1 1 1 1 0 0 0 1 0 0 1 0 1 0 1 0 1 0 0 - - 1 0 0 0 0 1 1 1 1 1 1 0 0 0 0 0 1 1 0 1 1 0 1 1 1 1 0 1 0 0 1 1 1 0 0 0 1 0 0 0 0 0 - 1 0 1 1 0 1 - 1 1 1 - 1 0 0
 172.7     NODE_10436_PO_274       0 0 0 1 1 1 1 1 1 1 0 0 - 1 1 1 - 1 1 1 0 1 0 0 0 1 1 - 1 0 1 1 1 0 - 0 1 0 0 1 1 1 1 0 0 0 1 0 0 1 0 1 0 1 0 1 0 0 - - 1 0 0 0 0 1 1 - 1 1 1 0 1 0 0 0 1 1 0 1 1 0 1 1 - 1 0 1 0 0 1 1 1 0 - 0 1 1 0 0 0 0 - 1 0 1 1 0 1 - 1 1 1 - 1 0 0
 178.4     NODE_7748_PO_3450       0 0 0 1 1 1 1 1 1 1 0 0 - 1 1 1 1 1 1 1 0 1 0 0 0 1 1 0 1 0 1 1 1 0 - 0 1 0 0 1 1 1 1 0 1 0 1 0 0 1 0 1 0 1 0 1 0 0 - 0 1 0 0 0 0 1 0 1 1 1 1 0 1 0 0 0 1 1 0 1 1 0 1 1 1 0 0 1 0 0 0 1 1 0 0 1 1 1 0 0 0 1 0 1 0 1 1 0 1 - 1 1 1 - 1 0 0
