  0.0        NODE_1598_PO _30187      1 0 1 1 0 0 0 1 1 1 1 0 0 1 1 1 0 0 1 1 1 0 0 0 1 1 0 1 1 0 0 0 - 0 - 1 0 0 1 1 0 1 0 1 0 0 1 0 0 0 0 1 0 1 1 1 1 0 - 0 1 0 1 1 1 1 0 0 - 0 0 1 1 0 1 0 0 0 0 0 1 1 0 0 1 0 1 0 1 1 0 1 1 0 0 1 0 0 0 1 1 0 1 1 0 1 1 0 1 - 0 0 1 - 1 0 0
  5.0        NODE_5562_PO _6914       0 0 1 1 0 0 0 1 1 1 1 0 0 1 1 1 - 0 1 - 1 0 1 0 0 1 0 1 1 0 0 0 - 0 - 1 0 - - 1 0 1 0 1 0 0 1 0 0 0 0 1 0 1 - 1 1 0 - 0 1 0 1 1 1 1 0 0 - 0 0 1 1 0 1 0 1 0 0 0 0 1 0 0 - 0 1 0 1 1 0 1 1 0 - - 0 0 0 1 - 0 - 1 0 1 1 0 1 - - 0 1 - 1 0 0
  10.4       NODE_5718_PO _489        0 0 1 1 0 0 0 1 1 1 1 0 - 1 1 1 - 0 1 - 1 0 1 0 0 1 0 0 1 0 0 0 - - - 1 0 - 1 1 0 1 0 1 - 1 1 0 0 0 0 1 0 1 - 1 1 - - - 1 0 1 1 0 1 0 0 1 0 0 1 1 0 1 1 - 0 0 0 0 - 0 0 - 0 1 0 1 1 0 1 1 0 0 - 0 0 0 0 - 0 - 1 0 1 1 0 1 - - 0 1 - 1 0 0
  14.6       NODE_9210_PO _246        0 0 1 1 0 0 0 1 1 1 1 0 - 1 1 1 0 0 1 - 0 0 1 0 0 1 0 0 1 0 0 0 1 0 - 1 1 0 1 1 0 1 0 1 0 1 1 0 0 0 0 1 0 1 1 1 1 1 - - 1 0 1 1 0 1 0 0 1 1 0 1 1 0 1 1 1 1 0 0 0 1 0 0 - 0 1 0 1 1 0 1 1 0 0 1 0 0 0 0 0 0 - 1 0 1 1 0 1 - 0 0 1 - 1 0 0
  16.5       NODE_4273_PO _12115      0 0 1 1 0 0 0 1 1 1 1 0 0 1 1 1 - 0 1 - 0 0 1 0 0 1 0 0 1 0 0 0 - 0 - 1 1 0 1 1 0 1 0 1 0 1 1 0 0 0 1 1 0 1 1 1 1 1 - 0 1 0 1 1 0 1 0 0 1 1 0 1 1 0 1 1 1 1 0 0 0 1 1 0 1 0 1 0 1 1 0 1 1 0 0 1 0 0 0 0 0 0 - 1 0 1 1 0 1 - 0 0 1 - 1 0 0
  22.1       NODE_10756_PO _173       0 0 0 1 0 0 0 1 1 1 1 0 0 1 0 1 0 0 1 - 0 0 1 0 0 1 0 0 1 0 0 0 - 0 - 1 1 0 1 1 0 1 0 1 0 1 1 0 0 0 1 1 0 1 1 1 1 - - - 1 0 1 1 0 1 0 0 1 1 0 1 0 0 1 1 1 1 0 0 0 1 1 0 - 0 1 1 1 1 0 1 1 0 0 1 0 0 0 0 0 0 - 0 0 0 1 0 1 - 0 0 1 - 1 0 0
  34.5       NODE_6467_PO _7316       0 0 0 1 0 0 0 0 0 1 0 0 0 1 0 0 0 0 1 1 0 0 1 0 0 1 0 0 1 1 0 0 - 0 - 1 1 0 1 1 1 1 0 0 0 1 1 0 0 0 1 0 1 0 1 1 1 1 - - 1 0 1 0 0 1 0 0 1 1 0 1 0 0 1 1 1 1 0 0 0 1 1 1 0 0 1 1 1 1 0 1 1 0 0 0 0 0 0 0 0 0 - 0 0 0 1 0 1 - 0 0 1 - 1 0 0
  39.2       NODE_12074_PO _2638      0 0 0 1 0 0 0 0 0 1 0 0 - 1 0 0 - 0 0 1 0 0 1 0 0 1 0 0 1 1 0 0 - 0 - 1 1 0 1 1 1 1 0 0 0 1 1 0 0 0 1 0 1 0 1 1 1 1 - 1 1 0 1 0 0 1 0 0 1 1 0 1 0 0 1 0 1 1 0 0 0 1 1 1 - 0 1 1 1 1 1 1 1 1 0 0 0 0 0 0 0 0 0 0 0 0 1 0 1 - 0 1 1 - 1 0 0
  43.3       NODE_3221_PO _15932      0 0 0 1 1 0 0 0 0 1 0 0 - 1 0 0 - 0 0 - 0 0 1 0 0 1 0 0 1 1 0 - - 0 - 0 0 0 1 1 1 1 0 0 - 1 1 0 0 0 1 - 1 - 1 1 0 - - - 1 0 1 0 0 1 0 0 - 1 0 1 0 0 1 0 1 1 0 0 0 1 1 1 - 0 1 1 1 1 1 1 1 1 0 0 0 0 0 0 - 0 - 0 0 0 1 - 1 - 0 1 1 - 1 0 0
  52.6       NODE_6363_PO _743        0 0 0 1 1 0 0 0 0 1 0 0 - 1 0 0 - 0 0 - 0 0 1 0 0 1 0 0 0 1 1 0 - 0 - 0 0 0 1 1 1 1 0 0 0 1 1 0 0 1 1 0 1 0 1 1 0 - - - 1 1 1 0 0 1 0 0 1 1 0 1 0 0 1 0 1 1 0 0 0 0 1 1 - 0 1 1 1 1 1 0 0 1 0 0 0 0 0 0 0 1 - 0 1 0 1 1 1 - 0 1 1 - 1 0 0
  54.5       NODE_120_PO _80572       0 1 0 1 1 0 0 0 0 1 0 0 1 1 0 0 - 0 0 - 0 0 1 0 0 1 0 0 0 1 1 0 - 0 - 0 0 0 1 1 1 1 0 0 0 1 1 0 0 1 1 0 1 0 1 0 0 1 - 1 1 1 1 0 0 1 0 0 1 1 0 1 0 0 1 0 1 1 0 0 0 0 1 1 0 0 1 1 1 1 1 0 0 1 0 0 0 0 0 0 0 1 - 0 1 0 1 1 1 - 0 1 1 - 1 0 0
  61.1       NODE_3603_PO _10533      0 1 0 0 0 0 0 0 0 1 0 0 - 1 0 0 - 0 0 - 0 0 1 0 0 1 0 0 0 1 1 0 - 0 - 0 0 0 1 1 1 1 0 0 0 1 1 0 1 1 1 0 1 0 1 0 0 1 - - 1 1 1 0 0 1 0 0 1 1 0 0 0 0 1 0 1 1 0 0 0 0 1 1 0 0 1 1 1 1 1 0 0 1 0 0 0 0 0 1 1 1 - 0 1 0 1 - 1 - 0 1 1 - 0 0 0
  66.5       NODE_3566_PO _11551      0 1 0 0 0 0 1 1 0 1 0 0 - 1 0 0 - 0 0 - 0 1 0 0 0 1 0 - 0 1 1 - - - - 0 - 0 1 1 1 1 0 0 - 1 1 0 1 1 1 0 1 0 - 0 0 - - - 1 1 1 0 0 1 1 0 1 1 0 0 0 0 1 0 1 1 0 0 0 0 1 1 - 0 1 1 1 1 1 0 0 1 - 0 0 0 0 1 1 1 0 - 1 0 - - - - - 1 1 - 0 0 0
  68.6       NODE_3271_PO _13331      0 1 0 0 0 0 1 1 0 1 0 0 1 1 0 0 1 0 0 - 0 1 0 0 0 1 0 0 0 1 1 0 1 0 - 0 0 0 1 1 1 1 0 0 0 1 1 0 1 1 1 0 1 0 1 0 0 1 - 1 1 1 1 0 0 1 1 0 1 1 0 0 0 0 1 0 1 1 0 0 0 0 0 1 0 0 1 1 1 1 1 0 0 0 0 0 0 0 0 1 1 1 0 0 1 0 1 - 1 - 0 1 1 - 0 0 0
  74.4       NODE_1672_PO _25677      0 1 1 0 0 0 1 1 0 1 0 0 - 1 0 1 - 0 0 - 0 1 0 0 0 1 0 0 0 1 1 0 - 0 - 0 0 0 1 1 1 0 0 0 0 1 1 0 1 1 1 0 1 - 1 0 0 - - 1 0 1 1 0 1 0 1 0 1 1 0 0 0 0 1 0 1 1 0 0 0 0 0 1 - 0 1 1 1 1 1 0 0 0 0 0 0 0 0 1 1 1 - 0 1 0 1 0 1 - 0 1 1 - 0 0 0
  77.3       NODE_811_PO _1330        0 1 1 0 0 1 1 1 0 1 0 0 1 1 0 1 1 0 0 - 0 1 0 0 0 1 0 0 0 1 1 0 1 0 - 0 0 0 1 1 1 0 0 0 0 1 1 0 1 1 0 0 1 0 1 0 0 1 1 1 0 1 1 0 1 0 1 0 1 1 0 0 0 0 1 0 1 1 0 0 0 0 0 1 - 0 1 1 1 1 1 0 0 0 0 0 0 0 1 1 1 1 - 0 1 - 1 0 1 - 0 1 1 - 0 0 0
  84.8       NODE_3777_PO _5393       0 1 1 0 0 1 1 1 0 1 1 0 1 1 0 1 - 0 0 - 0 1 0 0 0 0 0 1 0 1 1 0 - 0 - 0 0 0 1 1 1 1 0 0 0 1 1 0 1 0 0 0 1 0 1 0 0 1 - 1 0 1 1 1 1 0 1 0 1 1 0 0 0 0 1 0 1 1 0 0 1 1 0 1 - 0 1 1 1 1 1 0 0 0 0 0 0 0 1 1 1 1 - 0 1 0 1 0 1 - 0 1 1 - 0 0 0
  92.0       NODE_579_PO _14257       0 - 1 0 0 1 1 1 0 1 1 0 - 1 0 1 1 0 0 - 0 1 0 0 0 0 0 1 0 0 1 0 - - - 1 - 0 1 1 1 1 0 0 - 1 1 0 1 0 0 - 1 0 - 1 0 - - - - 1 0 1 1 0 1 0 1 1 1 1 0 0 1 0 1 1 0 0 1 1 0 0 - 0 1 1 1 1 1 0 0 0 0 0 0 0 1 1 1 1 - 0 1 0 1 0 1 - 0 1 1 - 0 0 0
  94.1       NODE_169_PO _45866       0 1 1 0 0 1 1 1 0 1 1 0 1 1 0 1 - 0 0 - 0 1 0 0 0 0 0 1 0 0 1 0 - 0 - 1 0 - 1 1 1 1 0 0 - 1 1 1 1 0 0 0 1 0 1 1 0 - - 1 0 1 0 1 1 0 1 0 - 1 1 1 0 0 0 0 - 1 0 0 1 1 0 0 - 0 1 1 1 1 1 0 0 0 0 0 0 0 1 1 1 1 0 0 1 0 1 - 1 - 0 1 1 - 0 0 0
  95.1       NODE_169_PO _32361       0 1 1 0 0 1 1 1 0 1 1 0 1 1 0 1 1 0 0 0 0 1 0 0 0 0 0 1 0 0 1 0 - 0 - 1 0 0 1 1 1 1 1 0 0 1 1 1 1 0 0 0 1 0 1 1 0 1 1 1 0 1 0 1 1 0 1 0 1 1 1 1 0 0 0 0 1 1 0 0 1 1 0 0 0 0 1 1 1 1 1 0 0 0 - 0 0 0 1 1 1 1 0 0 1 0 1 0 1 - 0 1 1 - 0 0 0
  100.7      NODE_813_PO _34996       0 1 1 1 0 1 1 1 0 1 1 0 1 1 0 1 - 0 0 - 0 1 0 0 0 0 0 1 0 0 1 0 0 0 - 1 0 0 1 1 1 1 1 0 0 1 0 1 1 0 0 0 1 0 1 1 0 1 - 1 0 0 1 1 1 0 1 0 1 1 1 1 0 0 0 0 1 0 0 0 1 1 0 0 - 0 1 1 1 1 1 0 0 0 0 0 0 0 1 1 1 1 0 1 1 0 1 - 1 - 0 1 1 - 0 0 0
  103.5      NODE_2921_PO _22340      0 1 1 1 0 1 1 1 1 1 1 0 1 1 0 1 1 0 0 0 0 1 0 0 0 0 1 1 0 0 1 0 0 0 - 1 0 0 1 1 1 1 1 0 0 1 0 1 1 0 0 0 1 0 1 1 0 1 - 1 0 0 1 1 1 1 1 0 1 1 1 1 0 0 0 0 1 0 0 0 1 1 0 0 0 0 1 1 1 1 1 0 0 0 0 0 0 0 1 1 1 1 - 1 1 0 1 0 1 - 0 1 1 - 0 0 0
  104.4      NODE_1179_PO _2276       0 1 1 1 0 1 1 1 1 1 1 0 1 1 0 1 1 0 0 - 0 1 0 0 0 0 1 1 0 0 1 0 - 0 - 1 0 0 1 0 1 1 1 0 0 1 0 1 1 0 0 0 1 0 1 1 0 1 - 1 0 0 1 1 1 1 1 0 1 1 1 1 0 0 0 0 1 0 0 0 1 1 0 0 0 0 1 1 1 1 1 0 0 0 0 0 0 0 1 1 1 1 - 1 1 0 1 0 1 - 0 1 1 - 0 0 0
  106.3      NODE_1917_PO _24780      0 1 1 1 0 1 1 1 1 1 1 0 1 1 0 0 - 0 0 - 0 1 0 0 0 0 1 1 0 0 1 0 - 0 - 1 0 0 1 0 1 1 1 0 0 1 0 1 1 0 0 0 1 0 1 1 0 0 - 1 0 0 1 1 1 1 1 0 1 1 1 1 0 0 0 0 1 0 0 0 1 1 0 0 - 0 1 1 1 1 1 0 0 0 0 0 0 0 1 1 1 1 - 1 1 0 1 0 1 - 0 1 1 - 0 0 0
  110.0      NODE_84_PO _60083        0 1 1 1 0 1 1 1 1 1 1 0 1 1 0 0 0 0 0 0 1 1 0 0 0 0 1 1 0 0 1 0 - 0 - 1 0 0 1 0 1 1 1 0 - 1 0 1 1 0 0 0 1 0 1 1 0 0 1 1 0 0 1 1 1 1 1 0 1 1 1 1 0 1 0 0 1 0 0 0 1 1 0 0 - 0 1 1 1 0 1 0 0 0 0 0 0 0 1 1 1 1 - 1 0 0 1 0 1 - - 1 1 - 0 0 0
  111.0      NODE_84_PO _60108        0 1 1 1 0 1 1 1 1 1 1 0 0 1 0 0 0 0 0 0 1 1 0 0 0 0 1 1 0 0 1 0 - 0 - 1 0 0 1 0 1 1 1 0 - 1 0 1 1 0 0 0 1 0 1 1 0 0 1 1 0 0 1 1 1 1 1 0 1 1 1 1 0 1 0 0 1 0 0 0 1 1 0 0 0 0 1 1 1 0 1 0 0 0 0 0 0 0 1 1 1 1 - 1 0 0 1 0 1 - - 1 1 - 0 0 0
  114.7      NODE_1308_PO _13174      0 1 1 1 0 1 1 1 1 1 1 0 1 1 0 0 0 0 0 - 1 1 0 0 0 0 1 1 0 0 1 0 - 0 - 1 0 0 1 0 1 1 1 0 0 1 0 1 1 0 0 0 1 0 1 1 0 0 - 1 0 0 1 1 1 1 1 0 1 1 1 1 0 1 1 0 1 0 0 0 1 1 0 0 - 0 1 0 1 0 1 0 0 0 - 0 1 0 1 1 1 1 0 1 0 0 1 0 1 - 0 1 1 - 0 0 0
  118.5      NODE_694_PO _29105       1 1 1 1 0 1 1 1 1 1 1 0 1 1 0 0 - 0 0 - 1 1 0 0 0 0 1 1 0 0 1 0 - 0 - 1 0 0 1 0 1 1 1 0 0 1 0 1 1 0 0 0 1 0 1 1 0 0 - 1 0 0 1 1 1 1 1 1 1 1 1 1 0 1 1 0 1 0 0 0 1 1 0 0 - 0 1 0 1 0 1 0 0 0 0 1 1 0 1 1 1 1 - 1 0 0 1 - 1 - 0 1 1 - 0 1 0
  121.3      NODE_1220_PO _31516      1 1 1 1 0 1 1 1 1 1 1 0 - 1 0 0 0 0 0 - 1 1 0 0 0 0 1 1 0 0 1 0 - 0 - 1 0 0 1 0 1 1 1 0 0 1 0 1 1 0 0 0 1 0 1 1 1 0 - 0 0 0 1 1 1 1 1 1 1 1 1 1 0 1 1 0 1 0 0 0 1 1 0 0 - 0 1 0 1 0 1 0 0 0 0 1 1 0 1 1 1 1 0 1 0 0 1 - 1 - 1 1 1 - 0 1 0
  124.2      NODE_826_PO _1343        1 1 1 1 1 1 1 1 1 1 1 0 1 1 0 0 - 0 0 - 1 1 0 0 0 0 1 1 0 0 1 0 1 0 - 1 0 0 1 0 1 1 1 0 - 1 0 1 1 0 0 0 1 1 1 1 1 0 - 0 0 0 1 1 1 1 1 1 1 1 1 1 0 1 1 0 1 0 0 1 1 1 0 0 - 0 1 0 1 0 1 0 0 0 0 1 1 0 1 1 1 1 - 1 0 0 1 0 1 - 1 1 1 - 0 1 0
  126.1      NODE_4449_PO _12898      1 1 1 1 1 1 1 1 1 1 1 0 - 1 0 0 0 0 0 1 1 1 0 0 0 0 1 1 0 0 1 0 - 0 - 1 0 0 1 0 1 1 1 0 0 1 0 1 1 0 0 0 1 1 1 1 1 - 1 - 1 0 1 1 1 1 1 1 1 1 1 1 0 1 1 0 1 0 0 1 1 1 0 0 - 0 1 0 1 0 1 0 0 0 0 1 1 0 1 1 1 1 - 1 0 1 1 0 1 - 1 1 1 - 0 1 0
  134.8      NODE_875_PO _18717       1 1 1 1 1 0 1 1 1 1 1 1 1 1 0 0 0 0 0 - 1 1 0 0 1 0 1 1 0 0 0 0 - 0 - 1 0 0 1 1 1 0 1 0 0 1 0 1 1 0 0 1 1 1 1 1 1 0 - 0 1 0 1 1 1 1 1 1 1 1 1 1 0 1 1 0 1 0 0 1 1 1 0 0 - 0 1 0 1 0 1 0 0 0 0 1 1 0 0 1 0 1 1 1 0 1 1 - 1 - 1 1 1 - 0 1 0
  138.6      NODE_4924_PO _8501       1 1 1 1 1 0 1 1 1 1 0 1 - 1 0 0 0 0 0 - 1 1 0 0 1 0 1 1 0 0 0 0 - 0 - 1 0 0 1 1 1 0 1 0 0 1 0 1 1 0 0 1 0 1 1 1 1 - - - 1 0 1 1 1 1 1 1 1 0 1 1 0 1 1 0 1 0 0 1 1 1 0 0 0 0 1 0 1 0 1 0 1 0 0 1 1 0 0 1 0 1 - 1 0 1 1 0 1 - 1 1 1 - 0 1 0
  142.4      NODE_503_PO _20121       1 1 1 1 1 0 0 1 1 1 0 1 1 1 0 0 0 0 0 - 1 1 0 0 1 0 1 1 0 0 0 0 - 0 1 1 0 0 1 1 1 0 1 0 0 1 0 1 1 1 0 1 0 1 1 1 1 - 1 0 1 0 1 1 1 1 1 1 1 0 1 1 0 1 1 0 1 0 0 1 1 1 0 0 - 0 1 0 1 0 1 0 1 0 0 1 1 0 0 1 0 0 1 1 0 1 1 0 1 - 1 1 1 - 0 1 1
  143.3      NODE_502_PO _37923       1 1 1 1 1 0 0 1 1 1 0 1 1 1 0 0 0 0 0 - 1 1 0 0 1 0 1 1 0 0 0 0 - 0 - 1 0 0 1 1 1 0 1 0 0 1 0 1 1 1 0 1 0 1 1 1 1 - - 0 1 0 1 1 1 1 1 1 1 0 1 0 0 1 1 0 1 0 0 1 1 1 0 0 0 0 1 0 1 0 1 0 1 0 0 1 1 0 0 1 0 0 1 1 0 1 1 0 1 - 1 1 1 - 0 1 1
  151.7      NODE_7015_PO _7904       1 1 1 1 1 0 0 1 1 1 0 1 1 1 0 0 0 0 0 1 1 0 0 0 1 0 1 1 1 0 0 1 - 0 - 0 0 0 1 1 1 0 1 0 0 1 0 1 1 1 0 1 0 1 1 1 1 0 - 0 1 0 1 1 1 1 1 1 1 0 1 0 0 1 1 0 1 0 0 1 0 1 0 0 - 0 1 0 1 0 1 0 1 0 0 1 1 0 0 1 0 0 - 0 1 1 1 1 1 - 1 0 1 - 0 1 1
  163.7      NODE_1804_PO _17495      1 1 1 0 1 0 0 0 1 1 0 1 1 0 0 0 - 0 0 - 1 0 0 1 1 0 1 1 1 0 0 1 - 0 - 0 - - 1 1 0 0 1 0 - 0 0 1 1 1 0 1 0 1 - 0 1 - - 0 1 0 1 1 1 1 1 0 - 0 1 0 0 1 1 1 1 0 0 1 0 1 0 0 - 0 1 0 1 0 1 0 1 0 0 1 1 0 1 1 0 0 - 0 1 1 0 1 1 - 1 0 1 - 1 1 1
  164.7      NODE_937_PO _19145       1 1 1 0 1 0 0 0 1 1 0 1 1 0 0 0 - 0 0 - 1 0 0 1 1 0 1 1 1 0 0 1 - 0 - 0 0 0 1 1 0 0 1 1 - 0 0 1 1 1 0 1 0 1 1 0 1 0 - - 1 0 1 1 1 1 1 0 1 0 1 0 0 1 1 1 1 0 0 1 0 1 0 0 - 0 1 0 1 0 1 0 1 0 0 1 1 0 1 1 - 0 - 0 1 1 0 1 1 - 1 0 1 - 1 1 1
