  0.0        NODE_5576_PO _8666       0 0 1 1 0 1 1 0 0 1 0 1 - 1 0 0 - 1 0 - 1 1 1 0 1 0 1 0 0 1 0 0 - 0 - 1 - - 1 0 0 0 0 1 0 0 1 1 1 0 1 0 0 1 1 1 0 - - - - - 0 0 0 1 1 0 - 1 1 - 0 0 0 0 0 1 1 0 1 1 0 0 - 1 1 0 1 0 0 0 1 1 0 0 1 1 0 - 0 1 - 0 0 1 0 - 1 - - 0 0 - 1 1 1
  1.1        NODE_717_PO _26923       0 0 1 1 0 1 1 0 0 1 0 1 0 1 0 0 0 1 0 - 1 1 1 0 1 0 1 - 0 1 0 0 - 0 - 1 1 0 1 0 0 0 0 1 0 0 1 1 1 0 1 0 0 1 1 1 - 0 - - - 0 0 0 1 1 1 - 0 1 1 0 0 0 0 0 0 1 1 0 1 1 0 0 - 1 1 0 1 0 0 0 1 1 0 0 1 1 0 0 0 1 - 0 0 1 0 1 1 - 1 0 0 - 1 1 1
  3.2        NODE_3023_PO _7277       0 0 1 1 0 1 1 0 0 1 0 1 - 1 0 0 - 1 0 - 1 1 1 0 1 0 1 0 0 1 0 0 - 0 - 1 1 0 1 0 0 0 0 1 0 0 1 1 1 0 1 1 1 1 - 1 0 - - 1 - 0 0 0 1 1 1 0 - 1 1 0 0 0 0 0 0 1 1 0 1 1 0 0 - 1 1 0 1 0 0 0 1 1 - - 1 1 0 0 - 1 - 0 0 1 0 1 1 - - 0 0 - 1 1 1
  4.2        NODE_1992_PO _22726      0 0 1 1 0 1 1 0 0 1 0 1 0 1 0 0 - 1 0 - 1 1 1 0 1 0 1 0 0 1 0 - - 0 - 1 - 0 1 0 0 0 0 1 0 0 1 1 1 0 1 1 1 1 - 1 0 0 - - 1 0 0 0 1 1 1 0 0 1 1 0 0 0 0 0 0 1 1 0 0 1 0 0 - 1 1 0 1 0 0 0 1 1 0 0 1 1 0 0 0 1 - 0 0 - 0 - 1 - 1 0 - - 1 1 1
  7.2        NODE_409_PO _15167       0 0 1 1 0 1 1 0 0 1 0 1 - 1 0 1 0 1 0 1 1 1 1 0 1 0 1 0 0 1 0 0 1 0 - 1 1 0 1 0 0 0 0 1 0 0 1 1 1 0 1 1 1 1 1 1 0 0 - 1 1 0 0 0 1 1 0 0 0 0 1 0 0 0 0 0 0 1 1 0 0 1 0 0 - 1 1 0 1 0 0 0 1 1 0 0 1 1 0 0 0 1 1 0 0 1 0 1 1 - 1 0 0 - 1 1 1
  8.2        NODE_2142_PO _5395       0 0 1 1 0 1 1 0 0 1 1 1 0 1 0 1 0 1 0 - 1 1 1 0 1 0 1 0 0 1 0 0 - 0 - 1 1 0 1 0 0 0 0 1 0 0 1 1 1 0 1 1 1 1 1 1 0 0 - - 1 0 0 0 1 1 0 0 0 0 1 0 0 0 0 0 0 1 1 0 0 1 0 0 - 1 1 0 1 0 0 0 1 1 0 0 1 1 0 0 0 1 1 0 0 1 0 1 1 - 1 0 0 - 1 1 1
  10.1       NODE_2142_PO _10615      0 0 1 1 0 1 1 0 0 1 1 1 - 1 0 1 0 1 0 - 1 1 1 0 1 0 1 0 0 1 0 - - 0 - 1 1 0 1 0 0 0 0 1 0 0 1 1 1 0 1 1 1 1 1 1 0 0 0 1 1 0 0 1 1 1 0 0 0 0 1 0 0 0 0 0 0 0 1 0 0 1 0 0 - 1 1 0 1 0 0 0 1 1 0 0 1 1 0 0 - 1 - 0 0 1 0 1 1 - 1 0 0 - 1 1 1
  11.0       NODE_8265_PO _4074       0 0 1 1 0 1 1 0 0 1 1 1 - 1 0 1 0 1 0 - 1 1 1 0 1 0 1 0 0 1 0 0 - 0 - 1 1 0 1 0 0 0 0 1 0 0 1 1 1 0 1 1 1 1 1 1 0 0 - - 1 0 0 1 1 1 0 0 0 0 1 0 0 0 0 0 0 0 1 0 0 1 0 0 0 1 1 0 1 0 0 0 1 1 0 0 1 1 0 0 0 1 - 0 0 1 0 - 1 - 1 0 0 - 1 0 1
  13.9       NODE_4536_PO _1983       0 0 1 1 0 1 1 0 0 1 1 0 - 1 0 1 0 1 0 - 1 1 1 0 1 0 1 0 0 1 0 0 - 0 - 1 1 0 0 0 0 0 0 1 0 0 1 1 1 0 1 1 1 1 1 1 0 0 - 1 1 0 0 1 1 1 0 0 0 0 1 0 0 0 0 0 0 0 1 0 0 1 0 0 0 1 1 0 1 0 0 0 1 1 0 0 0 1 0 0 0 1 - 0 - 1 0 1 1 - - 0 0 - 1 0 1
  14.8       NODE_1780_PO _25537      0 0 1 1 0 1 1 0 0 1 1 0 0 1 0 1 - 1 0 - 1 1 1 0 1 0 0 0 0 1 0 0 - 0 - 1 1 0 0 0 0 0 0 1 0 0 1 1 1 0 1 1 1 1 1 1 0 0 - 1 1 0 0 1 1 1 0 0 0 0 1 0 0 0 0 0 0 0 1 0 0 1 0 0 0 1 1 0 1 0 0 0 1 1 0 0 0 1 0 0 0 1 - 0 1 1 0 1 1 - 1 0 0 - 1 0 1
  16.8       NODE_1937_PO _19684      0 0 1 1 0 1 1 0 0 1 1 0 - 1 0 1 - 1 0 - 1 1 1 0 1 0 0 0 1 1 0 0 - 0 - 1 1 - 0 0 0 0 0 1 0 0 1 1 1 0 1 1 1 1 - 1 0 - - 1 1 0 0 1 1 1 0 0 0 0 1 0 0 0 0 0 0 - 1 0 0 1 0 0 - 0 1 0 1 0 0 0 1 1 0 0 0 1 0 0 0 1 1 0 1 1 0 1 1 - 1 0 0 - 1 0 1
  17.7       NODE_8747_PO _2762       0 0 1 1 0 1 1 0 0 1 1 0 0 1 0 1 - 1 0 - 1 1 1 0 1 0 0 0 1 1 0 0 - 0 - 1 1 0 0 0 0 0 0 1 0 0 1 1 1 0 1 1 1 1 1 1 0 - - 1 1 0 0 1 1 1 0 0 0 0 1 0 0 1 0 0 0 0 1 0 0 1 0 0 0 0 1 0 1 0 0 0 1 1 0 0 0 1 0 0 0 1 - 0 1 1 0 1 1 - 1 0 0 - 1 0 1
  19.6       NODE_1465_PO _29693      0 0 1 1 1 1 1 0 0 1 1 0 - 1 0 1 0 1 0 - 1 1 1 0 1 0 0 - 1 1 0 0 - 0 1 1 1 0 0 0 0 0 0 1 0 0 1 1 1 0 1 1 1 1 1 1 0 - - 1 1 0 0 1 1 1 0 0 - 0 1 0 0 1 0 0 0 0 1 0 0 1 0 0 1 0 1 0 1 0 0 0 1 1 0 0 0 1 0 0 0 1 - 0 1 1 0 1 1 - 1 0 0 - 1 0 1
  27.9       NODE_4902_PO _11603      0 0 1 1 1 1 1 0 0 1 1 0 - 1 0 1 - 0 1 - 1 1 1 0 1 0 0 1 1 1 0 0 - - - 1 1 0 0 0 0 - 0 1 0 0 0 1 1 0 1 - 1 1 - 1 1 - - - - 0 0 1 1 1 0 1 - 0 1 0 0 1 0 0 0 0 1 0 0 1 0 0 - 0 1 0 1 0 0 0 0 1 0 0 0 1 0 0 0 1 - 0 1 1 0 - 1 - 1 1 1 - 1 0 1
  30.0       NODE_6830_PO _1383       0 0 1 1 1 1 1 0 0 1 1 0 1 1 0 1 - 0 1 - 1 1 0 0 1 0 0 1 1 1 0 0 - 0 - 1 1 0 0 0 0 0 0 1 0 0 0 1 1 0 1 1 1 1 1 1 1 0 - 1 0 0 0 1 1 1 0 1 0 0 1 0 0 1 0 0 0 0 1 0 0 1 0 1 1 0 1 0 1 0 0 0 0 1 - 0 0 1 0 0 0 1 - 0 1 1 0 - 1 - 1 1 1 - 1 0 1
  31.9       NODE_933_PO _9015        0 0 1 1 1 1 1 0 0 1 1 0 1 1 0 1 - 0 1 0 1 1 0 0 1 0 0 1 1 1 0 0 - 0 - 1 1 0 0 0 0 0 0 1 0 0 0 1 1 0 1 1 1 1 1 1 1 0 - 1 0 0 0 1 1 1 0 1 0 0 1 0 0 1 0 0 1 0 1 0 0 1 0 1 1 0 1 0 1 0 0 0 0 1 0 0 0 1 0 0 0 1 - 1 1 1 0 1 1 - 1 1 1 - 1 0 1
  36.6       NODE_8382_PO _4152       0 0 1 1 1 1 1 0 0 1 1 0 - 1 1 1 - 0 1 - 1 1 0 0 0 0 0 1 1 1 0 0 - 0 - 1 1 0 0 0 0 0 0 1 0 0 0 1 1 0 1 1 1 1 1 1 1 0 - 1 0 0 0 1 1 1 0 1 0 0 1 0 0 1 0 0 1 0 1 0 0 1 0 1 - 0 0 0 1 0 0 0 0 1 0 0 0 1 0 0 1 1 - 1 1 1 0 1 1 - 1 1 1 - 1 0 0
  37.5       NODE_5462_PO _11055      0 0 1 1 1 1 1 0 0 1 1 0 1 1 1 1 0 0 1 0 1 1 0 0 0 0 0 1 1 1 0 0 - 0 - 1 1 0 0 0 0 0 0 1 0 0 0 1 1 0 1 1 1 1 1 1 1 0 - - 0 0 0 1 1 1 0 1 0 0 1 0 0 1 0 0 1 0 1 0 0 1 0 1 - 0 0 0 1 0 0 0 0 1 0 0 0 0 0 0 1 1 - 1 1 1 0 1 1 - 1 1 1 - 1 0 0
  38.4       NODE_27_PO _126499       0 0 1 1 1 1 1 0 0 1 1 0 - 1 1 1 - 0 1 - 1 1 0 0 0 0 0 1 1 1 0 0 - 0 - 1 0 0 0 0 0 0 0 1 0 0 0 1 1 0 1 1 1 1 1 1 1 - - 1 0 0 0 1 1 1 0 1 0 0 1 0 0 1 0 0 1 0 1 0 0 1 0 1 - 0 0 0 1 0 0 0 0 1 0 0 0 0 0 0 1 1 - 1 1 1 0 1 1 - 1 1 1 - 1 0 0
  41.3       NODE_27_PO _81719        0 0 1 1 1 1 1 0 0 1 1 0 - 0 1 1 0 0 1 - 1 1 0 0 0 0 0 1 1 1 0 0 - 0 - 1 0 0 0 0 0 0 0 1 0 1 0 1 1 0 1 1 1 1 1 1 1 0 - 1 0 0 0 1 1 1 0 1 0 0 1 0 0 1 0 1 1 0 1 0 0 1 0 1 1 0 0 0 1 0 0 0 0 1 0 0 0 0 0 0 1 1 - 1 1 1 0 - 1 - 1 1 1 - 1 0 0
  43.2       NODE_27_PO _19898        0 0 1 1 1 1 1 0 0 1 1 0 1 0 1 1 0 0 1 0 1 1 0 0 0 0 0 1 1 1 0 0 - 0 1 1 0 0 0 0 0 0 0 1 0 1 0 1 1 0 1 1 1 1 - 1 1 0 0 1 0 0 0 1 1 1 0 1 0 0 1 0 0 1 0 1 1 0 1 0 0 1 0 1 - 0 0 0 1 0 0 0 0 1 0 1 0 0 0 0 1 1 - 1 1 1 1 1 1 - 1 1 1 - 1 0 0
  48.2       NODE_1048_PO _21982      0 0 1 1 1 1 1 0 0 1 1 0 - 0 1 1 - 0 0 - 1 1 0 0 0 0 1 1 1 1 0 0 - 0 - 1 - 0 0 0 0 0 0 1 0 1 0 1 1 0 1 - 1 1 - 1 1 - - - - 0 0 0 1 0 0 1 - 0 0 0 0 1 0 1 1 0 1 0 0 1 0 1 - 0 0 0 1 0 0 0 0 1 0 1 0 0 0 0 1 1 - 1 1 1 1 1 1 - - 1 1 - 1 0 0
  49.3       NODE_6968_PO _8442       0 0 1 1 1 1 1 0 1 1 1 0 - 0 1 1 - 0 0 - 1 1 0 0 0 0 1 - 1 1 0 0 - 0 - 1 0 - 0 0 0 0 0 1 - 1 0 1 1 0 1 - 1 1 - 1 1 - - - - 0 0 0 1 0 0 1 - 0 0 0 0 1 0 1 1 0 1 0 0 1 0 1 - 0 0 0 1 0 0 0 0 1 0 1 0 0 0 0 - 1 - 1 1 1 1 1 1 - 1 1 1 - 1 0 0
  54.6       NODE_227_PO _63840       0 0 0 1 1 1 1 0 1 1 1 0 1 0 1 1 - 0 0 - 1 1 0 0 0 0 1 1 1 1 0 - - 0 - 1 0 - 0 0 0 0 0 1 - 1 0 1 0 0 1 0 1 1 1 1 1 - - 1 1 0 0 0 1 0 0 1 0 0 0 0 0 1 0 1 1 0 1 0 0 1 1 1 - 0 0 0 1 0 0 0 0 1 0 1 1 0 0 0 - 1 - 1 1 1 1 - 1 - 0 1 - - 1 0 0
  57.7       NODE_3356_PO _17378      0 - 0 1 1 1 1 0 1 0 1 0 1 0 1 1 - 0 0 - 1 1 0 0 0 0 1 1 1 1 0 0 - 0 - 1 0 0 1 0 0 0 0 1 0 1 0 1 0 0 1 0 1 1 1 1 1 - - - 1 0 0 0 1 0 0 1 0 0 0 0 0 1 1 1 1 0 1 0 0 1 1 1 - 0 0 0 1 0 0 0 0 1 0 1 1 0 0 0 1 1 - 1 1 1 1 - 1 - 0 1 1 - 1 0 0
  60.6       NODE_3535_PO _12475      0 0 0 1 1 1 1 0 1 0 1 0 - 0 1 1 - 0 0 - 1 1 0 0 0 0 1 1 1 1 0 0 - 0 - 1 0 0 1 0 0 0 0 1 0 1 0 1 0 0 1 0 1 1 1 1 1 - - 1 1 0 1 0 0 0 0 1 0 0 0 0 0 1 1 1 1 0 1 0 0 1 1 1 - 0 0 0 1 0 0 0 1 1 0 1 1 0 0 0 1 1 - 1 1 1 1 1 1 - 0 1 1 - 1 0 0
  62.5       NODE_2074_PO _4587       0 0 0 1 1 1 1 0 1 0 1 0 - 0 1 1 0 0 0 0 1 1 0 0 0 0 1 1 1 1 0 0 - 0 - 1 0 0 1 0 0 0 1 1 0 1 0 1 0 0 1 0 1 1 1 1 1 - - 1 1 0 1 0 0 0 0 1 0 0 0 0 0 1 1 1 1 0 1 0 0 1 1 1 - 0 0 0 1 0 1 0 1 1 - 1 1 0 0 0 1 1 - 1 1 1 1 1 1 - 0 1 1 - 1 0 0
  66.7       NODE_4075_PO _12724      0 0 0 1 1 1 1 0 1 0 1 0 1 0 1 1 - 0 0 - 1 1 0 0 0 0 1 1 1 1 0 0 - - - 1 - - 1 0 0 0 1 1 - 1 0 1 0 0 1 0 1 - 1 1 1 - - - 1 0 1 1 0 0 0 1 - 0 0 0 0 1 1 1 1 0 - 0 0 1 1 0 - 0 0 0 1 0 1 0 1 1 - 1 1 0 0 1 - 1 - 1 1 1 1 - 0 - - 1 1 - 1 0 0
  71.0       NODE_3120_PO _9914       0 0 0 1 0 1 1 0 1 0 0 0 - 0 0 1 - 0 0 0 1 1 0 0 0 0 1 1 1 1 0 0 - 0 - 1 0 0 1 0 0 0 1 1 0 1 0 1 0 0 1 0 1 1 1 1 1 0 0 - 1 0 1 1 0 0 0 1 0 1 0 0 0 1 1 1 1 0 1 0 0 1 1 0 1 0 0 0 - 0 1 0 1 1 0 1 1 0 0 1 1 1 - 1 1 1 1 1 0 - 0 1 1 - 1 0 0
  74.9       NODE_307_PO _4174        0 0 0 1 0 1 1 0 1 0 0 0 - 0 0 1 - 0 0 0 0 1 0 0 0 0 1 1 1 1 0 0 - 0 - 1 0 0 1 0 0 0 1 1 0 1 0 0 0 0 1 0 1 1 1 1 1 0 - 1 - 0 1 1 0 0 0 1 0 1 0 0 0 0 1 1 1 0 1 0 0 1 1 0 - 0 0 0 1 0 1 0 1 1 0 1 1 0 0 1 1 1 - 1 1 1 1 1 0 - 0 1 0 - 1 0 0
  77.8       NODE_1213_PO _26577      0 1 0 1 0 1 1 0 1 0 0 0 - 0 0 1 - 0 0 - 0 1 0 0 0 0 1 1 1 1 0 0 - 0 - 1 0 - 1 0 0 0 1 1 0 1 0 0 0 0 1 0 1 1 1 1 1 0 - - 1 0 1 1 0 0 0 - 0 1 0 0 0 0 1 1 1 0 1 0 1 1 1 0 - 0 0 0 1 0 1 0 1 1 0 1 1 0 0 1 1 1 - 1 1 1 1 1 0 - 0 1 0 - 1 1 0
  87.7       NODE_12316_PO _880       0 1 0 1 0 1 0 1 1 1 0 0 - 0 0 1 - 0 0 - 0 1 1 0 0 0 1 0 1 1 0 0 - 0 - 1 0 0 1 0 0 0 1 1 0 1 0 0 0 0 1 0 1 1 1 1 1 0 - - 1 0 1 1 0 0 1 1 0 1 0 0 0 0 1 1 1 0 1 0 1 1 1 0 - 0 0 0 1 0 1 1 1 1 0 1 1 0 1 1 1 0 - 1 1 1 1 - 0 - - 1 1 - 1 1 0
  91.6       NODE_7375_PO _2568       0 1 0 1 0 1 0 1 1 1 0 0 - 0 0 1 - 0 0 - 0 1 1 0 0 0 1 0 1 1 0 - - 0 - 1 0 0 1 0 0 0 1 1 0 1 0 0 0 0 1 0 1 1 1 1 1 0 - - 1 1 1 1 0 0 1 1 - 1 0 0 0 0 1 1 1 1 1 1 1 1 1 0 - 0 0 0 1 0 1 1 1 1 0 1 1 1 1 1 1 0 - 1 1 1 1 1 0 - - 1 1 - 1 1 0
  98.9       NODE_700_PO _1681        0 1 0 1 0 1 0 1 1 1 0 0 - 0 0 1 1 1 0 - 0 1 1 0 0 0 1 - 1 1 0 0 - 0 - 1 0 - 1 0 0 0 1 1 - 1 0 0 0 0 1 0 1 1 1 1 1 1 0 0 - 1 1 1 0 0 1 1 0 1 0 0 0 0 1 1 1 1 1 1 1 1 1 0 1 0 1 0 0 0 1 1 1 1 0 1 1 1 1 1 - 0 - 1 0 0 1 - 0 - - 0 1 - 1 1 0
