  0.0        NODE_10187_PO _683      1 1 1 1 0 0 1 0 0 0 0 1 - 1 0 1 - 1 1 - 1 1 0 0 1 1 0 1 1 0 1 0 - 1 - 0 1 0 1 1 0 0 0 0 1 0 0 0 1 0 0 0 0 1 0 1 1 1 - - 0 0 0 1 0 0 1 1 1 0 0 1 0 0 0 0 0 1 0 0 1 0 1 0 - 0 0 1 1 1 1 1 0 0 0 0 0 0 1 0 1 0 - 1 0 0 1 0 0 - 1 1 1 - 1 1 0
  1.9        NODE_9884_PO _3580      1 1 1 1 0 0 1 0 0 0 0 1 1 1 0 1 - 1 1 1 1 1 0 0 1 1 0 1 1 0 1 0 - 1 0 0 1 0 1 0 0 0 0 0 1 0 0 0 1 0 0 0 0 1 0 1 1 - - 0 0 0 0 1 0 0 1 1 1 0 0 1 0 0 0 0 0 1 0 0 1 0 1 0 0 0 0 1 1 1 1 1 0 0 0 0 0 0 1 0 1 0 - 1 0 0 1 0 0 - - 1 1 - 1 0 0
  3.9        NODE_18795_PO _1030     1 1 1 1 0 0 1 0 0 0 0 1 - 1 0 1 - 1 1 1 1 1 0 0 1 1 0 1 0 0 1 0 - 1 - 0 1 0 1 0 0 0 0 0 1 0 0 0 1 0 0 - 0 1 0 1 1 - - - 0 0 0 1 0 0 1 1 1 0 0 1 0 0 0 0 0 1 0 0 1 0 1 0 - 0 0 1 1 1 1 1 1 0 0 0 0 0 1 0 - 0 - 1 0 0 1 0 0 - 1 1 1 - 1 0 0
  6.7        NODE_9657_PO _3640      1 1 1 1 0 0 1 0 0 0 0 1 - 1 0 1 0 1 1 1 1 1 0 0 1 1 1 1 0 0 1 0 1 1 - 0 1 0 1 0 0 0 0 0 1 0 0 0 1 0 0 0 0 1 0 1 1 1 - - 0 0 0 1 0 0 1 0 1 0 0 1 1 0 0 0 0 1 0 0 1 0 1 0 0 0 0 1 1 1 1 1 1 0 0 0 0 0 1 0 1 0 - 1 0 0 1 0 0 - 1 1 1 - 1 0 0
  8.7        NODE_3900_PO _5538      1 1 1 1 0 0 1 0 0 0 0 1 - 1 0 1 0 1 1 - 1 1 0 0 1 1 1 1 0 0 1 0 - 1 - 0 1 0 1 0 0 0 0 0 1 0 0 0 1 0 0 - 1 - 0 1 - 1 - - 0 0 0 1 0 0 1 0 1 0 0 1 1 0 0 0 0 1 0 0 1 0 1 0 - 0 0 1 1 1 1 1 1 0 0 0 0 0 1 0 - 1 - 1 0 0 1 - 0 - - 1 1 - 1 0 0
  12.7       NODE_2638_PO _2467      1 1 1 1 0 0 1 0 0 0 0 1 1 1 0 1 - 1 1 - 1 1 0 0 0 1 1 1 0 0 1 0 - 1 - 0 1 0 1 0 0 0 0 0 1 0 0 0 1 0 0 0 1 1 0 1 1 1 - 0 0 0 0 1 0 0 1 0 1 0 0 1 1 0 0 0 0 1 0 0 1 0 1 0 0 0 0 1 0 1 1 1 1 0 0 0 0 0 1 0 1 1 - 0 0 1 1 - 0 - 1 1 1 - 1 0 0
  26.0       NODE_3228_PO _10329     1 1 1 1 1 0 1 0 0 0 0 1 - 0 0 1 - 1 0 - 1 1 0 0 0 1 1 1 0 0 1 0 - 1 - 0 1 0 1 0 0 0 0 1 - 0 0 0 1 0 1 - 1 1 0 1 1 - - 0 0 1 0 1 0 1 1 - 1 0 0 1 1 0 0 0 0 1 0 0 1 0 0 1 - 1 0 1 0 0 1 1 1 0 0 0 0 0 1 0 1 - - 0 0 1 1 0 1 - - 1 0 - 1 0 0
  27.0       NODE_2460_PO _3708      1 1 1 1 1 0 1 0 0 1 0 1 - 0 0 1 0 1 0 - 1 1 0 0 0 1 1 1 0 0 1 0 - 1 - 0 1 0 1 0 0 0 0 1 1 0 0 0 1 0 1 0 1 1 0 1 1 - - 0 0 1 0 1 0 1 1 0 1 0 0 1 1 0 0 0 0 1 0 0 1 0 0 1 1 1 0 1 0 0 1 1 1 0 0 0 0 0 1 0 1 1 - 0 0 1 1 0 1 - 0 1 0 - 1 0 0
  29.9       NODE_1261_PO _19294     1 1 0 1 1 0 1 0 0 1 0 1 1 0 0 1 - 1 0 - 1 1 0 0 0 1 1 1 0 0 1 0 - 1 - 0 1 0 1 0 0 0 0 1 1 0 0 0 1 0 1 0 1 - 0 1 1 1 - - 0 1 0 1 0 1 1 0 1 0 0 1 1 0 1 0 0 1 0 0 1 0 0 1 - 1 0 1 0 0 1 1 1 0 0 0 0 0 1 1 1 1 - 0 0 1 1 0 1 - 0 1 0 - 1 0 0
  32.7       NODE_5071_PO _1349      0 1 0 0 1 0 1 0 0 1 0 1 1 0 0 1 - 1 0 - 1 1 0 0 0 1 1 1 0 0 1 0 - 1 - 0 1 0 1 0 0 0 0 1 1 0 0 0 1 0 1 0 1 1 0 1 1 1 - - 0 1 0 1 0 1 1 0 1 0 0 1 1 0 1 0 0 1 0 0 1 0 0 1 - 1 0 1 0 0 0 1 1 0 0 0 0 0 1 1 1 1 1 0 0 1 1 0 1 - 0 1 0 - 1 0 0
  38.5       NODE_4855_PO _4504      0 1 0 0 1 0 0 0 0 1 0 1 1 0 1 1 - 1 0 - 1 1 0 0 0 1 1 1 0 0 1 0 - 1 - 0 1 0 1 0 0 0 0 1 - 0 0 0 1 0 1 0 1 1 0 1 1 1 - 0 0 1 0 0 0 1 1 0 1 0 0 1 1 0 1 0 0 0 0 0 1 0 0 1 - 1 1 1 0 0 0 1 1 0 0 1 0 0 1 1 1 1 - 0 0 1 1 - 1 - 0 1 0 - 1 0 0
  43.3       NODE_1576_PO _32769     0 1 0 0 1 0 0 0 0 1 0 1 - 0 1 1 - 1 0 - 1 1 0 0 0 1 1 1 0 0 1 0 - 1 - 0 1 0 1 0 0 - 0 1 1 0 0 0 1 1 1 0 1 1 0 1 1 - - 0 0 1 0 0 0 1 1 0 1 0 0 1 1 0 1 0 1 0 0 0 1 0 0 1 - 1 1 1 0 0 0 1 1 0 0 1 0 0 1 0 1 1 1 0 1 1 1 - 1 - 0 1 0 - 1 1 0
  44.3       NODE_2836_PO _22612     0 1 0 0 1 0 0 0 0 1 0 1 1 0 1 1 - 1 0 - 1 1 0 0 0 1 1 1 0 0 1 0 - 1 - 0 1 0 1 0 0 0 0 1 - 0 0 0 1 1 1 0 1 1 0 1 1 1 - 0 0 1 0 0 0 1 1 0 - 0 0 1 1 0 1 0 1 0 0 0 1 0 0 1 - 1 1 1 0 0 0 1 1 0 0 1 0 0 1 0 1 1 1 0 1 1 0 0 1 - 0 1 0 - 1 1 0
  49.2       NODE_363_PO _51949      0 1 0 0 1 0 0 1 0 1 0 1 1 0 1 1 - 1 0 0 0 1 0 0 0 1 1 1 0 0 1 0 - 1 - 0 1 0 1 0 0 0 0 1 1 0 0 0 1 1 1 0 1 1 0 1 1 1 - 0 0 1 0 1 - 1 1 0 1 1 0 1 1 0 1 0 1 0 0 0 1 - 0 1 - 1 1 1 0 0 0 1 1 1 0 1 0 0 1 0 1 1 - 0 1 1 0 - 1 - - 1 0 - 1 1 0
  54.2       NODE_767_PO _13695      0 1 0 0 1 0 0 1 0 1 0 1 - 0 1 1 0 1 0 - 0 1 1 1 0 1 1 1 0 0 1 0 - 1 - 0 1 0 1 0 0 0 0 1 0 0 0 0 1 1 1 0 1 1 1 1 1 1 - - 1 1 0 1 0 1 1 0 1 1 0 1 1 0 1 0 1 0 0 0 1 0 0 1 - 1 1 1 0 0 0 1 1 1 0 1 0 0 1 0 - 1 - 0 1 1 0 - 1 - 0 1 0 - 1 1 0
  57.2       NODE_1701_PO _5594      0 1 0 0 1 0 0 1 0 1 0 1 - 0 1 1 - 1 0 - 0 1 1 1 0 1 1 0 0 0 1 0 - 1 - 0 1 0 1 0 0 0 0 1 0 0 0 0 1 1 1 0 1 1 1 1 1 - - - 1 1 0 1 0 1 1 1 - 1 0 1 1 0 1 0 1 0 0 1 1 0 0 1 1 1 1 1 0 0 0 1 1 1 0 - 0 0 1 0 1 1 - 0 1 1 0 0 1 - 0 1 0 - 1 1 0
  61.1       NODE_10418_PO _2253     0 1 0 0 1 0 0 1 0 1 0 1 1 0 1 1 - 1 0 - 0 1 1 1 0 1 1 0 0 0 1 0 - 0 - 0 1 0 1 0 0 0 0 1 0 0 0 0 1 1 1 1 1 1 1 1 1 1 - 0 1 1 0 1 0 1 0 1 1 1 0 1 1 0 1 0 1 0 0 1 1 0 0 1 - 1 1 1 0 0 0 1 1 1 0 1 0 0 1 0 1 1 - 1 1 1 0 0 1 - 0 1 0 - 1 1 0
  63.0       NODE_1684_PO _30072     0 1 0 0 1 0 0 1 0 1 0 1 1 0 1 1 - 1 0 - 0 1 1 1 0 1 1 0 0 0 1 0 - 0 - 0 1 0 1 0 0 0 0 1 - 1 0 0 0 1 1 1 1 1 - 1 1 1 - - 1 1 0 1 0 1 0 1 - 1 0 1 1 0 1 0 1 0 0 1 1 0 0 1 1 1 1 1 0 0 0 1 1 1 0 1 0 0 1 0 1 1 - 1 1 1 0 - 1 - 0 1 0 - 1 1 0
  66.0       NODE_308_PO _17238      0 1 0 0 1 0 0 1 0 1 0 1 1 0 1 1 0 1 0 - 0 1 1 1 0 1 1 0 0 0 1 0 - 0 - 0 1 0 1 0 0 0 0 1 0 1 0 0 0 1 1 1 1 1 1 1 1 - - - - 1 0 1 0 1 0 1 1 1 0 1 0 0 1 0 1 0 1 1 1 0 0 1 - 1 1 1 0 0 0 1 0 1 0 1 0 0 1 0 1 1 - 1 1 1 0 0 1 - 0 1 0 - 1 1 0
  72.7       NODE_9619_PO _1734      0 1 0 0 1 0 0 1 0 1 0 1 1 0 1 1 0 1 0 - 0 1 0 1 0 1 1 0 0 0 1 0 - 0 - 0 1 0 1 0 0 0 0 1 0 1 0 0 0 1 1 1 1 1 1 1 1 - - - 1 1 0 1 0 1 0 1 1 1 0 0 0 0 1 0 1 0 1 1 0 0 0 1 0 0 1 1 0 0 0 1 0 1 0 - 1 0 1 0 0 1 - - 1 1 0 0 1 - 0 1 0 - 1 0 0
  73.7       NODE_32_PO _40999       0 1 0 0 1 0 0 1 0 1 0 1 - 0 1 1 - 1 0 - 0 1 0 1 0 1 1 0 0 0 1 0 - 0 - 0 1 0 1 0 0 0 0 1 0 1 0 0 0 1 1 1 1 1 1 1 0 1 0 1 1 1 0 1 0 1 0 1 1 1 0 0 0 0 1 0 1 0 1 1 0 0 0 1 0 0 1 1 0 0 0 1 0 1 0 1 1 0 1 0 0 1 - 1 1 1 0 0 1 - - 1 0 - 1 0 0
  78.7       NODE_2824_PO _803       0 1 0 0 1 0 0 1 0 1 0 1 - 0 1 1 0 1 0 - 0 1 0 1 0 1 1 0 0 0 1 - - 0 - 0 1 0 1 0 0 0 0 1 - 1 0 0 0 1 0 1 1 1 - 1 0 - - - 1 1 0 1 0 0 0 1 - 1 0 0 0 0 0 0 1 0 1 1 0 0 0 1 0 0 1 1 0 0 1 1 0 1 0 1 1 0 1 0 0 1 - 1 1 1 0 0 - - - 1 0 - 0 0 0
  83.7       NODE_2106_PO _7853      0 1 0 0 1 1 0 1 0 1 0 1 1 0 1 1 0 1 1 - 0 1 0 1 0 1 1 0 1 0 1 0 - 0 - 0 1 0 1 1 0 0 0 1 0 1 0 0 0 1 0 1 1 1 1 1 0 - - 1 1 1 0 1 0 0 0 1 1 1 0 0 0 0 0 0 1 0 1 1 0 0 0 1 - 0 1 1 1 0 1 1 0 1 0 1 1 0 1 0 0 1 - 1 1 1 0 0 0 - 0 1 0 - 0 0 0
  86.6       NODE_12800_PO _1081     0 1 0 0 1 1 0 1 0 1 0 1 1 0 1 1 0 1 1 - 0 0 0 1 0 1 1 0 1 0 1 0 - 0 - 0 1 0 0 1 0 0 0 1 - 1 0 0 0 1 0 1 1 1 1 1 0 0 - 1 1 0 0 1 0 0 0 1 1 1 0 0 0 0 0 0 1 0 1 1 0 0 0 1 - 0 1 1 1 0 1 1 0 1 0 1 1 0 1 0 0 1 - 1 1 1 0 0 0 - - 1 0 - 0 0 0
  92.3       NODE_216_PO _6260       1 1 0 0 1 1 1 1 0 1 0 1 1 0 1 1 - 1 1 - 0 0 0 1 0 1 0 0 1 0 1 0 - 0 - 0 1 0 0 1 0 0 0 1 0 1 1 0 0 1 0 1 1 1 1 1 0 0 - - 1 0 0 1 0 0 0 1 1 1 1 0 0 0 0 0 1 0 1 1 0 0 0 1 - 0 1 1 1 0 1 0 0 1 0 1 1 0 1 0 0 1 - 1 1 1 0 0 0 - - 1 0 - 0 0 0
  94.2       NODE_216_PO _53645      1 1 0 0 1 1 1 1 0 1 0 1 1 0 1 1 0 1 1 0 0 0 0 1 0 1 0 0 1 1 1 0 - 0 - 0 1 0 0 1 0 0 0 1 0 1 1 0 0 1 0 1 1 1 1 1 0 0 - - 1 0 0 1 0 0 0 1 1 1 1 0 0 0 0 0 0 0 1 1 0 0 0 1 - 0 1 1 1 0 1 0 0 1 0 1 1 0 1 0 0 1 - 1 1 1 0 0 0 - 0 1 0 - 0 0 0
  99.9       NODE_831_PO _9837       1 0 0 0 1 1 1 1 1 1 0 1 1 0 1 1 - 1 1 - 0 0 0 1 0 1 0 0 1 1 1 0 - - - 0 1 0 0 1 0 0 0 1 0 1 1 0 0 1 0 1 1 1 1 1 0 - - 1 1 0 1 0 0 0 0 0 1 1 1 0 0 0 0 0 0 0 1 1 0 0 0 1 0 0 1 0 1 0 1 0 0 1 0 1 1 0 1 0 0 1 0 1 1 1 0 0 0 - 0 1 0 - 0 0 0
  101.8      NODE_2661_PO _2437      1 0 0 0 1 1 1 1 1 1 0 1 1 0 1 1 - 1 1 - 0 0 0 1 0 1 0 0 1 1 1 0 - 0 - 0 1 0 0 1 0 1 0 0 0 1 1 0 0 1 0 1 1 1 1 1 0 - - - 1 0 1 0 0 0 0 0 - 1 1 0 0 0 0 0 0 0 1 1 0 0 0 1 0 0 1 0 1 0 1 0 0 1 0 1 1 0 1 0 0 1 - 1 1 1 0 0 0 - 0 1 0 - 0 0 0
  103.9      NODE_2232_PO _10950     1 0 0 1 1 1 1 1 1 1 0 1 - 0 1 1 - 1 1 - 0 0 0 1 0 1 0 0 1 1 - 0 - 0 - 0 1 - 0 1 0 1 0 0 0 1 1 0 0 1 0 1 1 0 - 1 0 0 - - - 0 1 0 0 0 0 0 - 1 1 0 0 0 0 0 0 0 1 1 0 0 0 1 - 0 1 0 1 0 1 0 0 1 0 1 1 0 - 0 0 1 - - 1 1 0 - 0 - - 1 0 - 0 0 0
