  0.0        NODE_2045_PO _26535      1 0 0 0 1 1 1 0 1 0 0 0 1 0 1 0 - 0 0 - 1 0 1 1 1 1 1 1 1 0 1 1 - 1 - 0 0 1 0 1 0 1 1 0 1 1 0 1 1 0 1 1 1 0 1 0 0 0 - - 0 0 0 1 0 0 1 1 1 1 1 1 1 0 0 0 0 0 0 0 1 1 0 1 - 1 1 0 1 1 0 0 0 0 - 0 0 1 0 1 1 1 - 0 0 1 1 1 0 - - 1 0 - 1 0 1
  1.9        NODE_5664_PO _5698       1 0 0 0 1 1 1 0 1 0 0 0 - 0 1 0 - 0 0 - 1 0 1 1 1 0 1 1 1 0 1 1 - 1 - 0 0 1 0 1 0 1 1 0 1 1 0 1 1 1 1 1 1 0 1 0 0 0 - 1 0 0 0 1 0 0 1 1 1 1 1 1 1 0 0 0 0 0 0 0 1 1 0 1 1 1 1 0 1 1 0 0 0 0 1 0 0 1 0 1 1 1 - 0 0 1 1 1 0 - 0 1 0 - 1 0 1
  2.8        NODE_4601_PO _8496       1 0 0 0 1 1 1 0 1 0 0 0 - 0 1 0 - 0 0 - 1 0 1 1 1 0 1 1 1 0 1 1 0 1 0 0 0 1 0 1 0 1 1 0 1 1 0 1 1 1 1 1 1 0 1 0 0 0 - 1 0 0 0 1 0 1 1 1 1 1 1 1 1 0 0 0 0 0 0 0 1 1 0 1 1 1 1 0 1 1 0 0 0 0 1 0 0 1 0 1 1 1 0 0 0 1 1 1 0 - 0 1 0 - 1 0 1
  3.8        NODE_10877_PO _3704      1 0 0 0 1 1 1 0 1 0 0 0 0 0 1 0 0 0 0 - 1 0 1 1 1 0 1 1 1 0 1 1 - 1 - 0 0 1 0 1 0 1 1 0 1 1 0 1 1 1 1 1 1 0 1 0 0 0 - - 0 0 0 1 0 1 1 1 1 1 1 1 1 0 0 0 0 0 0 0 1 1 0 1 - 1 0 0 1 1 0 0 0 0 1 0 0 1 0 1 1 1 0 0 0 1 1 1 0 - - 1 0 - 1 0 1
  7.5        NODE_3897_PO _13789      1 0 0 0 1 1 1 0 1 0 0 1 0 0 1 0 0 0 0 0 1 0 1 1 1 0 1 1 1 0 1 1 - 1 - 0 0 1 0 1 0 1 1 0 1 1 0 1 1 1 1 1 1 0 1 0 0 0 - 0 0 0 0 1 0 1 1 1 1 1 1 1 1 0 0 0 0 0 0 0 1 1 0 1 1 0 0 0 1 1 0 0 0 0 1 0 0 0 0 1 1 1 0 0 0 1 1 1 0 - 0 1 0 - 1 1 1
  8.4        NODE_2544_PO _20491      1 0 0 0 1 1 1 0 1 0 0 1 - 0 1 0 0 0 0 - 1 0 1 1 1 0 1 1 1 0 1 1 - 1 - 1 0 1 0 1 0 1 1 0 1 1 0 1 1 1 1 1 1 0 1 0 0 0 - 0 0 0 0 1 0 1 1 1 1 1 1 1 1 0 0 0 0 0 0 0 1 1 0 1 - 0 0 0 1 1 0 0 0 0 1 0 0 0 0 1 1 1 - 0 0 1 1 1 0 - 0 1 0 - 1 1 1
  12.2       NODE_1886_PO _25327      1 1 0 0 1 1 1 0 1 0 0 1 - 0 1 0 0 0 0 - 1 0 1 1 1 0 1 1 1 0 1 1 - 1 - 1 0 1 0 1 0 1 1 0 1 1 0 1 1 1 0 1 1 0 1 0 0 - - - 0 1 0 1 0 1 1 1 1 1 1 1 1 0 0 0 0 0 0 0 1 1 0 1 - 0 0 0 1 1 0 0 0 0 0 0 0 0 0 1 1 1 - 0 0 - 1 1 0 - 0 1 0 - 1 1 1
  15.1       NODE_788_PO _39028       1 1 0 0 1 1 1 0 1 0 0 1 - 0 1 0 - 0 0 - 1 0 1 1 1 0 1 1 1 0 1 1 0 1 - 1 0 1 0 1 0 1 1 0 1 1 0 1 1 1 0 1 1 0 1 1 0 0 - - 0 1 0 1 0 1 1 1 1 1 1 1 1 0 0 0 0 0 0 0 1 1 1 1 1 0 0 0 1 1 0 0 0 0 0 0 0 0 0 0 1 1 0 0 0 1 1 1 0 - 0 1 0 - 1 1 1
  18.8       NODE_1640_PO _12030      1 1 0 0 1 1 1 0 1 0 0 1 0 0 1 0 - 0 0 - 0 1 1 1 1 0 1 1 1 0 1 1 - 1 - 1 0 1 0 1 0 1 1 0 0 1 0 1 1 1 0 1 1 0 1 1 0 0 - - 0 1 0 1 0 1 1 1 1 1 1 1 0 0 0 0 0 0 0 0 1 1 1 1 1 0 0 0 1 1 0 0 0 0 0 0 0 0 0 0 1 1 - 0 0 1 1 1 0 - 0 1 0 - 1 1 1
  20.8       NODE_3212_PO _20615      1 1 0 0 1 1 1 0 1 0 0 1 0 0 0 0 0 1 0 - 0 1 1 1 1 0 1 1 1 0 1 1 - 1 - 1 0 1 0 1 0 1 1 0 0 1 0 1 1 1 0 1 1 0 - 1 0 - - 0 0 1 0 1 0 1 1 1 - 1 1 1 0 0 0 0 0 0 0 0 1 1 1 1 - 0 0 0 1 1 0 0 0 0 0 0 0 0 0 0 1 1 - 0 0 1 1 1 0 - 0 1 0 - 1 1 1
  23.7       NODE_1468_PO _20180      1 1 0 0 1 1 1 0 1 0 0 1 - 0 0 0 - 1 0 - 0 1 1 1 0 0 1 1 1 0 1 1 - 1 - 1 0 1 0 1 0 1 1 0 0 1 0 1 1 1 0 1 1 0 1 1 0 0 - - 0 1 0 1 0 1 1 1 1 1 1 1 0 0 0 0 0 0 0 0 1 0 1 1 1 0 0 0 1 1 0 0 0 0 0 0 1 0 0 0 1 1 - 0 0 1 1 1 0 - 0 1 0 - 1 1 1
  25.6       NODE_5026_PO _867        1 1 0 0 1 1 1 0 1 0 0 1 - 0 0 0 - 1 0 0 0 1 1 1 0 0 1 1 1 0 0 - - 1 - 1 0 1 0 1 0 1 1 0 0 1 0 1 1 1 0 1 1 0 - 1 0 - - 0 0 1 0 1 0 1 1 1 0 1 1 1 0 0 0 0 0 0 0 0 1 0 1 1 - 0 0 0 1 1 0 0 0 0 0 0 1 0 0 0 1 1 - 0 0 1 1 1 0 - - 1 0 - 1 1 1
  27.6       NODE_741_PO _23428       1 1 0 0 1 1 1 0 1 0 0 1 0 0 0 0 0 1 0 0 0 1 1 1 0 0 1 1 1 0 0 1 - 1 - 1 0 1 0 1 0 1 1 0 - 1 0 1 1 1 0 1 1 0 1 1 0 0 - - 0 1 0 0 1 1 1 1 0 1 1 1 0 0 0 0 0 0 0 0 1 0 1 1 1 0 0 0 1 1 0 0 0 0 0 0 1 0 0 0 1 1 - 0 0 1 1 1 0 - 0 1 0 - 1 1 1
  31.4       NODE_1676_PO _7222       1 1 0 0 1 1 1 0 1 0 0 1 - 0 0 1 0 1 0 - 0 1 1 0 0 0 1 1 1 0 0 1 - 1 - 1 0 1 0 1 1 1 1 0 0 1 0 1 1 1 0 1 1 0 1 1 0 0 - 0 0 1 0 0 1 1 1 0 0 1 1 1 0 0 0 0 0 0 0 0 1 0 1 1 - 0 0 0 1 1 0 0 0 0 0 0 1 0 0 0 1 1 - 0 0 1 1 1 0 - 0 1 0 - 1 1 1
  33.3       NODE_2956_PO _14579      1 1 0 0 1 1 0 0 1 0 0 1 0 0 0 1 - 1 0 - 0 1 1 0 0 0 1 1 1 0 0 1 - - - 1 0 1 0 1 1 1 1 0 0 1 0 1 1 1 0 1 1 0 1 1 0 - - 0 0 1 0 0 1 1 1 0 0 1 1 1 0 0 0 0 0 0 0 0 1 0 1 1 - 0 0 0 1 1 0 0 1 0 0 0 1 0 0 0 1 1 - 0 0 1 1 1 0 - 0 1 0 - 1 1 1
  34.3       NODE_1450_PO _8227       1 1 0 0 1 1 0 0 1 0 0 1 - 0 0 1 0 1 0 - 0 1 0 0 0 0 1 1 1 0 0 1 0 1 - 1 0 - 0 1 1 1 1 0 - 1 0 1 1 1 0 1 1 0 1 1 0 - - 0 - 1 0 0 1 1 1 0 0 1 1 1 0 0 0 0 0 0 0 0 1 0 1 1 1 0 0 0 1 1 0 0 1 0 0 0 1 0 0 0 1 1 - 0 0 1 1 1 0 - - 1 0 - 1 1 1
  36.3       NODE_3255_PO _16508      1 1 0 0 1 1 0 0 1 0 0 1 0 0 0 1 - 1 0 - 0 1 0 0 0 0 1 1 1 0 0 - - 1 - 1 - 1 0 1 1 1 1 0 - 1 0 1 1 1 0 1 1 0 - 1 0 0 - - 0 0 0 0 1 1 1 0 - 1 1 1 0 0 0 0 0 0 0 0 0 0 1 1 - 0 0 0 1 1 0 0 1 0 0 0 1 0 0 0 1 1 - 0 0 1 1 - 0 - 0 1 0 - 1 1 1
  37.3       NODE_4829_PO _3367       1 1 0 0 1 1 0 0 1 0 0 1 0 0 0 1 - 1 0 - 0 1 0 0 0 0 1 1 1 0 0 1 - 1 - 1 0 1 0 1 1 1 1 0 0 1 0 1 1 1 0 1 1 0 1 1 0 - - - 0 0 0 0 1 1 1 0 0 1 1 1 0 0 0 0 0 0 0 0 0 0 1 1 1 0 0 0 1 1 1 0 1 0 0 0 1 0 0 0 1 1 - 0 0 1 1 1 0 - 0 1 0 - 1 1 1
  38.3       NODE_411_PO _15692       1 1 0 0 1 1 0 0 1 0 0 1 0 0 0 1 - 1 0 - 0 1 0 0 0 0 1 1 1 0 0 1 - 1 - 1 0 1 0 1 1 1 1 0 0 1 0 1 1 1 0 1 1 0 1 1 0 0 - 0 0 0 0 0 1 1 1 0 0 1 1 0 0 0 0 0 0 0 0 0 0 0 1 1 - 0 0 0 1 1 1 0 1 0 0 0 1 0 0 0 1 1 - 0 0 1 1 1 0 - 0 1 0 - 1 1 1
  42.1       NODE_8621_PO _6259       1 1 0 0 1 1 0 0 1 0 0 1 0 0 0 1 - 1 0 - 0 1 0 0 0 0 0 1 1 0 0 0 - 1 - 1 0 1 0 1 1 1 1 1 0 1 0 1 1 1 0 1 1 0 1 1 0 - - 0 0 0 1 0 1 1 1 0 0 1 1 0 0 0 0 0 0 0 0 0 0 0 1 1 1 0 0 0 1 1 1 0 1 0 0 0 1 0 0 0 1 1 - 0 0 1 1 - 0 - 0 1 0 - 1 1 1
  43.0       NODE_6768_PO _2467       1 1 0 0 1 1 0 0 1 0 0 1 0 0 0 1 0 1 0 - 0 1 0 0 0 0 0 1 1 1 0 0 - 1 - 1 0 1 0 1 1 1 1 1 0 1 0 1 1 1 0 1 1 0 1 1 0 0 - 0 0 0 1 0 1 1 1 0 0 1 1 0 0 0 0 0 0 0 0 0 0 0 1 1 - 0 0 0 1 1 1 0 1 0 0 0 1 0 0 0 1 1 - 0 0 1 1 1 0 - 0 1 0 - 1 1 1
  44.0       NODE_7471_PO _6333       1 1 0 0 1 1 0 0 1 0 0 1 - 0 0 1 - 1 0 - 0 1 0 0 0 1 0 1 1 1 0 0 - 1 - 1 0 1 - 1 1 1 1 1 0 1 0 1 1 1 0 1 1 0 1 1 0 0 - 0 0 0 1 0 1 1 1 0 - 1 1 0 0 0 0 0 0 0 0 0 0 0 1 1 - 0 0 0 1 1 1 0 1 0 0 0 1 0 0 0 - 1 - 0 0 1 1 - 0 - 0 1 0 - 1 1 1
  47.1       NODE_1489_PO _25722      0 1 1 0 1 1 0 0 1 0 0 1 - 0 0 1 - 1 0 - 0 1 0 0 0 1 0 1 1 1 0 - - 1 - 1 0 - 0 1 1 - 1 1 0 1 0 1 1 1 0 1 1 0 1 1 0 - - 0 - 0 1 0 1 1 1 0 - 1 1 0 0 0 0 0 0 0 1 0 0 0 1 1 1 0 0 0 1 1 1 0 1 0 0 0 - 0 0 0 1 1 - 0 0 - 1 1 0 - 0 1 0 - 1 1 1
  50.1       NODE_5460_PO _2651       0 1 1 0 0 0 0 0 1 0 0 1 0 0 0 1 0 1 0 1 0 1 0 0 0 1 0 1 0 1 0 0 0 1 - 1 0 1 0 1 1 1 1 1 0 1 0 1 1 1 0 1 1 0 1 1 0 0 - 0 0 0 1 0 1 1 1 0 0 1 1 0 0 0 0 0 0 0 1 0 0 0 1 1 - 0 0 0 1 1 1 0 1 0 0 0 1 0 0 0 1 1 - 0 0 1 1 1 0 - 0 1 0 - 1 1 1
  57.7       NODE_9439_PO _3299       0 1 1 0 0 0 0 0 0 0 0 1 - 0 0 1 0 1 0 - 0 1 0 0 0 1 0 1 0 1 0 0 0 0 0 1 0 1 0 1 1 1 1 1 0 0 1 1 1 1 0 1 0 0 1 1 0 - - - 0 0 1 0 1 1 1 0 0 1 1 0 0 0 0 0 0 0 1 0 0 0 1 1 1 1 0 0 1 1 1 0 1 1 0 0 1 0 0 0 1 1 - 0 1 1 1 1 0 - 0 1 0 - 1 1 1
  61.5       NODE_1509_PO _24684      0 1 1 0 0 0 0 0 0 0 0 1 0 0 0 1 - 1 0 - 0 1 0 0 1 1 1 1 0 1 0 0 - 0 - 1 0 1 0 1 1 1 1 1 0 0 1 1 1 1 0 1 0 0 1 1 0 0 - 0 0 0 1 0 1 1 1 0 0 1 1 0 0 0 0 0 1 0 1 0 0 0 1 1 - 1 0 0 1 1 1 1 1 1 0 0 1 0 0 0 1 1 0 0 1 1 1 1 0 - 0 1 0 - 1 1 1
  62.4       NODE_4770_PO _4785       0 1 1 0 0 0 0 0 0 0 0 1 0 0 0 1 0 1 0 1 0 1 0 0 1 1 1 1 0 1 0 0 - 0 - 1 0 1 0 0 1 1 1 1 0 0 1 1 1 1 0 1 0 0 1 1 0 0 - 0 0 0 1 0 1 1 1 0 0 1 1 0 0 0 0 0 1 0 1 0 0 0 1 1 1 1 0 0 1 1 1 1 1 1 0 0 1 0 0 0 1 1 - 0 1 1 1 1 0 - 0 1 0 - 1 1 1
  64.2       NODE_1965_PO _9598       0 1 1 0 0 0 0 0 0 0 0 1 0 0 0 1 0 1 0 1 0 1 0 0 1 1 1 1 0 1 0 0 0 0 - 1 0 1 0 0 1 1 1 1 0 0 1 1 1 1 0 1 0 0 1 1 0 - - 0 0 0 1 0 1 1 1 0 0 1 1 0 1 1 0 0 1 0 1 0 0 - 1 1 - 1 0 0 1 1 1 1 1 1 0 0 1 0 0 0 1 1 - 0 1 1 1 - 0 - 0 1 0 - 1 1 1
  66.1       NODE_98_PO _73098        0 1 1 0 0 0 0 0 0 0 0 1 0 0 0 1 - 1 0 1 0 1 0 0 1 1 1 0 0 1 0 0 - 0 - 1 0 1 0 0 1 1 1 1 0 0 1 1 1 1 0 1 0 0 1 1 0 0 - 0 0 0 1 0 1 1 1 0 0 1 1 0 1 1 0 0 1 0 1 0 0 0 1 1 - 1 0 0 1 1 1 1 1 1 0 0 1 0 0 0 - 1 - 0 1 1 1 1 0 - 0 1 0 - 0 1 1
  69.0       NODE_2120_PO _20408      1 1 1 0 0 0 0 0 0 0 0 1 0 0 0 1 - 1 0 - 0 1 0 1 1 1 1 0 0 1 0 0 0 0 - 1 0 1 0 0 1 1 1 1 0 0 1 1 1 1 0 1 0 0 1 1 0 0 - - 0 0 1 0 1 1 1 0 - 1 1 0 1 1 0 0 1 0 1 1 0 0 1 1 1 1 0 0 1 1 1 1 1 1 0 0 1 0 0 0 1 1 0 0 1 1 1 1 0 - 0 1 0 - 0 1 1
  71.0       NODE_3355_PO _17321      1 - 1 0 0 0 0 0 0 0 0 1 0 0 0 1 - 1 0 - 0 1 0 1 1 1 1 - 0 0 0 0 - 0 - 1 0 1 0 0 1 0 1 1 0 0 1 1 1 1 0 1 0 0 1 1 0 - 1 - 0 0 - 0 1 1 1 0 0 1 1 0 1 1 0 0 1 0 1 1 0 0 1 1 1 1 0 0 1 1 1 1 1 1 0 0 1 0 0 0 1 1 - - 1 1 1 - 0 - 0 1 0 - 0 1 1
  72.0       NODE_1455_PO _24046      1 1 1 0 0 0 0 0 0 0 0 1 0 0 0 1 - 1 0 - 0 1 0 1 1 1 1 0 0 0 0 0 - 0 - 1 0 1 0 0 1 0 1 1 0 0 1 1 1 1 0 1 0 0 1 1 0 0 - - 0 0 1 0 1 1 1 0 0 1 1 0 1 1 0 0 1 0 1 1 0 0 0 1 - 1 0 0 1 1 1 1 1 1 0 0 1 0 0 0 1 1 0 0 1 1 1 1 0 - 0 1 0 - 0 1 1
  75.8       NODE_519_PO _43606       1 1 1 0 0 0 0 0 0 0 0 1 - 0 0 1 0 1 0 - 0 1 0 1 1 1 1 0 0 0 0 0 - 0 - 1 0 1 1 0 1 0 1 1 0 0 1 1 1 1 0 1 0 0 1 1 0 - - 0 0 0 1 0 1 1 1 0 - 1 1 0 1 1 0 0 1 0 1 1 0 0 0 1 - 0 0 0 1 1 1 1 1 1 0 0 1 0 0 0 1 1 1 0 1 1 1 1 0 - 0 1 0 - 0 0 1
  79.6       NODE_621_PO _13593       1 1 1 0 0 0 0 0 0 0 0 1 0 0 0 1 0 1 0 - 0 1 0 1 1 1 1 0 0 0 0 0 - 0 - 1 0 1 1 0 1 0 1 1 0 0 1 1 1 1 0 1 0 0 0 1 0 - - 0 1 0 1 0 1 1 1 0 0 1 1 0 1 1 0 0 1 0 1 1 0 0 0 1 - 0 0 0 1 1 1 1 1 1 0 0 1 0 1 0 1 1 - 0 1 1 1 - 1 - 0 1 0 - 0 0 1
  80.6       NODE_2423_PO _12284      1 - 1 0 0 0 0 0 0 0 0 1 - 0 0 1 - 1 0 1 0 1 0 1 1 1 1 0 0 0 0 0 - - - 1 0 1 1 0 1 0 1 1 0 0 1 1 1 1 0 1 0 0 0 1 0 0 - - 1 0 1 0 0 1 1 0 0 1 1 0 1 1 0 0 1 0 1 1 0 0 0 1 1 0 0 0 1 1 1 1 1 1 0 0 1 0 1 0 1 1 1 0 1 1 1 1 1 - 0 1 0 - 0 0 1
  81.5       NODE_2423_PO _15754      1 1 1 0 0 0 0 0 0 0 0 1 0 0 0 1 0 1 0 1 1 1 0 1 1 1 1 0 0 0 0 0 0 0 - 1 0 1 1 0 1 0 1 1 0 0 1 1 1 1 0 1 0 0 0 1 0 0 0 - 1 0 1 0 0 1 1 0 0 1 1 0 1 1 0 0 1 0 1 1 0 0 0 1 1 0 0 0 1 1 1 1 1 1 0 0 1 0 1 0 1 1 1 0 1 1 1 1 1 - 0 1 0 - 0 0 1
  86.2       NODE_1194_PO _17251      1 1 1 0 0 1 0 0 0 0 0 1 - 0 0 1 0 1 0 - 1 1 0 1 1 1 1 0 0 0 0 - - 0 - 1 0 1 1 0 1 0 1 1 0 0 1 1 1 1 0 1 0 0 0 1 0 0 - 0 1 0 1 1 0 1 0 0 0 1 1 0 1 1 0 1 1 0 1 1 0 0 0 1 1 0 0 0 1 1 1 1 1 1 0 0 0 0 1 0 1 1 - 0 1 1 1 - 1 - 0 1 0 - 0 0 1
  90.0       NODE_6320_PO _3770       1 1 1 0 0 1 0 0 0 0 0 1 0 0 0 1 - 1 0 - 1 1 0 1 1 1 1 0 0 0 0 1 - 0 - 1 0 1 1 0 1 0 1 1 0 0 1 1 1 1 0 0 0 0 0 1 0 0 - 0 1 0 1 1 0 1 0 0 0 1 1 0 1 0 0 1 1 0 1 0 0 0 0 1 1 0 0 0 1 1 1 1 1 1 0 0 0 0 1 0 1 1 - 0 1 1 1 1 1 - 1 1 0 - 0 0 1
  101.2      NODE_10221_PO _1495      1 0 1 0 0 1 0 0 0 0 0 0 0 0 1 1 - 1 0 - 1 1 0 1 1 0 1 0 0 0 0 1 - 0 - 1 0 1 1 0 1 0 1 1 1 0 1 1 1 0 0 0 0 0 0 0 0 0 - 0 1 0 1 1 0 1 0 0 0 1 1 0 0 0 0 1 0 0 0 0 0 0 0 0 1 0 0 0 1 1 1 1 1 1 0 0 0 0 1 0 1 1 - 0 1 1 1 1 1 - 1 1 1 - 0 0 1
  102.1      NODE_1327_PO _15264      1 0 1 0 0 1 0 0 0 0 0 0 0 0 1 1 - 1 0 1 1 1 0 1 1 0 1 0 0 0 0 1 - 0 - 1 0 1 1 0 1 0 1 1 1 0 1 1 1 0 0 0 0 0 0 0 0 0 - - 1 0 1 1 0 1 0 0 0 1 1 0 0 0 0 1 0 0 0 0 0 0 0 0 1 0 0 0 1 1 1 1 1 1 0 0 0 0 1 0 0 1 - 0 1 1 1 1 1 - 1 1 1 - 0 0 1
  104.1      NODE_12015_PO _436       0 0 1 0 0 1 0 0 0 0 0 0 - 0 1 1 - 1 0 - 1 1 0 1 1 0 1 0 0 0 0 1 - 0 - 0 0 1 1 0 1 0 1 1 1 0 1 1 1 0 0 - 0 0 0 0 0 0 - - 1 0 1 1 0 1 0 0 - 1 1 0 0 0 0 1 0 0 0 0 0 0 0 0 - 0 0 0 1 1 1 1 1 1 - 0 0 0 1 0 0 1 1 0 1 1 1 1 1 - - 1 1 - 0 0 1
  106.0      NODE_4267_PO _4828       0 0 1 1 0 1 0 0 0 0 0 0 0 0 1 1 - 1 0 - 1 1 0 1 1 0 1 0 0 0 0 1 - 0 - 0 0 1 1 0 1 0 1 1 1 0 1 1 1 0 0 0 0 0 0 1 0 0 - 0 1 0 1 1 0 1 0 0 0 1 1 0 0 0 0 1 0 0 0 0 0 0 0 0 1 0 0 0 1 1 1 1 1 1 0 0 0 0 1 0 0 1 1 0 1 1 1 1 1 - 1 1 1 - 0 0 1
  107.9      NODE_8489_PO _2557       0 0 1 1 0 1 0 0 0 0 0 0 - 0 1 1 - 1 0 - 1 1 0 1 1 0 1 0 0 0 0 1 - 0 - 0 0 1 1 0 1 0 1 1 1 0 1 1 1 0 0 0 0 0 0 1 0 0 - 0 1 0 1 1 0 1 0 0 - 1 1 0 0 0 0 1 0 0 0 0 0 0 0 0 1 0 0 0 1 1 1 1 1 1 0 0 0 0 1 0 - 1 - 0 0 1 1 1 1 - 1 0 1 - 0 0 1
  118.8      NODE_3719_PO _3561       0 0 1 1 0 1 0 0 0 0 0 0 - 0 1 1 0 1 0 - 1 1 0 0 1 0 1 - 0 0 0 1 - 1 - 0 1 1 1 0 1 0 1 1 1 0 1 1 1 0 0 1 0 0 0 1 1 0 - 0 1 0 1 0 0 0 0 0 - 0 1 1 0 0 0 1 0 0 0 0 0 0 0 0 - 0 0 0 1 1 1 1 1 1 0 0 0 1 1 0 0 1 - - 0 1 1 0 1 - - 0 1 - 0 0 1
  120.8      NODE_1861_PO _12323      0 0 1 1 0 1 0 0 0 0 0 0 - 0 1 1 0 1 0 - 1 1 0 0 1 0 1 0 0 0 0 1 1 1 - 0 1 1 1 0 1 0 1 1 1 0 1 1 1 0 0 1 0 0 0 1 1 1 0 0 1 0 1 0 0 0 0 0 1 0 1 1 0 0 0 1 0 0 0 0 0 0 1 0 - 0 0 0 1 1 1 1 1 1 0 0 0 1 1 0 0 1 1 0 0 1 1 0 1 - 1 0 1 - 0 0 1
  123.6      NODE_1156_PO _29095      0 0 1 1 0 1 0 0 0 0 0 0 0 0 1 1 0 1 0 - 1 1 0 0 1 0 1 0 0 0 0 1 - 1 - 0 1 1 1 0 1 0 1 1 - 0 1 1 1 0 0 1 0 1 0 1 1 - - 0 1 0 1 0 0 0 0 0 - 0 1 1 0 0 0 1 0 0 0 0 0 0 1 0 - 0 0 0 1 1 1 1 1 1 0 0 0 1 1 0 0 0 - 0 0 1 1 0 1 - 1 0 1 - 1 0 1
  126.4      NODE_1156_PO _4890       0 0 1 1 0 1 0 0 0 0 0 0 0 0 1 1 0 1 0 - 1 1 0 0 1 0 0 0 0 0 0 1 - 1 - 0 1 1 1 0 1 0 1 1 1 0 1 1 1 0 0 1 0 1 0 1 1 - - 0 1 0 1 0 0 0 0 0 1 0 1 1 0 0 1 1 0 0 0 0 0 0 1 0 0 0 0 0 0 1 1 1 1 1 0 0 0 1 1 0 0 0 1 0 0 1 1 0 1 - 1 0 1 - 1 0 1
  129.3      NODE_131_PO _61122       0 0 1 1 0 1 0 0 0 0 0 0 0 0 1 1 0 1 0 1 1 1 0 0 0 0 0 0 0 0 0 1 - 1 - 0 1 0 1 0 0 0 1 1 1 0 1 1 1 0 0 1 0 1 - 1 1 1 - 0 1 0 1 0 0 0 0 0 1 0 1 1 0 0 1 1 0 0 0 0 0 0 1 0 - 0 0 0 0 1 1 1 1 1 0 0 0 1 1 0 - 0 - 0 0 1 1 0 1 - 1 0 1 - 1 0 1
  132.0      NODE_15535_PO _281       0 0 1 1 0 1 0 0 0 0 0 1 0 0 1 1 0 1 0 1 1 1 0 0 0 0 0 0 0 0 0 1 1 1 - 0 1 0 1 0 0 0 1 1 1 0 1 1 1 0 0 1 0 1 0 1 1 1 - 0 1 0 1 0 0 0 0 0 1 0 1 1 0 0 1 1 0 0 0 0 0 0 1 0 0 0 0 0 0 1 1 1 1 0 1 0 0 1 1 0 1 0 - 0 0 1 1 0 1 - 1 0 1 - 1 0 1
  134.8      NODE_275_PO _62223       0 0 1 1 0 1 0 0 0 0 0 1 0 0 1 1 - 1 0 - 1 1 0 0 0 0 0 0 0 0 0 1 - 1 - 0 1 0 1 0 0 0 1 1 1 0 1 1 1 1 0 1 0 1 0 1 1 1 1 - 1 1 1 0 0 0 0 0 1 0 1 1 0 0 1 1 0 0 0 0 0 0 1 0 0 0 0 0 0 1 1 1 0 0 1 0 0 1 1 0 1 0 - 0 0 1 1 0 1 - 1 0 1 - 1 0 1
  143.4      NODE_1591_PO _1705       0 0 1 0 0 0 0 0 0 0 0 1 - 0 1 1 1 1 0 - 1 1 0 0 0 0 0 0 0 0 0 1 - - - 0 - - 0 0 0 1 1 1 - 0 1 - 1 1 0 1 0 1 0 1 1 - - - - 1 0 0 - 0 0 0 - 0 1 1 0 1 1 1 0 0 0 0 0 - 1 0 - 0 0 0 0 1 1 1 0 0 1 0 0 1 1 0 - 0 - - 0 0 1 0 1 - 0 0 1 - 1 0 1
  146.7      NODE_221_PO _46750       0 0 1 0 0 0 0 0 1 0 0 1 - 0 1 1 - 1 0 - 1 1 0 0 0 0 0 0 0 0 0 - - 1 - 0 1 - 0 0 0 1 1 1 1 0 1 0 1 1 0 1 0 1 - 1 1 - - - - 1 0 0 1 0 0 0 - 0 1 1 0 1 1 1 0 0 0 1 0 0 1 0 - 0 0 0 0 1 1 1 0 0 1 0 0 1 1 0 - 0 - 1 0 0 0 0 1 - 0 0 - - 1 0 1
  148.7      NODE_6766_PO _7221       0 0 1 0 0 0 0 0 1 0 0 1 1 0 1 1 1 1 0 1 1 1 0 0 0 0 0 0 0 0 0 1 1 1 - 0 1 0 0 0 0 1 1 1 1 0 1 0 1 1 0 1 0 1 0 1 1 1 - 0 1 1 0 0 1 0 0 0 1 0 1 1 1 1 1 1 0 0 1 1 0 0 1 0 - 0 0 0 0 1 1 1 0 0 1 0 0 1 1 0 1 0 1 1 0 0 0 0 1 - 0 0 1 - 1 0 1
  149.7      NODE_4239_PO _5641       0 0 1 0 0 0 0 0 1 0 0 1 1 0 1 1 - 1 0 - 1 1 0 0 0 0 0 0 0 0 0 1 - 1 - 0 1 0 0 0 0 1 1 1 1 0 1 0 1 1 0 1 0 1 0 1 1 1 - - 1 1 0 0 1 0 0 0 1 0 1 1 1 1 1 1 0 0 1 1 0 0 1 0 - 0 0 0 0 1 1 1 0 0 1 1 0 1 1 0 1 0 - 1 0 0 0 0 1 - 0 0 1 - 1 0 1
  150.6      NODE_4379_PO _4084       0 0 1 0 0 0 0 0 1 0 0 1 1 0 1 1 - 1 0 - 1 1 0 0 0 0 0 0 0 0 0 1 - 1 - 0 1 0 0 0 0 1 1 1 1 0 1 0 1 1 0 1 0 1 0 1 1 - - - 1 1 0 0 1 0 0 0 - 0 1 1 1 1 1 1 0 0 1 1 0 0 1 0 0 0 0 0 0 1 1 0 0 0 1 1 0 1 1 0 1 0 - 1 0 0 0 0 1 - 0 0 1 - 1 0 1
  152.5      NODE_2866_PO _20307      0 0 1 0 0 0 0 0 1 0 0 1 - 0 1 1 - 1 0 - 1 1 0 0 0 0 0 0 0 0 0 1 - 1 - 0 1 0 0 0 0 1 1 1 1 0 1 0 1 1 0 1 0 1 1 1 1 1 - 0 1 1 0 0 1 0 0 0 - 0 1 1 1 1 1 1 0 0 1 1 0 0 1 0 - 0 0 0 0 1 1 0 0 0 1 1 1 1 1 0 1 0 - 1 0 0 0 0 1 - 0 0 1 - 1 0 1
  153.5      NODE_5155_PO _5685       0 0 1 0 0 0 0 0 1 0 0 1 1 0 1 1 1 1 0 - 1 1 0 0 0 0 0 0 0 0 0 1 - 0 0 0 1 0 0 0 0 1 1 1 1 0 1 0 1 1 0 1 0 1 1 1 1 1 1 0 1 1 0 0 1 0 0 0 1 0 1 1 1 1 1 1 0 0 1 1 0 0 1 0 - 0 0 0 0 1 1 0 0 0 1 1 1 1 1 0 1 0 - 1 0 0 0 0 1 - 0 0 1 - 1 0 1
  156.3      NODE_6517_PO _8075       0 0 1 0 0 0 1 0 1 0 0 1 1 0 1 1 - 1 0 - 1 1 0 0 0 0 0 0 0 0 0 1 - 0 - 0 1 0 0 0 0 1 1 1 1 0 1 0 1 1 0 1 0 1 1 1 1 1 - 0 1 1 0 0 1 0 0 0 1 0 1 1 1 1 1 1 0 0 0 1 0 0 1 0 0 0 0 0 0 1 1 0 0 0 1 1 1 1 0 0 1 0 1 1 0 0 0 - 1 - 0 0 1 - 1 0 1
  162.0      NODE_1271_PO _33442      0 0 1 0 0 0 1 0 1 0 0 1 - 0 1 0 1 0 0 - 1 1 0 0 0 0 0 0 0 0 0 0 1 0 - 0 1 0 0 0 0 1 1 1 1 0 1 0 1 1 1 1 0 0 1 1 1 - - 0 1 1 0 0 1 0 0 0 1 0 1 1 1 1 1 1 0 0 0 1 0 0 1 0 - 0 0 0 0 1 1 0 0 0 1 1 1 1 0 0 1 0 - 1 1 0 0 0 1 - 0 0 1 - 1 0 1
  166.7      NODE_1993_PO _2565       1 0 1 0 0 0 1 0 1 0 0 1 1 0 1 0 - 0 0 - 1 1 0 0 0 0 0 0 0 0 0 0 - 0 - 0 1 0 0 1 0 1 1 1 1 0 1 0 1 1 1 1 0 0 1 1 1 0 - 0 0 1 0 0 0 0 0 0 1 1 1 1 1 1 1 1 0 0 0 1 0 0 1 0 0 0 0 0 0 1 1 0 0 0 1 1 1 1 0 0 1 0 1 1 1 0 0 0 1 - 0 0 1 - 1 0 1
  171.5      NODE_2912_PO _17529      1 0 1 1 0 1 1 0 1 0 0 1 1 0 1 0 - 0 0 - 1 1 0 0 0 0 0 0 0 0 0 0 - 0 - 0 1 0 0 1 0 1 0 1 1 0 1 0 1 1 1 1 0 0 1 0 1 0 - 0 0 1 0 0 0 0 0 0 1 1 1 1 1 1 1 1 0 0 0 1 0 0 1 0 - 0 0 0 0 1 1 0 0 0 0 1 1 1 0 0 1 0 - 1 1 0 0 - 1 - - 0 1 - 1 0 1
  176.5      NODE_553_PO _19657       1 0 1 1 0 1 1 0 1 1 0 1 - 0 1 0 - 0 0 - 1 1 0 0 0 0 0 0 0 0 0 0 - 0 - 0 1 - 0 1 0 1 0 1 1 0 1 0 1 1 1 1 0 0 1 0 1 0 - - 0 1 0 0 0 0 0 0 - 1 1 1 1 1 1 1 0 1 0 1 0 0 1 0 - 0 0 0 0 1 1 0 0 0 0 - 1 1 0 1 - 1 - - 1 0 0 0 1 - 0 1 1 - 1 0 1
  178.5      NODE_2473_PO _5390       1 0 1 1 0 1 1 0 1 1 0 1 1 0 1 0 - 0 0 - 1 1 0 0 0 0 0 0 0 0 0 0 - 0 - 0 1 0 0 1 0 1 0 1 1 0 1 0 1 0 1 1 0 0 1 0 1 0 - 0 0 1 0 0 0 0 0 0 1 1 1 1 1 1 1 1 0 1 0 1 0 0 1 0 - 0 0 0 0 1 1 0 1 0 0 1 1 1 0 1 1 1 - 1 1 0 0 0 1 - 0 1 1 - 1 0 1
  180.4      NODE_3226_PO _15956      1 0 1 1 0 1 1 0 1 1 0 1 1 0 1 0 - 0 0 - 1 1 0 0 0 0 0 0 0 0 0 0 - 0 - 0 1 0 0 1 0 1 0 0 1 1 1 0 1 0 1 1 0 0 1 0 1 0 - 0 0 1 0 0 0 0 0 0 1 1 1 1 1 1 1 1 0 1 0 1 0 0 1 0 - 0 0 0 0 1 1 0 1 0 0 1 1 1 0 1 1 1 - 1 1 0 0 0 1 - 0 1 1 - 1 0 1
  184.1      NODE_173_PO _12619       1 0 1 1 0 1 1 0 1 1 0 1 1 0 1 0 1 0 0 1 1 1 0 0 0 0 0 0 0 1 0 0 1 0 - 0 1 0 0 1 0 1 0 0 1 1 1 0 1 0 1 1 0 0 1 0 1 0 - 0 0 1 0 0 0 0 0 1 1 1 0 1 1 1 1 1 0 1 0 1 0 0 1 0 - 1 0 0 0 1 1 0 1 0 0 1 1 1 0 1 1 1 1 1 1 0 0 0 1 - 0 1 1 - 1 0 1
  187.7      NODE_3327_PO _4056       1 0 1 1 0 1 1 0 1 1 0 1 1 0 1 0 1 0 0 - 1 1 0 0 1 0 1 0 0 1 0 0 - 1 - 0 1 0 0 1 0 1 0 0 1 1 1 0 1 0 1 1 0 0 1 0 1 0 - 0 0 1 0 0 0 0 0 1 1 1 0 1 1 1 1 1 0 1 0 1 0 0 1 0 0 1 0 0 0 1 1 0 1 0 0 1 1 1 0 1 1 1 - 1 1 0 0 0 0 - 0 1 1 - 1 0 1
  188.7      NODE_3557_PO _16990      1 0 1 1 0 1 1 0 1 1 0 1 1 0 1 0 1 0 0 - 1 1 0 0 1 0 1 0 0 1 1 - - 1 - 0 1 0 0 1 0 1 0 0 - 1 1 0 1 0 1 1 0 0 1 0 1 - - - 0 1 0 0 0 0 0 1 1 1 0 1 1 1 1 1 0 1 0 1 0 0 1 0 - 1 0 0 0 1 1 0 1 0 0 1 1 1 0 1 - 1 - 1 1 0 0 0 0 - - 1 1 - 1 0 1
  190.8      NODE_2567_PO _6843       1 0 1 1 0 1 1 0 1 1 0 1 - 0 1 0 - 0 0 - 1 1 0 0 1 0 1 0 0 1 1 0 - 1 - 0 1 0 0 1 0 1 0 0 1 1 1 0 1 0 1 1 0 - - 0 1 - - 0 0 1 0 0 0 0 0 1 - 1 0 0 1 1 1 1 0 - 0 0 0 0 1 0 - 1 0 0 0 1 1 0 1 0 0 1 1 1 0 1 1 1 - 1 1 0 0 - 0 - 0 1 1 - 1 0 1
  191.8      NODE_1787_PO _10797      1 0 1 1 0 1 1 0 1 1 0 1 0 0 1 0 1 0 0 1 1 1 0 0 1 0 1 0 0 1 1 0 - 1 - 0 1 0 0 1 0 1 0 0 1 1 1 0 1 0 1 1 0 0 1 0 1 0 - 0 0 1 0 0 0 0 0 1 1 1 0 0 1 1 1 1 0 1 0 0 0 0 1 0 1 1 0 0 0 1 1 0 1 0 0 1 1 1 0 1 1 1 - 1 1 0 0 0 0 - 0 1 1 - 1 1 1
  192.7      NODE_1374_PO _9336       1 0 1 1 0 1 1 0 1 1 0 1 0 0 1 0 - 0 0 - 1 1 0 0 1 0 1 0 0 1 1 0 - 1 - 0 1 0 0 1 0 1 0 0 1 1 1 0 1 0 1 1 0 0 1 0 1 0 - - 0 1 0 0 0 0 0 1 1 1 0 0 1 1 1 1 0 1 0 0 0 0 1 0 1 1 1 0 0 1 1 0 1 0 0 1 1 1 0 1 1 1 - 1 1 0 0 0 0 - 0 1 1 - 1 1 1
  195.6      NODE_1847_PO _22793      1 0 1 1 0 1 1 0 1 1 0 1 - 0 1 0 1 0 0 - 1 1 0 0 1 0 1 0 0 1 1 0 - 1 - 0 1 0 0 1 0 1 0 0 - 1 1 0 1 0 1 1 0 0 1 0 1 0 - 0 0 1 0 0 1 0 0 1 1 1 0 0 0 1 1 1 0 1 0 0 0 0 1 0 - 1 1 0 0 1 1 0 1 0 0 1 1 1 0 1 1 1 - 1 1 0 0 - 0 - 0 1 1 - 0 1 1
  200.3      NODE_1783_PO _14087      1 0 1 1 0 1 1 0 1 1 0 1 0 0 1 0 1 0 0 - 1 1 0 0 1 0 1 0 0 1 1 0 - 1 - 1 1 0 0 1 0 1 0 0 1 1 1 0 1 0 1 1 1 0 1 0 1 0 - 0 0 1 0 0 1 0 0 1 1 1 0 0 0 1 1 1 0 1 0 0 1 0 1 0 1 1 1 0 0 1 1 0 1 1 0 1 1 1 0 1 1 1 - 1 1 0 0 0 0 - 1 1 1 - 0 1 1
  203.1      NODE_8092_PO _355        1 0 1 1 0 1 1 0 1 1 0 1 - 0 1 0 1 0 0 - 1 1 0 0 1 0 1 0 0 1 1 0 0 1 - 1 1 0 0 1 0 1 0 0 1 1 1 0 1 0 1 1 1 0 1 0 1 0 - 0 0 1 0 0 1 0 0 1 - 1 0 0 0 1 1 1 1 1 0 0 1 0 1 0 - 1 0 0 0 1 1 0 1 1 0 1 1 1 0 1 1 1 - 1 1 0 0 0 0 - 1 0 1 - 0 1 1
  205.1      NODE_6018_PO _8223       1 0 1 1 0 1 1 0 1 1 0 1 0 0 1 0 - 0 0 - 1 1 0 0 1 0 1 0 0 1 1 0 - 1 - 1 1 0 0 1 0 1 0 0 1 1 1 0 1 0 1 1 1 0 1 0 1 0 - 0 0 1 0 0 1 0 0 1 0 1 0 0 0 1 1 1 1 1 0 0 1 - 1 0 - 1 0 0 0 1 1 0 1 1 0 1 0 1 1 1 - 1 - 1 1 - 0 - 0 - 1 0 - - 0 1 1
  207.1      NODE_1899_PO _13873      1 0 1 1 0 1 1 0 1 1 0 1 0 0 1 0 1 0 0 1 1 1 0 0 1 0 1 0 0 1 1 0 0 1 - 1 1 0 0 0 0 0 0 0 1 1 1 0 1 0 1 1 1 0 1 0 1 0 1 - 0 1 0 0 1 0 0 1 0 1 0 0 0 1 1 1 1 1 0 0 1 0 1 0 1 1 0 0 0 1 1 0 1 1 0 1 0 1 1 1 1 1 1 1 1 0 0 0 0 - 1 0 1 - 0 1 1
  208.9      NODE_626_PO _49980       1 0 1 1 0 1 1 0 1 1 0 1 0 0 1 0 - 0 0 - 1 1 0 0 1 0 1 0 0 1 1 0 0 1 - 1 1 0 0 0 0 0 0 0 1 0 1 0 1 0 1 1 1 0 1 0 1 0 - - 0 1 0 1 1 0 0 1 0 1 0 0 0 1 1 1 1 1 0 0 1 0 1 0 1 1 0 0 0 1 1 0 1 1 0 1 0 1 1 1 1 1 - 1 1 0 0 0 0 - 1 0 1 - 0 1 1
  213.7      NODE_13655_PO _732       1 0 1 1 0 1 1 0 1 1 0 1 - 0 1 0 - 0 0 - 1 1 0 1 1 0 1 0 0 1 1 0 - 1 - 1 1 0 0 0 0 0 0 0 1 0 1 0 1 0 1 1 1 0 1 0 1 - - 0 0 1 1 1 1 1 0 1 0 1 0 0 0 1 1 0 1 0 0 0 1 0 1 0 - 1 0 0 0 1 1 0 1 1 0 1 0 1 1 1 1 1 - 1 1 0 0 0 0 - 1 0 1 - 0 1 1
  216.5      NODE_8962_PO _3856       0 0 1 1 0 1 1 0 1 0 0 1 - 0 1 0 0 0 0 - 1 1 0 1 1 0 1 1 0 1 1 0 - 1 - 1 1 0 0 0 0 0 0 0 1 0 1 0 1 0 1 1 1 0 1 0 1 0 - - 0 1 1 1 1 1 0 1 0 1 0 0 0 1 1 0 1 0 0 0 1 0 1 0 1 1 0 0 0 1 1 0 1 1 0 1 0 1 1 1 1 1 - 1 1 0 0 0 0 - 1 0 1 - 0 1 1
  217.5      NODE_2605_PO _1439       0 0 1 1 0 1 1 0 1 0 0 1 0 0 1 0 - 0 0 - 1 1 0 1 1 0 1 1 0 1 1 0 - 1 - 1 1 0 0 0 0 0 0 0 1 0 1 0 1 0 1 1 1 0 1 0 1 0 - 0 0 1 1 1 1 1 0 1 0 1 0 0 0 1 1 0 1 0 0 0 1 0 0 0 1 1 0 0 0 1 1 0 1 1 0 1 0 1 1 1 1 1 - 1 1 0 0 - 0 - 1 0 1 - 0 1 1
  220.5      NODE_6524_PO _3983       0 0 1 1 0 0 1 0 1 0 0 1 - 0 1 0 - 0 0 - 1 1 0 1 1 0 1 - 0 1 1 - - 1 - 1 1 0 0 0 0 0 0 0 1 0 1 0 0 0 1 1 1 0 - 0 1 - - 0 0 1 1 1 1 1 0 1 - 1 0 0 0 1 1 0 1 0 0 0 0 0 0 0 - 1 0 0 0 1 1 0 1 1 0 1 0 1 1 1 1 1 - 1 1 0 0 - - - 1 0 1 - 0 1 1
  222.5      NODE_2389_PO _24347      0 0 1 1 0 0 1 0 1 0 0 1 0 0 1 0 0 0 0 1 1 1 1 1 1 0 1 1 0 1 1 0 - 1 - 1 1 0 0 0 0 0 0 0 1 0 1 0 0 0 1 1 1 0 1 0 1 - - - 0 1 1 1 1 1 0 1 0 1 0 0 0 1 1 0 1 0 0 0 0 0 0 0 - 1 0 0 0 1 1 0 1 1 0 1 0 1 1 1 1 1 1 1 1 0 1 0 0 - 1 0 1 - 0 1 1
  226.2      NODE_376_PO _24610       0 0 1 1 0 0 1 0 1 0 0 1 0 0 1 0 - 0 0 - 1 1 1 1 1 0 1 1 0 1 1 0 0 1 - 1 0 0 0 0 0 0 0 0 1 0 1 0 0 0 1 1 1 0 1 0 1 - - 0 0 1 1 1 1 1 0 0 0 1 0 0 0 1 1 0 1 0 0 0 0 0 0 0 1 1 0 0 0 1 1 0 0 1 0 0 0 1 1 1 1 1 1 1 1 0 1 0 0 - 1 0 1 - 0 1 1
  228.1      NODE_6126_PO _4381       0 0 1 1 0 0 1 0 1 0 0 1 - 0 1 0 - 0 0 - 1 1 1 1 1 0 1 1 0 1 1 0 - 1 - 1 0 0 0 0 0 0 0 0 1 0 1 0 0 0 1 1 1 0 1 0 1 1 - 0 0 1 1 1 1 1 0 0 0 1 0 0 0 1 1 0 1 0 0 0 0 0 0 0 - 0 0 0 0 1 1 0 0 1 0 0 0 1 1 1 1 1 1 1 0 0 1 0 0 - 1 0 1 - 0 1 1
  229.0      NODE_255_PO _58709       0 0 1 1 0 0 1 0 1 0 0 1 0 0 1 0 - 0 0 1 1 1 1 1 1 0 1 1 0 1 1 0 - 1 - 1 0 0 0 0 0 0 0 0 1 0 1 0 0 0 1 1 1 0 1 0 1 - - 1 0 1 1 1 1 1 0 0 0 1 0 0 0 1 1 0 1 0 0 0 0 0 0 0 - 0 0 0 0 1 1 0 0 1 0 0 0 1 1 1 1 1 - 1 0 0 1 0 0 - 1 0 1 - 0 1 1
  232.8      NODE_2247_PO _4592       0 0 1 1 0 0 1 0 1 0 1 1 1 0 1 0 - 0 0 - 1 1 1 1 1 0 1 1 0 1 1 0 - 1 - 1 0 0 0 0 0 0 0 0 1 0 1 0 0 0 1 1 1 1 1 0 1 1 - 1 0 1 1 1 1 1 0 0 0 1 0 0 1 1 1 0 1 0 0 0 0 - 0 0 1 0 0 0 0 1 1 0 0 1 0 0 0 1 1 1 1 1 - 1 0 0 1 0 0 - 1 0 1 - 0 1 1
  235.8      NODE_1766_PO _18908      0 0 0 1 0 0 1 0 1 1 1 1 - 0 1 0 - 0 0 - 1 1 1 1 1 0 1 - 0 1 1 0 - 1 - 1 0 - 0 0 0 0 0 0 - 0 1 0 0 0 1 1 1 1 1 0 1 - - - 0 1 1 1 1 1 0 0 - 1 0 0 1 1 1 0 1 0 0 0 0 0 0 0 1 0 0 0 0 1 1 0 0 1 0 0 0 1 1 1 - 1 - 1 0 0 1 - 0 - 1 0 1 - 0 0 1
  240.0      NODE_12107_PO _1286      0 0 0 1 0 0 1 1 1 1 1 1 1 0 1 1 0 0 0 - 1 1 1 1 1 0 1 - 0 1 1 0 0 1 - 1 0 0 0 0 0 0 0 0 1 0 1 0 0 0 1 1 1 1 1 0 1 1 1 1 0 1 1 1 1 1 0 0 0 1 0 0 1 1 1 0 1 0 0 0 0 - 0 0 - 0 0 0 0 1 1 1 0 1 0 0 0 1 1 - - 1 - 1 0 0 1 0 0 - 0 0 1 - 0 0 1
  241.9      NODE_1436_PO _33878      0 0 0 1 0 0 1 1 1 1 1 1 1 0 1 1 0 0 0 - 1 1 1 1 1 0 1 - 0 1 1 0 - 1 - 1 0 0 0 0 0 0 0 0 1 0 1 0 0 0 1 1 1 1 1 0 1 - - - 0 1 1 0 1 1 0 0 0 1 0 0 1 1 1 0 1 0 0 0 0 0 0 0 - 0 0 0 0 1 1 1 0 1 1 0 0 1 1 1 1 1 - 1 0 0 1 0 0 - - 0 1 - 0 0 1
  242.9      NODE_681_PO _4739        0 0 0 1 0 0 1 1 1 1 1 1 1 0 1 1 - 0 0 - 1 1 1 1 1 0 1 1 0 1 1 0 - 1 - 1 0 0 0 0 0 0 0 0 1 0 1 0 0 0 1 1 1 1 1 0 1 - - - 0 1 1 0 1 1 0 0 0 1 0 0 1 1 1 0 1 0 0 0 0 0 0 0 1 0 0 0 0 1 1 1 0 1 1 0 0 1 1 1 1 1 - 1 0 0 1 0 1 - 0 0 1 - 0 0 1
  247.9      NODE_4096_PO _9311       0 0 0 1 0 0 1 1 0 1 1 1 - 1 1 1 - 0 0 - 1 1 1 1 1 0 1 1 0 1 1 - - 1 - 1 0 0 0 0 0 0 0 0 0 0 1 0 0 0 1 - 1 1 1 0 1 1 - 1 0 1 1 0 1 1 0 0 - 1 0 0 1 1 1 0 1 0 0 0 0 0 0 0 - 0 0 0 0 1 1 1 0 1 - 0 0 1 1 1 - 0 - 0 0 0 1 0 1 - - 0 1 - 0 0 1
  250.0      NODE_1082_PO _20916      0 0 0 1 0 0 1 1 0 1 1 1 - 1 1 1 0 0 0 - 1 1 1 1 1 0 1 1 0 1 1 0 - 1 1 1 0 0 0 0 0 0 0 0 0 0 1 0 0 0 1 1 1 1 - 0 1 - 1 1 0 1 1 0 1 1 0 0 0 1 0 0 1 1 0 0 1 0 0 0 0 0 0 0 - 0 0 0 0 1 1 1 0 1 1 0 0 1 1 1 - 0 - 0 0 0 1 0 1 - 0 0 1 - 0 1 1
  251.0      NODE_6153_PO _6410       0 0 0 1 0 0 1 1 0 1 1 1 - 1 1 1 0 0 0 - 1 1 1 1 1 0 1 0 0 1 1 - - 1 - 1 0 0 0 0 0 0 0 0 - 0 1 - 0 0 1 1 1 1 1 0 1 1 - - 0 1 1 0 1 1 0 0 - 1 0 0 1 1 0 0 1 0 0 0 0 0 0 0 - 0 0 0 0 1 1 1 0 1 1 0 0 1 1 1 1 0 - 0 0 0 1 - - - - 0 1 - 0 1 1
  254.0      NODE_1553_PO _20909      0 0 0 1 0 0 1 1 0 1 1 1 1 1 1 1 0 0 0 - 1 1 1 1 1 0 1 0 0 1 1 0 - 1 - 1 0 0 0 0 0 0 0 0 0 0 1 1 0 0 1 1 1 1 1 1 1 1 - - 0 1 1 0 1 1 0 0 0 1 0 0 1 1 0 0 1 0 0 0 0 0 0 0 - 0 0 0 0 0 1 0 0 1 1 0 0 1 1 1 1 0 - 0 0 0 1 0 1 - - 0 1 - 0 1 1
  257.8      NODE_1726_PO _14443      0 0 0 1 0 0 1 1 0 1 1 1 1 1 1 1 - 0 0 - 1 0 1 1 1 0 1 0 0 1 1 0 - 1 - 1 0 0 0 0 0 0 0 0 0 0 0 1 0 1 1 1 1 1 1 1 1 1 - 1 0 1 1 0 1 1 0 0 - 1 0 0 1 1 0 0 1 0 0 0 0 0 0 0 1 0 0 0 0 0 1 0 0 1 1 0 0 1 1 1 1 0 - 0 0 0 1 1 1 - 0 0 1 - 0 1 1
  261.6      NODE_3239_PO _7411       0 0 0 1 1 0 1 1 0 1 1 1 1 1 1 1 0 0 0 - 1 0 1 1 1 0 1 0 0 1 1 0 - 1 - 1 0 0 0 0 0 0 0 0 0 0 0 1 1 1 0 1 1 1 1 1 1 1 - - 0 1 1 0 1 1 0 0 0 1 0 0 1 1 0 0 1 0 0 0 0 0 0 0 - 0 0 0 0 0 1 0 0 1 1 0 0 1 1 1 1 0 - 0 0 0 1 0 1 - 0 0 1 - 0 1 1
  263.4      NODE_2164_PO _5475       0 0 0 1 1 0 1 1 0 1 1 1 1 1 1 1 - 0 0 - 1 0 1 1 1 0 1 0 0 1 1 0 - 1 - 1 0 0 0 0 0 0 0 0 0 0 0 1 1 1 0 1 1 1 1 1 1 1 - - 0 1 1 0 1 1 0 0 0 1 0 0 1 1 0 0 1 0 0 0 0 0 0 0 - 0 0 0 0 0 1 0 0 0 1 0 0 1 1 1 1 0 - 0 0 0 1 1 1 - 0 0 1 - 0 1 1
  265.3      NODE_1045_PO _28219      0 0 0 1 1 0 1 1 0 1 1 1 1 1 1 1 0 0 0 1 1 0 1 1 1 0 1 0 0 1 1 0 - 1 - 1 0 0 0 0 0 0 0 0 0 0 0 1 1 1 0 1 1 1 1 1 1 1 0 0 0 0 1 0 1 1 0 0 0 1 0 0 1 1 0 0 1 0 0 0 0 0 0 0 - 0 0 0 0 0 1 0 0 0 1 0 0 1 0 1 1 0 0 0 0 0 1 1 1 - 0 0 1 - 0 1 1
  268.1      NODE_4238_PO _15612      0 0 0 1 1 0 1 1 0 1 1 1 - 1 1 1 0 0 1 - 1 0 1 1 1 0 1 0 0 1 1 0 - 1 - 1 0 - 0 0 0 0 0 0 0 0 0 1 1 1 0 1 1 1 1 1 1 1 - 0 0 0 1 0 1 1 0 0 0 1 0 0 1 1 1 0 1 0 0 0 0 0 0 0 1 0 0 0 0 0 1 0 0 0 1 1 0 1 0 1 1 0 - 0 0 0 1 - 1 - 0 0 1 - 0 1 1
  272.0      NODE_876_PO _35742       0 0 0 1 1 0 0 1 0 0 1 1 - 1 1 1 0 0 1 - 1 0 1 1 1 0 1 0 0 1 1 0 - 1 - 1 0 0 0 0 0 0 0 0 0 0 0 1 1 1 0 1 1 1 1 1 1 - - 0 0 0 1 0 1 1 0 0 0 1 0 0 1 1 1 0 1 0 0 0 1 0 0 0 - 1 0 0 0 0 1 0 0 0 1 1 0 1 0 1 1 0 - 0 0 0 1 1 1 - 0 0 1 - 0 1 1
  273.8      NODE_1501_PO _30564      0 0 0 1 1 0 0 1 0 0 1 1 - 1 1 1 - 0 1 0 1 0 1 1 1 0 1 0 0 1 1 0 - 1 - 1 0 0 0 0 0 1 0 0 0 0 0 1 1 1 0 1 0 1 1 1 1 - - 0 0 0 1 0 1 1 0 0 0 1 0 0 1 1 1 0 1 0 0 0 1 0 0 0 0 1 0 0 0 0 1 0 0 0 1 1 0 1 0 1 1 0 - 0 0 0 1 1 1 - 0 0 1 - 0 1 1
  274.9      NODE_1501_PO _6840       0 0 0 1 1 0 0 1 0 0 1 1 - 1 1 1 - 0 1 - 1 0 1 1 1 0 1 - 0 1 1 - - 1 - 1 0 - 0 0 0 1 0 0 - 0 1 - 1 1 0 1 0 1 1 1 1 1 - 0 0 0 1 0 1 1 0 0 - 1 0 0 1 1 - 0 1 0 0 0 1 - 0 0 - 1 0 0 0 0 1 0 0 0 1 1 0 1 0 - - 0 - 0 0 0 1 - 1 - - 0 1 - 0 1 1
  278.1      NODE_2014_PO _10971      0 0 0 1 1 0 0 1 0 0 1 1 - 1 1 1 - 0 1 - 1 0 1 1 1 0 1 0 0 1 1 0 - 1 - 1 0 0 0 0 0 1 0 0 0 0 1 1 1 1 0 1 0 1 1 1 1 - - 0 1 0 1 0 1 1 0 0 0 1 0 0 1 1 1 0 1 0 0 0 1 0 0 0 - 1 0 0 0 0 0 0 0 0 1 1 0 1 0 1 1 0 - 0 1 0 1 1 1 - 0 0 1 - 0 1 1
  285.0      NODE_2426_PO _14125      0 0 0 1 1 0 0 1 0 0 1 1 - 1 1 1 - 0 1 - 1 0 1 1 1 0 1 0 0 1 1 - - 1 0 1 1 0 0 0 0 1 1 0 - 0 1 0 1 1 0 1 0 1 1 1 1 1 - 0 1 0 1 0 1 1 0 1 0 1 0 0 1 1 1 0 1 1 1 0 1 0 0 0 - 1 0 0 0 0 0 0 0 0 1 1 0 1 0 1 1 0 - - 1 1 1 1 - - 0 0 1 - 0 1 1
  288.0      NODE_10738_PO _2431      0 0 0 1 1 0 0 1 0 0 1 1 1 1 1 1 - 0 1 - 1 0 1 1 1 0 1 0 1 1 1 0 - 1 - 1 1 1 0 0 0 1 1 0 - 0 1 0 1 1 0 1 0 1 1 1 1 - - - 1 0 1 0 1 1 0 1 - 1 0 0 1 1 1 0 1 1 1 0 1 1 0 0 - 1 0 0 0 0 0 0 0 0 1 1 0 1 0 1 - 0 - 0 1 1 1 1 1 - 0 0 1 - 0 1 1
  293.0      NODE_4369_PO _4811       0 0 0 1 1 0 0 1 0 0 1 1 - 1 1 1 - 0 1 - 1 0 1 1 1 0 1 1 1 1 1 0 - 1 - 0 1 1 0 0 0 1 1 0 0 0 1 0 1 0 0 1 0 1 1 1 0 1 - 0 1 0 1 0 1 0 0 1 - 1 0 0 1 1 1 0 1 1 1 0 1 1 0 0 - 1 0 0 0 0 0 0 0 0 1 1 0 1 0 1 1 0 0 0 1 1 1 - 1 - 0 0 1 - 0 1 1
  294.0      NODE_7939_PO _1346       0 0 0 1 1 0 0 1 0 0 1 1 - 1 1 0 0 0 1 - 1 0 1 1 1 0 1 1 1 1 1 0 - 1 - 0 1 1 0 0 0 1 1 0 0 0 1 0 1 0 0 1 0 - 1 1 0 - 0 0 1 0 1 0 1 0 0 1 0 1 0 0 1 1 1 0 1 1 1 0 1 1 0 0 0 1 0 0 0 0 0 0 0 0 1 1 0 1 0 1 1 0 - 0 1 1 1 1 1 - 0 0 1 - 0 1 1
  297.7      NODE_5302_PO _11965      0 0 0 1 0 1 0 1 0 0 1 1 1 1 1 0 0 0 1 0 1 0 1 1 1 0 1 1 1 1 1 0 - 0 - 0 1 1 0 0 0 1 1 0 0 0 1 0 1 0 0 1 0 1 1 1 0 1 - 0 1 0 1 0 1 0 0 1 0 1 0 0 1 1 1 0 1 1 1 0 1 1 0 0 - 1 0 0 0 0 0 0 0 0 0 1 0 1 0 1 1 0 - 0 1 1 1 1 1 - 0 0 1 - 0 1 1
  302.7      NODE_4617_PO _9353       0 0 0 1 0 1 0 1 0 0 1 1 1 1 0 0 - 0 1 - 1 0 1 1 1 0 1 - 1 1 1 0 - 0 - 0 1 1 0 0 0 1 1 0 1 0 1 0 1 0 0 0 0 1 1 1 0 - - - 1 0 1 1 1 0 0 1 - 1 0 0 1 0 1 0 1 1 1 0 1 1 0 0 - 1 0 0 0 0 0 0 0 0 0 1 0 1 0 - 1 0 - 0 1 1 1 - 1 - 0 0 1 - 0 1 1
  307.7      NODE_1464_PO _4023       0 0 0 1 0 1 0 1 0 0 1 1 - 1 0 0 0 0 0 - 1 0 1 0 1 0 1 1 1 1 1 0 - - - 0 1 1 0 0 0 1 1 0 1 0 1 0 1 0 0 0 1 1 1 1 0 1 - 0 1 0 1 1 1 0 0 1 1 1 0 0 1 0 1 0 1 1 1 0 1 1 0 1 - 1 0 0 0 0 0 0 0 0 0 1 0 1 0 1 1 0 - 0 1 1 1 1 1 - 0 1 1 - 0 1 1
  309.6      NODE_4299_PO _15965      0 0 0 1 0 1 0 1 0 0 1 1 0 1 0 0 - 0 0 1 1 0 1 0 1 0 1 1 1 1 1 0 1 0 - 0 1 1 0 0 0 1 1 0 - 0 1 0 1 0 0 0 1 1 1 1 0 1 - - 1 0 1 1 1 0 0 1 1 1 0 0 0 0 1 0 1 1 1 0 1 1 0 1 - 1 0 0 0 0 0 0 0 0 0 1 0 0 0 1 1 0 - 0 1 1 1 1 1 - 0 1 1 - 0 1 1
  314.3      NODE_6756_PO _6805       0 0 0 1 0 1 0 1 0 0 1 1 0 1 0 0 1 0 0 1 1 0 1 0 1 0 1 1 1 0 1 0 1 0 - 0 1 1 0 0 0 1 1 0 1 0 0 0 1 0 0 0 1 1 1 1 0 - 0 1 1 0 1 1 - 0 0 1 1 1 0 0 0 0 1 0 1 0 1 0 1 1 0 1 0 1 1 0 0 0 0 0 0 0 0 1 0 0 0 1 1 0 - 0 1 0 1 1 1 - 0 1 1 - 0 1 1
  316.3      NODE_2030_PO _7161       0 0 0 1 0 1 1 1 0 0 1 1 0 1 0 0 1 0 0 - 1 0 1 0 1 0 1 1 1 0 1 - - 0 - 0 1 1 0 0 0 1 1 0 - 0 0 0 1 0 0 0 1 1 1 1 0 1 - - 1 0 1 1 1 0 0 1 1 1 0 0 0 0 1 0 1 0 1 0 1 1 0 1 - 1 1 0 0 0 0 0 0 0 0 1 0 0 0 1 0 0 - 0 1 0 1 - 1 - 0 1 1 - 0 1 1
  320.1      NODE_3725_PO _9069       0 0 0 1 0 1 1 1 0 0 1 1 0 1 0 0 1 0 0 1 1 0 1 0 1 1 1 1 1 0 1 0 1 0 - 0 1 1 0 0 0 1 1 1 1 0 0 0 1 0 0 0 1 1 1 1 0 1 - 1 1 0 1 1 1 0 0 0 1 1 0 0 0 0 1 0 1 0 1 0 1 1 0 1 - 1 1 1 0 0 0 0 0 0 0 1 0 0 0 1 0 0 - 0 1 0 1 1 1 - 0 1 1 - 0 1 1
  324.8      NODE_802_PO _41148       0 0 0 1 0 1 1 1 0 0 1 1 0 1 0 0 - 0 0 - 1 0 1 0 1 1 1 1 1 0 1 0 1 0 - 0 1 1 1 0 0 1 1 1 1 0 0 0 0 0 0 0 1 1 1 1 0 1 0 1 1 0 1 1 1 0 0 0 - 1 0 0 0 0 1 0 1 0 1 0 1 1 0 1 - 1 1 1 0 0 0 0 0 1 - 1 0 0 0 1 0 0 - 0 1 0 0 - 1 - 0 0 1 - 0 1 1
  325.8      NODE_2950_PO _3587       0 0 0 1 0 1 1 1 0 0 1 1 0 1 0 0 - 0 0 - 1 0 1 0 1 1 1 - 1 0 1 0 - 0 - 0 1 1 1 0 0 1 1 1 1 0 0 0 0 0 0 0 1 1 1 1 0 - - - 1 0 1 1 1 0 0 0 - 1 0 0 0 0 0 0 1 0 1 0 1 1 0 1 - 1 1 1 0 0 0 0 0 1 0 1 0 0 0 - - 0 - 0 1 0 0 1 1 - 0 0 1 - 0 1 1
  327.8      NODE_99_PO _64305        0 0 0 1 0 1 1 1 0 0 1 1 0 1 0 0 1 0 0 - 1 0 1 0 1 1 1 1 1 0 1 0 1 0 - 0 1 1 1 0 0 1 1 1 1 0 0 0 0 0 0 0 1 1 1 1 0 1 0 1 1 0 1 1 0 0 0 0 1 1 0 0 0 0 0 0 1 0 1 0 1 1 0 1 - 1 1 1 0 0 0 0 0 1 0 1 0 0 0 1 0 1 - 0 1 0 0 - 1 - - 0 1 - 0 1 1
  331.7      NODE_117_PO _63181       0 0 0 1 0 1 1 0 0 0 1 1 0 1 0 0 - 0 0 - 1 0 1 0 1 1 1 1 1 0 1 0 - 0 - 0 1 - 1 0 0 1 1 1 1 0 0 0 0 0 0 0 1 1 1 1 0 - - 1 - 0 1 1 0 0 1 0 - 1 0 0 0 0 0 0 1 0 1 0 1 1 0 1 - 1 1 1 0 0 0 0 0 1 0 1 0 0 0 0 0 1 - 1 1 0 0 1 1 - 0 0 1 - 0 1 1
  332.7      NODE_117_PO _80298       0 0 0 1 0 1 1 0 0 0 1 1 0 1 0 0 1 0 0 - 1 0 1 0 1 1 1 1 1 0 0 - 1 0 - 0 1 1 1 0 0 1 1 1 1 0 0 0 0 0 0 0 1 1 1 1 0 1 - 1 1 0 1 1 0 0 1 0 1 1 0 0 0 0 0 0 1 0 1 0 1 1 0 1 - 1 1 1 0 0 0 0 0 1 0 1 0 0 0 0 0 1 0 1 1 0 0 1 1 - 0 0 1 - 0 1 1
  335.6      NODE_909_PO _21242       0 0 0 1 0 1 1 0 0 0 1 1 - 1 0 0 - 0 0 - 1 0 1 0 1 1 1 1 1 0 0 - - 0 - 0 0 1 1 0 0 1 1 1 - 0 0 0 0 0 0 0 1 1 1 1 0 - - 1 0 0 1 1 0 0 1 0 1 1 0 0 0 0 0 0 1 0 1 0 1 1 0 0 - 1 1 1 0 0 0 0 0 1 0 1 0 0 0 0 0 1 - 1 1 0 0 1 1 - 0 0 1 - 0 1 1
  336.5      NODE_837_PO _7002        0 0 0 0 0 1 1 0 0 0 1 1 0 1 0 0 - 0 0 1 1 0 1 0 1 1 1 1 1 0 0 0 - 0 - 0 0 1 1 0 0 1 1 1 - 0 0 0 0 0 0 0 1 1 1 1 0 1 - - 0 0 1 1 0 0 1 0 - 1 0 0 0 0 0 0 1 0 1 0 1 1 0 0 - 1 1 1 0 0 0 0 0 1 0 1 0 0 0 0 0 1 - 1 1 0 0 1 1 - 0 0 1 - 0 1 1
  339.5      NODE_3548_PO _9463       0 0 0 0 0 1 1 0 0 0 1 1 0 1 0 0 - 0 0 - 1 0 1 0 1 1 1 1 1 0 0 0 - 1 - 0 0 - 1 0 0 1 1 1 1 0 0 - 0 0 0 0 1 1 - 1 0 1 - - 0 0 1 1 0 0 1 0 0 1 0 0 0 0 0 0 1 0 1 0 1 1 0 0 - 1 1 1 0 0 0 0 0 1 0 1 1 0 1 0 0 1 - 1 1 0 0 1 1 - 0 0 1 - 0 1 1
  340.5      NODE_1944_PO _19658      0 0 0 0 0 1 1 0 0 0 1 1 0 1 0 0 - 0 0 - 1 0 1 0 1 1 1 0 1 0 0 0 - 1 - 0 0 1 1 0 0 1 1 1 1 0 0 0 0 0 0 0 1 1 - 1 0 1 - - 0 0 1 1 0 0 1 0 0 1 0 0 0 0 0 0 1 0 1 0 1 1 0 0 - 1 1 1 0 0 0 0 0 1 0 1 1 0 1 0 0 1 - 1 1 0 0 1 1 - 0 0 1 - 0 1 1
  343.3      NODE_3987_PO _15693      1 0 0 0 0 1 1 0 0 0 1 1 0 1 0 0 1 0 0 - 1 0 1 0 1 1 1 0 1 0 0 0 - 1 - 0 0 1 1 0 0 1 1 1 1 0 0 0 0 0 0 0 1 1 1 1 0 1 0 - 0 0 1 0 0 0 1 0 0 1 0 0 0 0 0 0 1 0 1 0 1 1 0 0 - 1 1 1 0 0 0 0 0 1 0 1 1 0 1 0 0 1 0 1 1 0 0 1 1 - 0 0 1 - 0 0 1
  344.2      NODE_1072_PO _12524      1 0 0 0 0 1 1 0 0 0 1 1 - 1 0 0 - 0 0 - 1 0 1 0 1 1 1 0 1 0 0 0 - 1 - 0 0 1 1 0 0 1 1 1 - 0 0 0 0 0 0 0 1 1 1 1 0 - 0 - 0 0 1 0 0 0 1 0 - 1 0 0 0 0 0 0 1 0 1 0 1 1 0 0 0 1 1 1 0 0 0 0 0 1 0 1 1 0 1 0 0 1 - 1 0 0 0 1 1 - 0 0 1 - 0 0 1
  346.3      NODE_623_PO _47628       1 0 0 0 0 1 1 0 0 0 1 1 - 1 0 0 - 0 0 - 1 0 1 0 1 1 1 0 1 0 0 0 - 1 - 0 0 - 1 0 0 0 1 1 1 0 0 0 0 0 0 0 1 1 - 1 1 - - - - 0 1 0 0 0 1 0 - 1 0 0 0 0 0 0 1 0 1 0 1 1 0 0 - 1 1 1 0 0 0 0 0 1 0 1 1 0 1 0 0 1 - 1 0 0 0 1 1 - - 0 1 - 0 0 1
  347.3      NODE_623_PO _41164       1 0 0 0 0 1 1 0 1 0 1 1 0 1 0 0 1 0 0 - 1 0 1 0 1 1 1 0 1 0 0 0 - 1 - 0 0 1 1 0 0 0 1 1 - 0 0 0 0 0 0 0 1 1 1 1 1 1 0 - 0 0 1 0 0 0 1 0 0 1 0 0 0 0 0 0 1 0 1 0 1 1 0 0 0 1 1 1 0 0 0 0 0 1 0 1 1 0 1 0 0 1 - 1 0 0 0 1 1 - 0 0 1 - 0 0 1
  349.2      NODE_762_PO _17514       1 0 0 1 0 1 1 0 1 0 1 1 0 1 0 0 - 0 0 - 1 0 1 0 1 1 1 0 1 0 0 0 - 1 - 0 0 1 1 0 0 0 1 1 - 0 0 0 0 0 0 0 1 1 1 1 1 0 - - 0 0 1 0 0 0 1 0 0 1 0 0 0 0 0 0 1 0 1 0 1 1 0 0 0 1 1 1 0 0 0 0 0 1 - 1 1 0 1 0 0 1 - 1 0 0 0 1 1 - 0 0 1 - 0 0 1
  350.2      NODE_3500_PO _11269      1 0 0 1 0 1 0 0 1 0 1 1 - 1 0 0 - 0 0 - 1 0 1 0 1 1 1 0 1 0 0 - - 1 - 0 0 1 1 0 0 0 1 1 0 0 0 0 0 0 0 0 1 1 - 1 1 - - - 0 0 1 0 0 0 1 0 0 1 0 0 0 0 0 0 1 0 1 0 1 1 0 0 - 1 1 1 0 0 0 0 0 1 - 1 1 0 1 0 - 1 - 1 0 0 0 1 1 - 0 0 1 - 0 0 1
  357.2      NODE_1690_PO _10760      1 0 0 1 0 0 0 0 1 0 0 1 0 1 0 0 - 1 0 - 1 0 1 0 1 1 1 0 1 0 0 0 - 1 - 0 0 1 1 1 0 0 1 1 0 0 0 0 0 0 0 0 1 1 1 1 1 - - - 0 0 1 0 0 0 1 0 0 1 0 0 0 0 0 0 1 0 1 1 1 1 0 1 0 1 1 1 0 0 0 0 0 1 0 1 1 0 1 0 1 1 - 1 0 0 0 - 1 - 1 0 1 - 0 0 1
  359.1      NODE_2077_PO _26687      1 0 0 1 0 0 0 0 1 0 0 0 - 1 0 0 1 1 0 1 1 0 1 0 1 1 1 0 1 0 0 0 - 1 - 0 0 1 1 1 1 0 1 1 0 0 0 0 0 0 0 0 1 1 1 1 1 - 0 0 0 0 1 0 0 0 1 0 - 1 0 0 0 0 0 0 1 0 1 1 1 1 0 1 0 1 1 1 0 0 0 0 0 1 0 1 1 0 1 0 1 1 - 1 0 0 0 0 1 - 1 0 1 - 0 0 1
  366.7      NODE_1108_PO _28635      1 0 0 1 0 0 0 0 1 0 0 0 - 0 0 0 1 1 0 - 1 0 1 0 1 1 1 0 0 0 0 0 - 1 - 0 0 1 1 1 1 0 1 1 0 0 1 0 0 0 0 0 1 1 1 1 1 0 - 0 1 0 1 0 0 0 0 0 0 1 0 0 0 0 0 0 1 0 1 1 1 1 0 1 0 1 1 0 0 0 0 0 0 0 0 1 1 0 1 0 1 0 - 1 0 0 0 0 1 - 1 0 1 - 0 0 1
  376.0      NODE_583_PO _32567       1 0 0 1 0 0 0 0 1 0 0 0 - 0 1 0 - 1 0 - 1 0 1 0 1 0 1 0 0 0 0 0 - 1 - 0 1 1 1 1 1 0 1 1 0 0 1 0 0 1 0 0 1 1 0 1 1 0 - 0 1 0 1 0 0 0 0 0 0 1 0 0 0 0 0 0 1 1 1 1 1 1 0 1 0 1 1 0 0 0 0 1 0 0 0 0 1 0 1 1 1 0 - 1 0 0 0 0 1 - 1 1 1 - 0 0 1
  379.0      NODE_9208_PO _2238       1 0 1 1 0 0 0 0 1 0 0 0 - 0 1 0 - 1 0 - 1 0 1 0 0 0 1 0 0 0 0 0 - 1 - 0 1 1 1 1 1 0 1 1 0 0 1 0 0 1 0 0 1 1 0 1 1 - - - 1 0 1 0 0 0 0 0 - 1 0 0 0 1 0 0 1 1 1 1 1 1 0 1 - 1 1 0 0 0 0 1 0 0 0 0 1 0 1 1 1 0 - 1 0 0 0 - 1 - - 1 1 - 0 0 1
  382.0      NODE_1557_PO _22107      1 0 1 1 0 0 0 0 1 0 0 0 - 0 1 0 - 1 0 - 1 0 1 0 0 0 1 0 0 0 0 0 - - - 0 1 1 1 1 1 - 1 1 0 0 1 0 0 1 0 - 1 1 0 1 1 - - - - 1 1 0 0 1 0 0 - 1 0 0 0 1 0 0 1 1 1 1 1 1 0 1 - 1 1 0 0 0 0 1 0 0 0 0 1 0 1 1 0 0 - 1 0 0 0 0 1 - - 1 - - 0 0 1
  385.1      NODE_2855_PO _7221       1 0 1 1 0 0 0 0 1 0 0 0 0 0 1 0 1 1 0 - 1 0 1 0 0 0 1 0 0 1 0 0 - 0 - 0 1 1 1 1 1 0 1 1 0 0 1 0 0 1 0 0 1 1 0 1 0 - - 0 1 1 1 0 0 1 0 0 0 1 0 0 0 1 0 0 1 1 0 1 1 1 0 1 0 1 1 0 0 0 0 1 0 0 0 0 1 0 1 1 0 0 - 1 0 0 0 0 1 - 1 1 1 - 0 0 1
  388.0      NODE_3310_PO _7339       1 0 1 1 0 0 0 0 1 0 0 0 0 0 1 0 - 1 0 - 1 0 1 0 0 0 1 1 0 1 0 0 - - - 0 1 1 1 1 1 0 1 0 0 0 1 0 0 1 0 0 1 1 0 1 0 0 - - 1 1 1 0 0 1 0 0 - 1 0 0 0 1 0 0 1 1 0 1 1 1 0 1 - 1 1 1 0 0 0 1 0 0 - 0 1 0 1 1 0 0 - 1 0 0 0 0 1 - 1 1 1 - 0 0 1
  393.8      NODE_1188_PO _13536      1 0 1 1 0 0 0 0 1 0 0 0 0 0 1 0 1 1 0 - 1 0 1 0 0 0 1 1 0 1 1 0 - 0 - 0 1 1 1 1 1 0 1 0 0 0 1 0 0 1 0 0 1 1 0 1 0 0 - 0 1 1 1 0 0 1 0 0 0 1 0 0 0 1 0 0 1 1 0 1 0 1 0 1 - 1 1 1 0 0 0 1 0 0 0 0 1 1 0 1 0 0 - 1 0 0 0 0 1 - 1 1 1 - 1 0 0
  396.6      NODE_8948_PO _3133       1 0 1 1 0 0 0 0 1 0 0 0 0 0 1 0 1 1 0 1 1 0 1 0 0 0 1 1 0 1 1 0 0 0 - 0 1 1 1 1 1 0 1 0 0 0 1 0 0 1 0 0 1 1 0 1 0 0 - - 1 1 1 0 - 1 0 0 0 1 0 1 0 1 0 0 1 1 0 1 0 1 0 1 0 1 0 1 0 0 0 1 0 0 0 0 1 1 0 1 0 0 - 1 0 0 0 1 1 - 1 1 1 - 1 0 0
  405.0      NODE_4848_PO _2382       1 0 1 1 0 0 0 0 1 0 0 0 0 0 1 0 1 1 0 - 1 0 1 0 0 0 1 1 0 1 1 0 - 0 - 1 1 1 0 1 1 0 1 0 0 0 1 0 0 0 0 0 1 1 0 1 0 0 - 0 1 1 0 0 1 1 0 0 0 1 0 1 1 1 0 1 0 1 0 1 0 1 0 1 0 1 0 1 0 1 1 1 0 0 0 0 1 1 0 1 0 0 - 1 0 0 0 1 1 - 1 1 1 - 1 0 0
  419.2      NODE_2725_PO _20517      1 0 1 1 0 0 0 0 1 0 1 1 - 1 1 0 - 1 0 - 1 0 0 0 - 1 1 - 0 1 0 - - - - 1 1 - 0 0 1 - 1 0 0 0 1 0 0 0 1 - 1 1 0 0 0 0 - 0 1 1 0 0 1 1 0 0 - 1 0 1 1 1 1 1 0 1 0 1 0 1 0 1 - 1 0 1 0 1 1 1 0 0 0 - 1 1 0 1 - 0 - - 0 1 0 - 0 - 1 1 - - 1 1 0
  422.4      NODE_3708_PO _12322      1 0 1 1 0 0 0 0 1 0 1 1 - 1 1 0 - 1 0 - 1 0 0 0 0 1 1 1 0 1 0 1 - 0 - 1 1 1 0 0 1 0 0 0 0 0 1 0 0 0 1 0 1 1 0 0 0 1 - 0 1 1 0 0 1 1 0 0 0 1 0 1 1 1 1 1 0 1 0 1 0 1 0 1 0 1 0 1 0 1 1 1 0 1 0 0 1 1 0 1 0 0 - 1 0 1 0 1 0 - 1 1 1 - 1 1 0
  424.4      NODE_7473_PO _7439       1 0 1 0 0 0 0 0 1 0 1 1 - 1 1 0 - 1 0 - 1 1 0 0 0 1 1 1 0 1 0 1 - 0 - 1 1 - 0 0 1 0 0 0 - 0 1 0 0 0 1 0 1 1 0 0 0 1 - 0 1 1 0 0 1 1 0 0 - 1 0 1 1 1 1 1 0 1 0 1 0 1 0 1 - 1 0 1 0 1 1 1 0 1 0 0 1 1 0 1 0 0 - 1 0 1 0 - 0 - - 1 1 - 1 1 0
  425.4      NODE_1403_PO _8809       1 0 1 0 0 0 0 0 1 0 1 1 0 1 1 0 - 1 0 - 1 1 0 0 0 1 1 1 0 1 0 1 - 0 - 1 1 1 0 0 1 0 0 0 0 0 1 0 0 0 1 0 1 1 0 0 0 1 - - 1 1 0 0 1 1 0 0 0 1 0 1 1 1 1 1 0 1 0 1 0 1 0 1 - 1 0 1 0 1 1 1 0 1 0 0 1 1 0 1 0 0 - 1 1 1 0 1 0 - 1 1 1 - 1 1 0
