  0.0        NODE_4117_PO _13672      0 1 0 0 0 1 0 0 1 0 1 0 0 0 1 0 0 0 1 0 0 0 1 0 1 0 1 0 1 0 0 1 1 1 - 1 1 0 0 1 1 1 1 0 1 1 1 0 1 1 1 1 1 0 1 0 0 - - - 0 1 0 1 1 1 0 0 0 1 1 1 0 1 1 0 0 1 0 0 0 1 1 0 - 1 1 1 1 0 1 1 0 1 0 1 0 0 0 1 1 0 - 1 0 1 1 - 1 - 1 1 0 - 1 0 0
  9.4        NODE_2118_PO _1728       0 1 0 1 0 1 0 1 1 1 1 0 - 0 1 1 - 0 1 - 0 0 1 0 1 0 1 0 1 0 0 - - - - 1 1 - 1 1 1 1 1 0 - 1 1 - 0 1 1 1 1 0 1 0 0 - 1 - 0 0 0 1 1 1 0 0 0 1 1 1 0 0 1 0 0 1 0 0 0 1 1 0 - 1 1 1 1 1 1 1 0 1 0 1 0 0 0 1 1 0 - - 0 1 1 - 1 - - 1 0 - 1 0 0
  17.7       NODE_2455_PO _22303      0 1 0 1 0 1 0 1 1 1 1 0 - 0 1 1 0 0 1 - 0 0 1 0 1 0 1 0 1 0 1 1 - 1 - 1 1 0 1 1 1 1 1 0 1 1 1 0 0 1 1 1 1 0 1 0 0 - - 0 0 0 0 1 1 1 0 0 0 1 0 1 0 0 1 0 1 0 0 0 0 1 1 0 0 1 1 0 1 1 1 1 0 1 0 1 0 1 1 1 1 0 - 1 0 1 1 1 1 - 1 1 0 - 0 0 0
  19.6       NODE_4217_PO _14582      0 1 0 1 0 1 0 1 1 1 1 0 0 0 1 1 - 0 1 - 0 0 1 0 1 0 1 0 1 0 1 1 - 1 - 1 1 0 1 1 1 0 1 0 1 1 1 0 0 0 1 1 1 0 1 0 0 0 - 0 0 0 0 1 1 1 0 0 0 1 0 1 0 0 1 0 1 0 0 0 0 1 1 0 - 1 1 0 1 1 1 1 0 1 0 1 0 1 1 1 - 0 - 1 0 1 1 1 1 - 1 1 0 - 0 0 0
  21.5       NODE_2992_PO _13959      0 1 0 1 0 1 0 1 1 1 1 0 0 0 1 1 - 0 1 - 0 0 1 0 1 0 1 0 1 0 1 1 - 1 - 1 1 0 1 1 1 0 1 0 1 1 1 0 0 0 1 1 1 0 1 0 0 0 - 0 0 0 0 1 1 1 0 0 0 1 0 1 0 0 1 0 1 0 0 0 0 1 1 0 - 1 1 0 1 1 1 1 0 1 0 1 0 1 1 1 1 0 - 1 0 1 1 0 1 - 1 1 0 - 0 0 1
  33.7       NODE_1354_PO _26256      0 1 0 1 1 1 0 0 1 1 0 0 - 1 1 1 - 0 1 - 0 0 1 0 1 0 1 - 1 0 1 1 1 1 - 1 1 0 1 0 1 0 1 0 1 1 1 1 0 0 1 0 1 0 1 0 0 - - - 0 0 0 1 1 1 0 0 - 0 0 1 0 0 1 0 1 0 0 0 0 1 1 0 - 1 1 0 1 1 1 1 0 1 - 1 1 1 1 0 1 1 - 1 0 1 1 - 1 - 0 1 - - 0 0 1
  39.7       NODE_116_PO _54594       0 1 0 0 1 1 0 0 0 1 0 0 0 1 1 1 - 0 1 - 0 0 1 1 1 0 1 0 1 0 1 1 - 1 - 1 1 0 1 0 1 0 1 0 1 1 1 1 0 0 1 0 1 0 1 0 0 0 1 0 0 0 0 1 1 1 1 0 - 0 0 1 0 0 0 0 1 0 0 0 0 1 1 0 - 1 1 0 1 1 1 1 0 1 0 1 1 1 1 0 0 1 1 1 0 1 1 0 1 - 0 1 - - 0 0 1
  41.8       NODE_116_PO _42122       0 1 0 0 1 1 0 0 0 1 0 0 - 1 1 1 - 0 1 - 0 0 1 1 1 0 1 0 1 0 1 1 - 1 - 1 1 - 1 0 1 0 1 0 1 1 1 1 0 0 1 0 1 0 - 0 0 - - - - 0 0 1 1 1 1 0 - 0 0 1 0 0 0 0 1 0 0 0 0 1 1 0 - 0 1 0 1 1 1 1 0 1 0 1 1 1 1 0 - 1 - 1 0 0 1 - 1 - - 1 - - 0 0 1
  43.8       NODE_4450_PO _8014       0 1 0 0 1 1 0 0 0 1 0 0 - 1 1 1 1 0 1 0 0 0 1 1 1 0 1 0 1 0 1 1 - 1 - 1 1 0 1 0 1 0 1 0 1 1 1 1 0 0 1 0 1 0 1 0 0 0 - 0 0 0 0 1 1 1 1 0 0 0 0 1 0 0 0 0 1 0 0 0 0 1 1 0 0 0 0 0 1 1 1 1 0 1 1 1 1 1 1 0 0 1 1 1 0 0 1 0 1 - 0 1 1 - 0 0 1
  45.7       NODE_3034_PO _16687      0 1 0 0 1 0 0 0 0 1 0 0 - 1 1 1 1 0 1 - 0 0 1 1 1 0 1 0 1 0 1 1 1 1 - 1 1 0 1 0 1 0 1 0 1 1 1 1 0 0 1 0 1 0 1 0 0 0 - - 0 0 0 1 0 1 1 0 0 0 0 1 0 0 0 0 1 0 0 0 0 1 1 0 0 0 0 0 1 1 1 1 0 1 1 1 1 1 1 0 0 1 - 1 0 0 1 0 1 - 0 1 1 - 0 0 1
  46.6       NODE_3561_PO _16001      0 1 0 0 1 0 0 0 0 1 0 0 0 1 1 1 1 0 1 0 0 0 1 1 0 0 1 0 1 0 1 1 1 1 - 1 1 0 1 0 1 0 1 0 1 1 1 1 0 0 1 0 1 0 1 0 0 0 - 0 0 0 0 1 0 1 1 0 0 0 0 1 0 0 0 0 1 0 0 0 0 1 1 0 - 0 0 0 1 1 1 1 0 1 1 1 1 1 1 0 0 1 - 1 0 0 1 0 1 - 0 1 1 - 0 0 1
  48.6       NODE_11646_PO _223       0 1 0 0 1 0 0 0 0 1 0 0 0 1 1 1 - 0 1 0 0 0 1 1 0 0 1 0 1 0 1 1 - 1 - 1 1 0 - 0 1 - 1 0 - 1 1 1 0 0 1 0 1 0 - 0 0 - - 0 0 0 1 1 0 1 1 0 0 0 0 1 1 0 0 0 1 0 0 0 0 1 1 0 - 0 0 0 1 1 1 1 0 1 1 1 1 1 1 0 - 1 - 1 0 0 1 - 1 - - 1 - - 0 0 1
  51.8       NODE_3555_PO _17866      0 - 0 0 1 0 0 0 0 1 0 0 0 1 1 1 - 0 1 - 1 1 1 1 0 0 1 0 1 0 1 1 - 1 - 1 1 0 - 0 1 0 1 0 - 0 1 1 0 0 1 0 1 - 1 0 0 0 - - 0 0 1 1 0 1 1 0 - 0 0 1 1 0 0 0 1 0 0 0 0 1 1 0 - 0 0 0 1 1 1 1 0 1 1 1 1 1 1 0 0 1 - 1 0 0 1 0 1 - 0 1 1 - 0 0 1
  52.8       NODE_4306_PO _13066      0 1 0 0 1 0 0 0 0 1 0 0 0 1 1 1 - 0 1 - 1 1 1 1 0 0 1 0 1 0 1 1 - 1 - 1 1 0 0 0 1 0 1 0 1 0 1 1 0 0 1 0 1 0 1 0 0 0 - 0 0 0 1 1 0 1 1 0 0 0 0 1 1 0 0 0 1 0 0 0 0 1 1 0 - 0 0 0 - 1 1 1 0 1 1 1 1 1 1 0 0 1 - 1 0 0 1 0 1 - 0 1 1 - 0 1 1
  53.7       NODE_4306_PO _13018      0 1 0 0 1 0 0 0 0 1 0 0 0 1 1 1 - 0 1 - 1 1 1 1 0 0 1 0 1 0 1 1 - 1 - 1 1 0 1 0 1 0 1 0 1 0 1 1 0 0 1 0 1 0 1 0 0 0 - 0 0 0 1 1 0 1 1 0 0 0 0 1 1 0 0 0 1 0 0 0 0 1 1 0 - 0 0 0 1 1 1 1 0 1 1 1 1 1 1 0 0 1 - 1 0 0 1 0 1 - 0 1 1 - 0 1 1
  60.7       NODE_6409_PO _3673       0 1 0 0 1 0 0 0 0 1 0 0 - 1 0 1 - 0 1 - 1 1 1 1 0 0 1 0 1 0 1 1 - 1 - 1 1 0 1 0 1 0 1 0 1 0 1 1 0 0 1 0 1 1 0 0 0 - - - 0 0 1 1 0 1 1 0 1 0 0 0 1 0 0 0 1 0 0 0 0 - 1 0 - 0 0 0 1 1 1 1 0 1 0 0 1 1 1 0 0 1 - 1 0 - 1 - 1 - - 1 - - 0 1 1
  66.9       NODE_10897_PO _1194      0 1 0 0 0 0 0 0 0 1 0 0 - 1 0 1 0 0 0 1 1 1 1 1 0 0 1 0 1 1 1 1 - 1 - 1 1 0 1 0 1 0 1 0 - 0 1 1 0 0 1 0 1 1 0 0 0 - - 0 0 0 1 1 0 1 1 0 1 0 0 0 1 0 0 0 1 0 0 0 0 1 1 0 1 0 1 0 1 1 1 1 0 1 0 0 1 1 0 0 0 - - 1 0 0 1 1 1 - 0 1 1 - 0 1 0
  94.0       NODE_2438_PO _7897       0 1 0 1 0 1 0 1 0 1 0 0 1 1 0 1 - 0 0 - 1 1 1 1 1 1 1 0 0 1 1 1 - 0 - 1 1 0 1 1 0 0 1 0 1 0 1 1 0 1 1 0 1 1 0 0 1 0 - 0 0 1 1 1 0 1 1 1 - 0 0 0 0 1 1 0 1 0 1 0 1 1 1 1 - 1 1 1 0 1 1 1 1 0 - 0 1 1 0 0 - 1 - 1 0 1 1 1 1 - 0 1 1 - 0 1 0
  95.0       NODE_6567_PO _4845       0 1 0 1 0 1 0 1 0 1 0 0 1 1 0 1 - 0 0 0 1 1 1 1 1 1 1 0 0 1 1 1 - 0 - 1 1 - 1 1 0 0 1 0 1 0 1 1 0 1 1 0 1 1 0 0 1 - - 0 0 1 1 1 0 1 1 1 - 0 0 0 0 1 1 0 1 0 1 0 1 0 1 1 - 1 1 1 0 1 1 1 1 0 0 0 1 1 0 0 0 1 - 1 0 1 1 1 1 - 0 1 1 - 0 1 0
  95.9       NODE_3661_PO _749        0 1 0 1 0 1 0 1 0 1 0 0 1 1 0 1 0 1 0 0 1 1 1 1 1 1 1 0 0 1 1 1 0 0 - 1 1 0 1 1 0 0 1 0 1 0 1 1 0 1 1 0 1 1 0 0 1 0 1 0 0 1 1 1 0 1 1 1 1 0 0 0 0 1 1 0 1 0 1 0 1 0 1 1 1 1 1 1 0 1 1 1 1 0 0 0 1 1 0 0 0 1 - 1 0 1 1 1 1 - 0 1 1 - 0 1 0
  96.8       NODE_5184_PO _5576       0 1 0 1 0 1 0 1 0 1 0 0 1 1 0 1 - 1 0 - 1 1 1 1 1 1 1 0 0 1 1 1 0 0 - 0 1 0 1 1 0 0 1 0 1 0 1 1 0 1 1 0 1 1 0 0 1 0 1 0 0 1 1 1 0 1 1 1 1 0 0 0 0 1 1 0 1 0 1 0 1 0 1 1 1 1 1 1 0 1 1 1 1 0 0 0 1 1 0 0 0 1 - 1 0 1 1 1 1 - 0 1 1 - 0 1 0
  103.2      NODE_5688_PO _6153       0 1 0 1 0 1 0 1 0 1 0 0 - 1 0 1 - 1 1 - 1 0 1 1 1 1 1 0 0 1 1 - - - - 0 1 0 1 0 0 0 1 0 1 0 0 1 0 0 1 - 1 - - 0 1 - - - - 1 1 1 0 1 1 1 - 0 0 0 0 1 1 0 1 0 1 0 1 0 1 1 - 1 1 1 0 1 1 0 1 - 0 0 1 1 0 0 0 1 - 1 0 1 1 - 1 - - 1 1 - 0 1 0
  110.7      NODE_6731_PO _6572       0 1 0 1 0 0 0 1 0 1 0 0 - 1 0 1 - 1 1 - 1 0 1 1 1 1 0 0 0 1 1 1 - 1 - 0 1 0 1 0 0 0 1 0 - 0 0 1 0 0 1 0 1 1 - 0 1 - - - 0 1 1 1 0 1 1 1 1 0 0 0 0 1 0 0 1 0 1 0 1 1 1 1 - 1 1 1 0 1 1 0 1 1 0 1 0 1 0 0 0 1 - 1 0 1 1 - 1 - - 0 1 - 0 1 0
  115.6      NODE_6806_PO _9190       0 1 0 1 0 0 0 1 0 1 0 0 1 1 0 1 - 1 1 - 1 0 1 1 1 1 0 0 0 1 1 1 - 1 - 0 1 0 1 0 0 0 1 0 0 0 0 1 0 0 1 0 1 1 0 1 1 1 1 0 0 1 1 1 0 1 1 1 1 0 0 0 0 1 0 0 1 0 1 0 1 1 0 1 1 1 1 1 0 1 1 0 1 1 1 1 0 1 0 0 0 1 - 1 0 1 1 1 1 - 1 1 0 - 0 1 0
  121.3      NODE_311_PO _44645       0 1 0 1 0 0 0 1 0 1 0 0 - 1 0 1 1 1 1 - 1 0 1 1 1 1 0 0 0 1 0 1 - 1 - 0 1 0 1 0 0 0 1 0 0 0 0 1 0 0 1 0 1 1 0 1 1 1 - 1 0 1 1 1 0 1 1 1 0 0 0 1 0 1 0 0 1 0 1 0 1 1 0 1 1 0 1 1 0 1 1 0 1 1 1 1 0 1 0 0 - 1 0 1 0 1 0 1 1 - 1 1 0 - 0 1 0
  124.1      NODE_8684_PO _5611       0 1 0 1 0 0 0 1 0 1 0 0 - 1 0 1 1 1 1 0 1 0 1 1 1 1 0 0 0 1 0 1 - 1 - 0 1 0 1 0 0 0 1 0 0 0 0 1 0 0 1 0 1 1 0 1 1 - - - 0 1 1 1 0 1 1 1 - 0 0 1 0 1 0 0 1 0 1 1 1 1 0 1 - 0 1 1 0 0 1 0 1 1 1 1 0 1 0 0 0 1 0 1 0 1 0 1 1 - 1 1 0 - 0 1 1
  127.3      NODE_8013_PO _5308       0 1 0 1 0 0 0 1 0 1 0 0 - 1 0 1 - 1 1 - 1 0 1 1 1 1 0 0 0 1 0 - - 1 - 0 1 0 1 0 0 0 1 0 - 0 0 1 0 0 1 0 1 - 0 1 - 1 - - 1 1 1 1 0 1 1 1 - 0 0 1 0 1 0 0 1 0 1 1 0 - 0 1 - 0 1 0 0 0 1 0 1 1 - 1 0 1 0 0 - 1 - - 0 1 0 - 1 - 1 1 0 - 0 1 1
  134.6      NODE_62_PO _59116        0 1 0 0 0 0 0 1 0 1 0 0 0 1 0 1 1 1 1 0 1 0 1 1 1 1 0 0 0 1 0 1 1 1 - 0 1 0 1 0 1 0 1 0 0 0 0 1 0 0 0 0 0 1 0 1 1 1 - 1 1 1 1 1 0 1 1 1 0 0 0 1 1 1 0 0 1 0 1 1 0 1 0 1 0 0 0 0 0 0 1 0 1 1 1 1 0 1 0 0 0 1 0 1 0 1 0 1 1 - 1 1 0 - 1 1 1
  137.3      NODE_357_PO _32878       0 1 0 0 0 0 0 1 0 1 0 0 0 1 0 1 1 1 1 - 1 0 1 0 1 1 0 0 0 1 0 1 1 1 - 0 1 0 1 0 1 0 1 0 0 0 0 1 0 0 0 0 0 1 0 1 1 1 - 1 1 1 1 1 0 1 1 1 0 0 0 1 1 1 0 0 1 0 1 1 0 1 0 1 0 0 0 0 1 0 1 0 1 1 1 1 0 1 0 0 1 1 0 1 0 1 0 1 1 - 1 1 0 - 1 1 1
  148.0      NODE_814_PO _34748       0 - 0 0 0 0 1 1 0 1 0 1 - 1 0 1 - 1 1 - 1 0 1 0 1 1 0 0 0 1 1 1 0 1 - 0 1 0 0 0 1 0 1 0 - 0 0 - 0 0 0 - 0 1 - 1 - - - - 0 1 1 1 0 1 1 1 0 0 0 1 1 1 0 0 - 0 1 1 0 - 0 1 0 0 1 0 1 0 1 0 0 1 1 0 0 1 0 0 - 1 - - 0 1 0 - 1 - - 1 0 - 0 1 1
  154.4      NODE_1998_PO _19572      0 1 0 0 0 0 1 1 0 1 1 1 - 1 0 1 1 1 1 - 1 0 1 0 1 1 0 0 0 1 1 0 - 1 - 0 1 0 0 0 1 0 0 0 - 0 0 1 0 0 0 0 0 1 0 1 1 1 - - 0 1 1 1 0 1 0 1 0 0 0 1 1 1 1 0 1 0 1 1 1 1 0 1 0 0 1 0 1 0 1 0 0 1 1 0 0 1 0 0 - 1 - 1 0 1 0 1 1 - 1 1 0 - 0 1 1
  167.1      NODE_818_PO _8546        0 1 0 0 0 1 1 1 0 0 1 1 0 1 0 1 0 1 1 - 1 0 1 0 1 1 0 0 0 1 1 0 - 1 - 1 1 0 0 0 1 0 0 0 0 0 0 1 0 0 1 0 0 1 1 1 0 1 - - 0 1 1 0 0 1 0 1 - 0 0 0 1 1 1 0 1 1 1 1 1 0 1 1 - 0 1 0 1 0 1 0 0 1 1 0 1 1 0 0 1 1 - 1 0 1 0 1 1 - 1 1 0 - 0 1 1
  171.9      NODE_3146_PO _2048       1 0 0 0 0 1 1 1 0 0 0 1 - 1 0 1 0 1 1 - 1 0 1 0 1 1 0 0 0 1 1 0 - 1 - 1 1 0 0 0 1 0 0 0 0 0 0 1 0 1 1 0 0 1 1 1 0 1 - 1 0 1 1 0 0 1 0 1 0 0 0 0 1 1 1 0 1 1 1 1 1 0 1 1 1 0 1 0 1 0 1 0 0 1 1 0 1 1 0 0 1 1 - 1 0 1 0 1 1 - 1 1 0 - 0 1 0
  172.8      NODE_95_PO _78255        1 0 1 0 0 1 1 1 0 0 0 1 0 1 0 1 0 1 1 0 1 0 1 0 1 1 0 0 0 1 1 0 - 1 - 1 1 0 0 0 1 0 0 0 0 0 0 1 0 1 1 0 0 1 1 1 0 1 - - 0 1 1 0 0 1 0 1 0 0 0 0 1 1 1 0 1 1 1 1 1 0 1 1 1 0 1 0 1 0 1 0 0 1 1 0 1 1 0 0 1 1 - 1 0 1 0 1 1 - 1 1 0 - 0 1 0
  178.3      NODE_705_PO _39450       1 0 1 0 0 1 1 1 0 0 0 1 0 1 0 1 0 1 1 0 1 0 1 0 1 1 0 0 0 1 1 0 0 1 - 1 0 0 0 0 1 0 0 0 0 0 0 1 0 1 1 0 0 1 1 1 0 1 - 1 0 1 1 0 0 1 0 1 0 0 0 0 1 0 1 0 0 1 1 1 1 0 1 1 - 0 1 0 0 0 1 0 0 1 1 0 1 1 0 0 0 0 1 1 0 1 0 1 1 - 1 1 0 - 0 1 0
  182.3      NODE_1507_PO _9652       1 0 1 0 0 1 1 1 0 0 0 1 0 1 0 1 - 0 1 - 1 0 1 0 1 1 0 0 0 1 1 - - - - 1 0 - 0 0 1 - 0 0 0 0 0 1 1 1 1 0 0 - 1 1 0 1 - 1 - 1 1 0 0 1 0 1 - 0 0 0 1 0 1 0 0 1 - 1 1 0 1 1 - 0 1 1 0 0 1 0 0 1 1 0 1 1 0 0 0 0 - 1 0 1 0 1 1 - 0 1 0 - 0 1 0
  191.4      NODE_1717_PO _13469      1 0 1 0 1 1 1 1 0 0 0 1 0 1 0 1 0 0 1 0 1 0 1 0 1 1 0 0 0 1 1 0 - 1 - 1 0 0 0 0 1 0 0 1 0 1 0 1 1 1 1 0 0 1 1 1 0 1 - 1 0 1 1 0 0 1 0 0 0 0 0 0 1 0 1 0 0 1 0 1 1 0 0 0 1 0 1 1 0 0 1 0 0 1 1 0 1 1 0 0 0 0 1 1 0 1 0 1 0 - 0 0 0 - 0 0 0
  192.3      NODE_1169_PO _10065      1 0 1 0 1 1 1 1 0 0 0 1 0 1 0 1 0 0 1 - 1 0 1 0 1 1 0 0 0 1 1 0 0 1 1 1 0 0 0 0 1 0 0 1 0 1 0 1 1 1 1 0 0 1 1 1 0 1 0 1 0 1 0 0 0 1 0 0 0 0 0 0 1 0 1 0 0 1 0 1 1 0 0 0 - 0 1 1 0 0 1 0 0 1 1 0 1 1 0 0 0 0 1 1 0 1 0 1 0 - 0 0 0 - 0 0 0
  195.1      NODE_3579_PO _17586      1 0 1 0 1 1 1 1 0 0 0 1 0 1 0 1 0 0 1 - 1 0 1 0 1 1 0 0 0 1 1 0 - - - 1 0 0 1 0 1 0 0 1 0 1 0 1 1 1 1 0 0 1 1 1 0 1 0 - 0 1 0 0 0 1 0 0 0 0 0 0 1 0 1 0 0 1 0 1 1 0 0 0 - 0 1 1 0 0 1 0 0 1 0 0 1 1 0 1 0 0 1 1 0 1 0 - 0 - 0 0 0 - 0 0 0
  200.0      NODE_2257_PO _17592      1 0 1 0 1 1 1 1 0 0 0 1 - 0 0 1 - 0 1 - 1 0 1 0 1 1 0 1 0 1 1 0 - 1 - 1 0 0 1 0 1 0 0 1 - 1 0 1 1 1 1 0 0 1 1 1 0 - - - 0 0 0 0 0 1 0 0 0 0 0 0 1 0 1 0 0 1 0 1 1 0 0 0 1 0 1 1 0 0 1 0 0 1 0 0 1 1 1 1 0 0 1 1 0 0 0 - 0 - 0 0 0 - 0 0 0
  201.9      NODE_1012_PO _34859      1 0 1 1 1 1 1 1 0 0 0 1 - 0 0 1 0 0 1 - 1 0 1 0 1 1 1 1 0 1 1 0 - 1 - 1 0 0 1 0 1 0 0 1 1 1 0 1 1 1 1 0 0 1 1 1 0 1 - 1 0 0 0 0 0 1 0 - 0 0 0 0 1 0 1 0 0 1 0 1 1 0 0 0 - 0 1 1 0 0 1 0 0 1 0 0 1 1 1 1 0 0 - 1 0 0 0 0 0 - - 0 0 - 0 0 0
  204.8      NODE_1517_PO _11058      1 0 1 1 1 1 1 1 0 0 0 1 0 0 0 1 0 0 1 - 1 0 1 0 1 1 1 1 0 1 1 - - 1 - 0 0 0 1 0 1 1 0 1 1 1 0 1 1 1 1 0 0 1 1 1 0 1 - 1 0 0 0 0 0 1 0 0 0 0 0 0 1 0 1 0 0 1 0 1 1 0 0 0 - 0 0 1 0 0 1 0 0 1 0 0 1 1 1 1 0 0 - 1 0 0 0 0 0 - - 0 0 - 0 0 0
  207.7      NODE_112_PO _16749       1 0 1 1 1 1 1 1 0 0 1 1 0 0 0 1 - 0 1 - 1 0 1 0 1 1 1 1 0 1 0 0 - 1 - 0 0 0 1 0 1 1 0 1 - 1 0 1 1 1 1 0 0 1 1 1 0 1 - - 0 0 0 0 0 1 1 0 0 0 0 0 1 0 1 0 0 1 0 1 1 0 0 0 - 0 0 1 0 0 1 0 0 1 0 0 1 1 1 1 0 0 - 1 0 0 0 0 0 - 0 0 0 - 0 0 0
  208.6      NODE_190_PO _61304       1 0 1 1 1 1 1 1 0 0 1 1 0 0 0 1 0 0 1 - 1 - 1 0 1 1 1 1 0 1 0 0 - 1 - 0 0 1 1 0 1 1 0 1 1 1 0 1 1 1 1 0 0 1 1 1 0 1 - 1 0 0 0 0 0 1 1 0 0 0 0 0 1 0 1 0 0 1 0 1 1 0 0 0 1 0 0 1 0 0 1 0 0 1 0 0 1 1 1 1 0 0 - 1 0 0 0 0 0 - 0 0 0 - 0 0 0
  211.4      NODE_3304_PO _10863      1 0 1 1 1 1 1 1 0 0 1 1 0 0 0 1 - 0 1 - 1 0 1 0 1 0 1 1 0 1 0 0 - 1 - 0 0 1 1 0 1 1 0 1 1 1 0 0 1 1 1 0 0 1 1 1 - 1 - 1 0 0 0 0 0 1 1 0 0 0 0 0 1 0 1 0 0 1 0 1 1 0 0 0 1 0 0 1 0 0 1 0 0 1 0 0 1 0 1 1 0 0 0 1 0 0 0 0 0 - 0 0 0 - 0 0 0
  213.3      NODE_829_PO _546         1 0 1 1 1 1 1 1 0 0 1 1 0 0 0 1 0 0 1 - 1 0 1 0 1 0 1 1 0 1 0 0 - 0 - 0 0 1 1 0 1 1 0 1 1 1 0 0 1 1 1 0 0 0 1 1 0 1 - 1 0 0 0 0 0 1 1 0 0 0 0 0 1 0 1 0 0 1 0 1 1 0 0 0 1 0 0 1 0 0 1 0 0 1 0 0 1 0 1 1 0 0 - 1 0 0 0 0 0 - 0 0 0 - 0 0 0
  215.1      NODE_1207_PO _32738      1 0 1 1 1 1 1 1 0 0 1 1 - 0 0 0 0 0 1 0 1 0 1 0 1 0 1 1 0 1 0 0 0 0 - 0 0 1 1 0 1 1 0 0 1 1 0 0 1 1 1 0 0 0 1 1 0 1 - - 0 0 0 0 0 1 1 0 0 0 0 0 1 0 1 0 0 1 0 1 1 0 0 0 1 0 0 1 0 0 1 0 0 1 0 0 1 0 1 1 0 0 0 1 0 0 0 0 0 - 0 0 0 - 0 0 0
  221.0      NODE_204_PO _13518       - 0 1 1 1 1 1 1 0 0 1 1 - 0 0 0 0 0 1 - 1 0 1 0 1 0 1 1 0 1 0 1 - 0 - 0 0 1 1 1 0 1 0 0 1 1 0 0 1 1 1 0 0 0 - 1 1 - - - - 0 0 0 0 1 1 0 0 0 0 0 1 0 1 0 1 1 0 1 1 0 0 0 - 0 0 1 0 0 1 0 0 1 0 0 1 0 1 1 0 0 - 1 1 0 0 0 0 - 0 0 0 - 0 0 0
  223.0      NODE_366_PO _5373        1 0 0 1 1 1 1 1 0 0 1 1 0 0 0 0 0 0 1 - 1 0 0 0 1 0 1 1 0 1 0 1 - 0 - 0 0 1 1 1 0 1 0 0 1 1 0 0 1 1 1 0 0 0 1 1 1 - - 1 0 0 0 0 0 1 1 0 - 0 0 0 1 0 1 0 1 1 0 1 1 0 0 0 - 0 0 1 0 0 1 0 0 1 0 0 1 0 1 1 0 0 - 1 1 0 0 0 0 - - 0 0 - 0 0 0
  223.9      NODE_14_PO _38080        1 0 0 1 1 1 1 1 0 0 1 1 0 0 0 0 - 0 1 - 1 0 0 0 1 0 1 1 0 1 0 1 - 0 0 0 0 1 1 1 0 1 0 0 1 1 0 0 1 1 1 0 0 0 1 1 1 1 - 1 0 0 0 0 1 1 1 0 0 0 0 0 1 0 1 0 1 1 0 1 1 0 0 0 0 0 0 1 0 0 1 0 0 1 0 0 1 0 1 1 0 0 0 1 1 0 0 0 0 - 0 0 0 - 0 0 0
  230.5      NODE_14257_PO _250       1 0 0 1 1 1 1 1 0 0 1 1 0 1 0 0 - 0 1 - 1 0 0 0 1 0 1 1 0 1 0 1 - 0 - 0 1 0 1 1 0 1 0 0 1 1 0 0 1 1 1 0 0 0 1 1 1 1 - 1 0 0 0 0 1 1 1 0 - 0 0 0 1 0 1 1 1 1 0 1 1 0 0 0 - 0 0 1 0 0 1 0 0 0 0 0 1 0 1 1 0 0 - 0 1 0 0 0 0 - 0 0 0 - 0 1 0
  235.4      NODE_2667_PO _22455      1 0 0 0 1 1 1 1 0 0 1 1 - 1 0 0 - 0 1 - 1 0 0 0 1 0 1 1 0 1 0 1 - 0 - 0 1 - 1 1 0 1 0 0 - 1 0 0 1 0 1 0 0 0 - 1 1 1 - - 0 0 0 0 1 1 1 0 0 0 0 0 1 0 1 1 1 1 0 1 1 0 0 0 - 0 0 1 0 0 1 0 0 0 0 0 1 0 1 1 0 0 - 0 1 0 0 1 1 - 0 0 1 - 0 1 0
  240.3      NODE_3017_PO _5250       1 0 0 0 1 1 1 1 0 0 1 1 0 1 0 0 - 0 1 - 1 1 0 0 1 0 1 1 0 1 0 1 - 0 - 0 1 0 1 1 0 1 0 0 1 1 0 0 1 0 1 0 0 0 0 1 1 1 0 1 0 0 0 1 1 1 1 1 0 0 0 0 1 0 1 1 1 1 0 1 1 0 0 0 - 0 0 1 0 0 1 0 1 0 0 0 1 0 1 1 0 0 0 0 1 0 0 - 1 - 0 1 1 - 0 1 0
  247.9      NODE_1009_PO _10260      1 0 0 0 0 1 1 1 1 0 1 1 0 1 0 0 - 0 1 - 1 1 0 0 1 0 1 1 0 1 0 1 - 0 - 0 1 0 1 1 0 1 1 0 1 1 0 0 1 0 1 0 1 0 0 0 1 - - 1 0 0 0 1 1 1 1 1 0 0 0 0 1 0 1 1 1 1 0 1 1 1 0 0 - 0 0 1 0 0 1 0 1 0 0 0 1 0 1 0 0 0 - 0 1 0 0 0 1 - 0 1 1 - 0 0 0
  251.7      NODE_5065_PO _5031       1 0 0 0 0 1 1 1 1 0 1 1 0 1 0 0 0 0 1 - 1 1 0 0 1 0 1 1 0 1 0 1 - 0 - 0 1 0 1 1 0 1 1 0 - 1 0 0 1 0 1 0 1 0 0 0 1 1 - 0 0 0 0 1 1 1 1 1 0 0 0 0 1 0 1 1 1 0 0 1 1 1 0 0 0 0 0 1 1 0 1 0 1 0 0 0 1 0 0 0 - 0 - 0 1 0 0 0 1 - 0 1 1 - 0 0 0
  253.6      NODE_4028_PO _8255       1 0 0 0 0 1 1 1 1 0 1 1 0 1 0 0 - 0 1 - 1 1 0 0 1 0 1 1 0 1 0 1 - 0 - 0 1 0 1 1 0 1 1 0 1 1 0 0 1 0 1 0 1 0 0 0 1 1 - 0 0 0 1 1 1 1 1 1 0 0 0 0 1 0 1 1 1 0 0 1 1 1 0 0 - 0 0 0 1 0 1 0 1 0 0 0 1 0 0 0 0 0 - 0 1 0 0 0 1 - 0 1 1 - 0 0 0
  255.5      NODE_2357_PO _19179      1 0 0 0 1 1 1 1 1 0 1 1 0 1 0 0 0 0 1 - 1 1 0 0 1 0 1 1 0 1 0 1 - 0 - 0 1 0 1 1 0 1 1 0 1 1 0 0 1 0 1 0 1 0 0 0 1 - 0 0 0 0 1 1 1 1 1 1 0 0 0 0 1 0 1 1 1 0 0 1 1 1 0 0 - 0 0 0 1 0 1 0 1 0 0 0 0 0 0 0 0 0 0 0 1 0 0 0 1 - 0 1 1 - 0 0 0
  257.3      NODE_7664_PO _5545       1 0 0 0 1 1 1 1 1 0 0 1 - 1 0 0 - 0 1 - 1 1 0 0 1 0 1 1 0 1 0 1 - 0 - 0 1 0 1 1 0 1 1 0 1 1 0 0 1 0 1 0 1 0 0 0 1 1 - 0 0 0 1 1 1 1 1 1 0 0 0 0 1 0 1 1 1 0 1 1 1 1 0 0 0 0 0 0 1 0 1 0 1 0 0 0 0 0 0 0 0 0 - 0 1 0 0 0 1 - 0 1 1 - 0 0 0
  261.3      NODE_1143_PO _23325      1 0 0 0 1 1 1 1 1 0 0 1 0 1 0 0 0 0 1 - 1 1 1 0 1 0 1 0 0 0 0 1 - 0 - 0 1 0 1 1 0 1 1 0 - 1 0 0 1 0 1 0 1 0 0 0 1 - - 0 - 0 1 1 - 1 1 1 0 0 0 0 1 0 1 1 1 0 1 1 1 1 0 0 - 0 0 0 1 0 1 0 1 0 1 - 0 0 0 0 0 0 - 0 1 0 0 0 1 1 - 1 1 - 0 0 0
  262.3      NODE_9411_PO _4252       1 0 0 0 1 1 1 1 1 1 0 1 - 1 0 0 - 0 1 - 1 1 1 0 1 0 1 0 0 0 0 1 - 0 - 0 1 0 1 1 0 1 1 0 - 1 0 0 1 0 1 0 1 0 0 0 1 1 - - 0 0 1 1 1 1 1 1 0 0 0 0 1 0 1 1 1 0 1 1 1 1 0 0 0 0 0 0 1 0 1 0 1 0 1 1 0 0 0 0 0 0 - 0 1 0 0 - 1 - 0 1 1 - 0 0 0
  263.3      NODE_2704_PO _2095       1 0 0 0 1 1 1 1 1 1 0 1 0 1 0 0 - 0 1 - 1 1 1 0 1 0 1 0 0 0 0 1 - 0 - 0 1 0 1 1 0 1 1 0 1 1 0 0 1 0 1 - 1 0 0 0 1 1 - - 0 0 1 1 1 1 1 1 0 0 0 0 1 0 1 1 1 0 1 1 1 1 0 0 - 0 0 0 1 0 1 0 1 0 1 1 0 1 0 - 0 0 - 0 1 0 0 - 1 - 0 1 1 - 0 0 0
  267.3      NODE_3160_PO _8862       1 0 0 0 1 1 1 1 1 1 0 1 - 1 0 0 - 0 1 - 1 1 1 0 1 0 0 0 0 0 0 1 - 0 - 0 1 - 0 1 0 1 1 0 1 1 0 0 1 0 1 0 1 0 0 0 1 - - - 1 0 1 1 1 1 1 1 0 0 0 0 1 0 1 1 1 0 1 1 1 1 0 0 - 0 0 0 1 0 1 0 1 0 1 1 0 1 0 0 0 0 - 1 1 0 0 0 1 - 0 1 1 - 0 0 0
  268.3      NODE_918_PO _30862       1 0 0 0 1 1 1 1 1 1 0 1 - 1 0 0 - 0 1 - 1 1 1 0 1 1 0 0 0 0 0 1 - 0 - 0 1 0 0 1 0 1 1 0 1 1 0 0 1 0 1 0 1 - 0 0 1 1 0 - 1 0 1 1 1 1 1 1 0 0 0 0 1 0 1 1 1 0 1 1 1 1 0 0 0 0 0 0 1 0 1 0 1 0 1 1 0 1 0 0 0 0 - 1 1 - 0 0 1 - - 1 1 - 0 0 0
  269.2      NODE_918_PO _12095       1 0 0 0 1 1 1 1 1 1 0 1 0 1 0 0 0 0 1 - 1 1 1 0 1 1 0 0 0 0 0 - 0 0 0 0 1 0 0 1 0 1 1 0 1 1 0 0 1 0 1 0 1 0 0 0 1 1 - 0 1 0 1 1 1 1 1 1 0 0 0 0 1 0 1 1 1 0 1 1 1 1 0 0 1 0 0 0 1 0 1 0 1 0 1 1 0 1 0 0 0 0 0 1 1 0 0 - 1 - 0 1 1 - 0 0 0
  274.1      NODE_853_PO _476         1 0 0 0 1 1 1 0 1 1 0 1 - 1 0 0 - 0 1 - 1 1 1 0 1 1 0 0 0 0 0 0 - 0 - 0 1 0 0 1 0 1 1 0 - 1 1 0 1 0 1 0 1 0 0 0 1 1 - 0 1 0 1 1 1 1 1 1 0 0 0 0 1 0 1 1 0 0 1 1 1 1 0 0 0 0 0 0 1 0 1 0 1 1 1 1 0 1 0 0 0 0 - 1 1 0 0 0 1 - - 1 1 - 0 0 0
  282.3      NODE_5722_PO _7920       1 - 0 1 1 1 1 0 1 1 0 1 0 1 0 1 - 0 1 - 1 - 1 0 0 1 0 0 0 0 0 0 - 0 - 0 1 0 - 1 0 1 0 1 1 1 1 0 1 0 1 0 1 0 - 0 1 - - - 1 0 1 1 1 1 1 0 0 0 0 0 1 0 1 1 0 0 1 1 1 1 0 0 - 0 1 0 1 0 1 0 1 1 1 1 0 1 0 - 0 0 - 1 1 0 0 0 1 - 0 1 1 - 1 0 0
  283.3      NODE_2418_PO _16484      1 0 0 1 1 1 1 0 1 1 0 1 - 1 0 1 0 0 1 - 1 1 1 0 0 1 0 0 0 0 0 - - 0 - 0 1 0 0 1 0 1 0 1 1 1 1 0 1 0 1 0 1 0 0 0 1 - - 0 1 1 1 1 1 1 1 0 0 0 0 0 1 0 1 1 0 0 1 1 1 1 0 0 - 0 1 0 1 0 1 0 1 1 1 1 0 1 0 0 0 0 - 1 1 0 0 0 1 - 0 1 1 - 1 0 0
  286.2      NODE_389_PO _46531       1 1 0 1 1 1 1 0 1 1 0 1 - 1 0 1 - 0 1 - 1 1 1 0 0 1 0 0 0 0 0 - - 0 - 0 1 0 0 1 0 1 0 1 1 1 1 0 1 0 1 0 1 0 0 1 1 - - 0 1 1 1 1 1 1 1 0 - 0 0 0 1 0 1 1 0 0 1 1 1 1 0 0 - 0 1 0 1 0 0 0 1 1 1 1 0 1 0 0 0 0 - 1 1 0 0 - 1 - 0 1 1 - 1 0 0
  287.2      NODE_703_PO _45553       1 1 0 1 1 1 1 0 1 1 0 1 0 1 0 1 0 0 1 - 1 1 1 0 0 1 0 0 0 0 0 0 - 0 - 0 1 0 0 1 0 1 0 1 1 1 1 0 1 0 1 0 1 0 1 1 1 1 - 0 1 1 1 1 1 1 1 0 0 0 0 0 1 0 1 1 0 0 1 1 1 1 0 0 - 0 1 0 1 0 0 0 1 1 1 1 0 1 0 0 0 0 - 1 1 0 0 0 1 - 0 1 1 - 1 0 0
  292.9      NODE_94_PO _61879        1 1 0 1 1 1 1 0 1 1 0 1 1 1 0 1 - 0 1 - 1 1 1 0 0 0 0 0 0 0 0 0 - 0 - 0 1 1 0 1 0 1 0 1 1 1 1 0 1 0 1 0 1 0 1 1 1 1 - - 1 1 1 1 1 1 1 0 0 1 0 0 1 0 1 0 0 0 1 1 1 1 0 0 - 0 1 0 1 0 0 0 1 1 1 1 0 1 0 0 0 0 - 1 0 0 0 - 1 - 0 1 1 - 1 0 0
  295.7      NODE_52_PO _21230        1 1 0 1 1 1 1 0 1 1 0 1 1 1 0 1 0 0 1 - 1 1 1 0 0 0 0 0 0 0 0 0 - 0 - 0 1 1 0 1 0 1 0 1 1 1 1 0 1 0 0 0 1 0 1 1 1 1 - 0 1 1 1 1 1 0 1 0 0 1 0 0 1 0 1 0 0 0 1 1 1 1 0 0 1 0 1 0 1 0 0 0 1 1 0 1 0 1 0 0 0 0 - 1 0 0 0 0 1 - 0 1 1 - 1 0 0
  300.3      NODE_1021_PO _15756      1 1 0 1 0 1 1 0 1 1 0 1 1 1 0 1 - 0 1 1 1 1 1 0 0 0 0 0 0 0 0 0 - 0 - 0 1 1 0 1 0 1 0 1 1 1 1 0 1 0 0 0 1 0 - 1 1 1 - 0 1 1 1 1 1 0 1 0 0 1 0 0 1 0 1 0 0 0 1 0 1 1 0 0 1 0 0 0 1 0 0 0 1 1 0 1 0 1 0 0 1 0 - 1 0 0 0 0 1 - 0 0 1 - 1 0 0
  306.1      NODE_4509_PO _7254       1 1 0 1 0 1 1 0 1 1 0 1 - 1 0 1 - 0 1 - 1 1 1 0 0 0 0 0 0 0 0 0 - 0 - 0 0 - 0 1 0 1 0 1 1 1 1 0 1 0 0 0 1 0 1 1 1 1 - - 1 1 1 1 0 0 1 0 0 1 0 1 1 0 1 0 0 0 1 0 1 1 0 0 - 1 0 0 1 0 0 0 1 1 0 1 0 1 0 0 1 0 - 1 0 0 0 1 1 - 0 0 1 - 1 1 0
  316.8      NODE_1597_PO _31345      1 1 0 0 0 1 1 0 0 1 0 1 - 0 0 1 0 0 1 - 1 1 1 0 0 0 0 1 0 0 0 0 - 0 - 0 0 1 0 1 0 1 0 1 1 1 1 0 1 0 1 1 0 0 1 1 1 1 - 0 0 1 1 1 0 0 1 0 0 1 0 1 1 0 1 0 1 0 1 0 1 1 0 0 1 1 0 0 1 0 0 0 1 1 0 1 0 1 0 0 1 1 - 1 0 0 0 1 1 - 1 0 1 - 1 1 0
  319.8      NODE_788_PO _10373       1 1 1 0 0 1 1 0 0 1 0 1 1 0 0 1 - 0 1 1 1 1 1 0 0 0 1 1 0 0 0 - - 0 - 0 - - 0 1 0 1 0 1 - 1 1 0 1 0 1 1 0 - - 1 1 - - 1 0 1 1 1 0 0 1 0 0 1 0 1 1 0 1 0 1 0 1 0 1 1 0 0 - 1 0 0 1 0 0 0 1 1 0 - 0 1 0 0 - 1 - - 0 0 0 1 1 - 1 0 1 - 1 1 0
  326.3      NODE_163_PO _39152       1 1 1 0 0 1 1 0 0 1 0 1 0 0 0 0 - 0 0 - 1 1 1 0 0 0 1 1 0 0 0 0 - 0 - 1 0 - 0 1 0 1 0 1 - 1 1 0 1 0 1 1 0 0 - 1 1 - - - 0 1 1 1 0 0 1 0 - 1 0 1 1 0 1 0 1 0 1 0 1 1 0 0 - 1 0 0 0 0 0 0 1 1 - 1 0 1 0 0 1 1 - 0 0 0 0 - 1 - 1 0 0 - 1 1 0
  330.3      NODE_1273_PO _29542      1 1 1 0 0 1 1 1 0 1 0 1 - 0 0 0 - 0 0 1 1 1 0 0 0 0 1 1 0 0 0 0 - 0 - 1 0 1 0 1 0 1 0 1 1 1 1 0 1 0 1 1 0 0 1 1 1 1 - 1 0 1 1 1 0 0 1 0 0 1 0 1 1 0 1 0 1 0 1 0 1 1 1 0 1 1 0 0 0 0 0 0 1 1 0 1 0 0 0 0 1 1 - 0 0 0 0 1 1 - 1 0 0 - 1 1 0
  338.0      NODE_9741_PO _4068       1 1 1 0 0 1 1 1 0 1 0 1 0 0 0 0 - 0 0 - 1 1 0 0 0 0 1 1 0 0 0 0 - 0 - 1 0 1 1 1 0 1 0 1 1 1 0 0 1 0 0 1 0 0 1 1 - - - - 0 1 1 1 0 0 1 0 0 1 0 1 1 0 1 0 1 0 1 0 1 1 1 0 1 1 0 0 0 0 1 0 1 1 0 1 0 0 0 1 0 1 - 0 1 0 0 1 1 - 1 0 0 - 1 1 1
  346.6      NODE_6815_PO _1471       1 - 1 0 0 1 1 1 0 1 0 1 0 0 0 0 0 0 0 - 1 1 0 0 0 0 1 1 1 0 0 1 - 0 - 1 0 1 1 1 0 1 0 1 1 0 0 0 1 0 0 1 0 0 1 1 0 1 - 1 0 1 1 1 0 0 1 0 0 1 1 1 1 0 1 1 1 1 1 0 1 1 1 0 1 1 0 0 0 0 1 0 1 1 1 0 0 0 0 1 0 1 - 0 1 0 0 1 1 - 1 0 0 - 1 0 1
