  0.0        NODE_1171_PO _17507      1 0 0 0 0 1 1 1 0 1 1 1 - 1 1 0 - 0 0 - 0 0 1 0 1 1 1 0 0 1 1 0 1 0 - 1 0 0 1 1 0 0 1 1 - 1 1 1 0 1 1 1 0 0 0 0 1 - 1 0 1 1 0 0 0 0 0 0 1 1 1 0 0 1 1 0 1 1 0 0 1 1 0 0 1 1 0 1 0 1 1 0 0 0 0 1 0 1 1 0 1 0 - 0 1 0 0 - 1 - 0 0 1 - 0 1 0
  1.9        NODE_3505_PO _6469       1 0 0 0 0 1 1 1 0 1 1 1 1 1 1 0 0 0 0 - 0 0 1 0 1 1 1 0 0 1 1 0 - 0 - 1 0 0 1 1 0 0 1 1 0 1 1 1 0 1 1 1 0 0 0 0 1 0 - - 1 1 0 0 0 0 0 0 1 1 1 0 0 1 1 0 1 1 0 0 1 1 0 0 1 1 0 1 0 1 0 0 0 0 0 1 0 1 1 0 1 0 - 0 1 0 0 - 1 - 0 1 1 - 0 1 0
  7.2        NODE_3686_PO _7699       1 0 0 0 1 1 1 1 0 1 1 1 - 1 1 0 - 0 0 - 0 0 1 0 1 1 1 - 1 1 1 - - 0 - 1 0 - - 1 0 0 1 1 - 1 1 1 0 1 1 - 0 0 0 0 1 - - - 1 1 0 0 0 0 0 1 1 1 0 0 0 1 1 0 1 1 0 1 1 1 0 0 1 1 0 1 0 1 0 0 0 0 0 1 0 1 1 - - 0 - 0 1 0 0 1 1 - - 1 - - 0 1 0
  8.3        NODE_3240_PO _1883       1 0 0 0 1 1 1 1 0 1 1 1 - 1 1 0 0 0 0 - 0 0 0 0 1 1 1 0 1 1 1 0 - 0 - 1 0 0 1 1 0 0 1 1 0 1 1 1 0 1 1 1 0 0 0 0 1 1 - - 1 1 0 0 0 0 0 1 - 1 0 0 0 1 1 0 1 1 0 1 1 1 0 0 - 1 0 1 - 1 0 0 0 0 0 1 0 1 1 0 1 0 - 0 1 0 0 1 1 - 0 1 1 - 0 1 0
  9.3        NODE_5117_PO _3310       1 0 0 0 1 1 1 1 0 1 1 1 1 1 1 0 - 0 0 1 0 0 0 0 1 1 1 0 1 1 1 - - 0 - 1 0 0 1 1 0 0 1 1 - 1 1 1 0 1 1 1 0 0 - 0 1 1 - - 1 1 0 0 0 0 0 1 - 1 0 0 0 1 1 0 1 1 0 1 1 1 0 0 - 1 0 1 0 1 0 0 0 0 - 1 0 1 1 0 - 0 - 0 0 0 0 1 1 - - 1 1 - 0 1 0
  12.6       NODE_1044_PO _20413      1 0 0 0 1 1 1 1 0 1 1 1 - 1 1 0 - 0 0 - 0 0 0 0 1 1 1 0 1 - 1 0 - - - 1 0 - 1 1 0 0 1 1 0 1 0 1 0 1 1 - 0 0 1 0 - - - - 1 1 0 0 1 0 0 1 - 1 0 0 0 1 1 0 1 1 0 1 1 1 0 0 - 1 0 1 0 1 0 0 0 0 0 1 0 1 1 0 1 0 - 1 0 0 0 - 1 - 0 1 1 - 0 1 0
  18.7       NODE_8149_PO _2856       1 0 0 0 1 1 1 1 0 1 1 1 1 1 1 0 - 0 0 - 0 0 0 0 1 1 1 0 1 1 1 0 - 1 - 1 0 0 0 1 0 0 1 1 0 1 0 1 0 0 1 1 0 0 1 0 1 1 0 0 1 1 0 0 1 0 0 1 1 1 0 0 0 1 1 0 1 0 0 1 1 0 0 0 - 1 0 1 0 1 0 0 0 0 0 1 0 1 0 0 1 0 - 1 0 0 0 1 0 - 0 1 1 - 0 1 0
  19.6       NODE_1360_PO _27925      1 0 0 0 1 1 1 1 0 1 1 1 - 1 1 0 1 0 0 - 0 0 0 0 1 1 1 0 1 1 1 0 - 1 - 1 0 0 0 1 0 0 1 1 0 1 0 1 0 0 1 1 0 0 1 0 1 1 - 0 1 1 0 0 1 0 0 1 1 1 0 0 0 1 1 0 1 0 0 1 1 0 0 0 - 1 0 1 0 1 0 0 0 0 0 0 0 1 0 0 1 0 - 1 0 0 0 1 0 - 0 1 1 - 0 1 0
  21.5       NODE_1360_PO _10659      1 0 0 0 1 1 1 1 0 1 1 1 1 1 1 0 1 0 0 - 0 0 0 0 1 1 1 0 1 1 1 0 - 1 - 1 0 0 0 1 1 0 1 1 0 1 0 1 0 0 1 1 0 0 1 0 1 1 - 0 1 1 0 0 1 0 0 1 1 1 0 0 0 1 1 0 1 0 0 1 1 - 0 0 - 1 0 1 0 1 0 0 0 0 0 0 0 1 0 0 1 0 - 1 0 0 0 1 0 - 0 1 1 - 0 1 1
  24.5       NODE_185_PO _49444       1 0 0 0 1 1 1 1 0 1 1 1 - 1 1 0 - 0 0 - 0 0 0 0 1 1 1 0 1 0 1 0 - 1 - 1 0 0 0 1 1 0 1 1 - 1 0 1 0 0 1 1 0 0 1 0 1 1 0 - 0 1 0 0 - 0 0 1 1 1 0 0 0 1 1 0 1 0 1 1 1 0 0 0 0 1 0 1 0 1 0 0 0 0 0 0 0 1 0 0 1 - - 1 0 0 0 - 0 - - 1 - - 0 1 1
  27.6       NODE_7073_PO _8256       1 0 0 0 1 0 1 1 0 1 1 0 1 1 1 0 1 0 0 - 0 0 0 0 1 1 1 0 1 0 1 0 - 1 - 1 0 0 0 1 1 0 1 1 0 1 0 1 0 0 1 - 0 0 1 0 1 - - 0 0 1 0 0 1 0 0 1 1 1 0 0 0 1 1 0 1 0 1 1 1 0 0 0 - 1 1 1 0 1 0 0 0 0 0 0 0 1 0 0 1 0 - 1 0 0 0 1 0 - - 1 1 - 0 1 1
  29.5       NODE_1259_PO _23871      1 0 0 0 1 0 1 1 0 1 1 0 1 1 1 0 1 0 0 - 0 0 0 0 1 1 1 0 1 0 1 0 - 1 - 1 0 0 0 0 1 0 1 1 0 1 0 1 0 0 1 1 0 0 1 0 1 1 - - 0 1 0 0 1 0 0 1 - 1 0 0 0 1 1 0 1 0 1 1 1 0 0 0 - 1 1 1 0 0 0 0 0 0 0 0 0 1 0 0 1 0 - 1 0 0 0 - 0 - - 1 1 - 0 1 1
  30.5       NODE_1259_PO _36045      1 0 0 0 1 0 1 1 0 1 1 0 1 1 1 0 1 0 0 1 0 0 0 0 1 1 1 0 1 0 1 0 - 1 - 1 0 0 0 0 1 0 1 1 0 1 0 1 0 0 1 0 0 0 1 0 1 1 - 0 0 1 0 0 1 0 0 1 1 1 0 0 0 1 1 0 1 0 1 1 1 0 0 0 0 1 1 1 0 0 0 0 0 0 0 0 0 1 0 0 1 0 - 1 0 0 0 1 0 - 0 1 1 - 0 1 1
  33.2       NODE_1267_PO _33697      1 0 0 0 1 0 1 1 0 1 1 0 1 1 1 0 - 0 0 1 0 0 0 0 1 1 1 0 1 0 1 0 - 0 - 1 0 0 0 0 1 0 1 0 0 1 0 1 0 0 1 0 0 0 1 0 1 1 - - 0 1 0 0 1 0 0 1 1 1 0 0 0 1 1 0 1 0 0 1 1 0 0 0 0 1 1 1 0 0 0 0 0 0 0 0 0 1 0 0 1 0 - 1 0 0 0 1 0 - 0 1 1 - 0 1 1
  35.1       NODE_73_PO _39729        1 0 0 0 1 0 1 1 1 1 1 0 1 1 1 0 - 0 0 - 0 0 0 0 1 1 1 0 1 0 1 0 1 0 - 1 0 0 0 0 1 0 1 0 - 1 0 1 0 0 1 0 0 0 1 0 1 1 - 0 0 1 0 0 1 0 0 1 1 1 0 0 0 1 1 0 1 0 0 1 1 0 0 0 - 1 1 1 0 0 0 0 0 0 0 0 0 1 0 0 1 1 1 1 0 0 0 1 0 - 0 1 1 - 0 1 1
  37.0       NODE_73_PO _74636        1 0 0 1 1 0 1 1 0 1 1 0 - 1 1 0 1 0 0 - 0 0 0 0 1 1 1 0 1 0 1 0 - 0 - 1 0 0 0 0 1 0 1 0 0 1 0 1 0 0 1 0 0 0 1 0 1 1 - - 0 1 0 0 1 0 0 1 1 1 0 0 0 1 1 0 1 0 0 1 1 0 0 0 0 1 1 1 0 0 0 0 0 0 0 0 0 1 0 0 1 1 - 1 0 0 0 - 0 - 0 1 1 - 0 1 1
  39.9       NODE_1361_PO _5057       1 0 0 1 1 0 1 1 0 1 1 0 1 1 1 0 - 0 0 - 0 0 0 0 1 1 1 0 1 0 0 0 - 0 - 1 0 0 0 0 1 0 1 0 0 1 0 1 0 0 0 0 0 0 1 0 1 - - 0 0 1 0 0 1 0 0 1 1 1 0 0 0 1 1 0 1 0 0 1 1 0 0 0 - 1 1 1 0 0 0 0 0 0 0 0 0 1 0 0 1 1 - 1 0 0 1 1 0 - 0 1 1 - 0 1 1
  42.8       NODE_36_PO _119840       1 0 1 1 1 0 1 1 0 1 1 0 1 1 1 0 1 0 0 1 0 0 0 0 1 1 1 0 1 0 0 0 - 0 - 1 0 0 0 0 1 0 1 0 0 0 0 1 0 0 0 0 0 0 1 0 1 1 - 0 0 0 0 0 1 0 0 1 1 1 0 0 0 1 1 0 1 0 0 1 1 0 0 0 - 1 1 1 0 0 0 0 0 0 0 0 0 1 0 0 1 1 - 1 0 - 1 1 0 - 0 1 1 - 0 1 1
  47.6       NODE_115_PO _9845        1 0 1 1 1 0 1 1 0 1 1 0 1 1 1 0 - 0 0 - 0 0 0 0 1 1 1 0 1 0 0 1 - 0 - 1 0 0 0 0 1 0 1 0 0 0 0 1 0 0 0 0 0 0 - 0 1 - - 0 0 0 0 0 0 0 0 1 1 1 0 0 0 0 1 0 0 0 0 1 1 0 0 0 - 1 1 1 0 0 0 0 0 0 0 0 0 1 0 0 1 1 - 1 0 1 1 - 0 - 0 0 - - 0 1 1
  49.6       NODE_3126_PO _20029      1 0 1 1 1 0 1 1 0 1 1 0 - 1 1 1 1 0 0 - 0 0 0 0 1 1 1 0 1 0 0 1 - 0 - 1 0 0 0 0 1 0 1 0 0 0 0 1 0 0 0 0 0 0 1 0 1 - - - 0 0 0 0 0 0 0 1 1 1 0 0 0 0 1 0 0 0 0 1 1 0 0 0 0 1 1 1 0 0 0 0 0 0 - 0 0 1 0 0 1 1 1 0 0 1 1 1 0 - 0 0 1 - 0 1 1
  51.5       NODE_358_PO _17327       1 0 1 1 1 0 1 1 0 1 1 0 1 1 1 1 1 0 0 - 0 0 0 0 1 1 1 0 1 0 0 1 - 0 - 1 0 0 0 0 1 0 1 0 0 0 0 1 0 0 0 0 0 0 1 0 1 - - 0 0 0 0 0 0 0 0 1 1 1 0 0 0 0 1 0 0 0 0 1 1 0 0 0 - 1 1 1 0 0 0 0 0 0 0 0 0 1 1 0 - 1 - 0 0 1 1 1 0 - 1 0 1 - 0 1 1
  57.3       NODE_6414_PO _744        1 0 1 1 1 0 1 1 0 1 1 0 1 1 1 1 - 1 0 - 0 0 0 0 1 1 1 0 1 0 0 1 - 1 - 1 0 - 0 0 1 0 1 0 0 0 0 1 0 0 0 0 0 0 1 0 1 1 - 0 0 0 0 0 0 0 0 0 1 1 0 0 0 0 0 0 0 0 0 1 1 0 0 0 0 0 1 1 0 0 0 0 0 0 1 0 0 1 1 0 1 1 - 0 0 1 1 1 0 - 1 0 1 - 0 1 1
  60.0       NODE_141_PO _67419       1 0 1 1 1 0 1 1 0 1 1 1 1 1 1 1 - 1 0 - 0 0 0 0 1 1 1 0 1 0 0 1 - 1 - 1 0 0 0 0 1 0 1 0 0 0 0 1 0 1 0 0 0 0 1 0 1 1 - 0 0 0 0 0 0 0 0 0 1 1 0 0 0 0 0 0 0 1 0 1 1 0 0 0 0 0 1 1 0 0 0 0 0 0 1 0 0 1 1 0 1 1 1 0 0 1 1 1 0 - 1 0 1 - 0 1 1
  64.8       NODE_141_PO _10849       0 0 1 1 1 0 1 1 0 1 1 1 - 1 1 1 1 1 1 - 0 0 0 0 1 1 1 0 1 0 0 1 - 1 - 1 0 0 0 0 1 0 1 0 0 0 0 0 0 1 0 - 0 0 1 0 1 1 - 0 0 0 0 0 0 0 0 0 1 1 0 0 0 0 0 0 0 1 1 1 1 0 0 0 - 0 1 1 0 0 0 0 0 0 1 0 0 1 1 0 1 1 1 0 0 1 0 - 0 - 1 0 1 - 0 1 1
  68.5       NODE_80_PO _93066        0 0 1 1 0 0 1 1 1 1 1 1 1 1 1 1 1 1 1 0 0 0 0 0 1 1 1 0 1 0 0 1 1 1 - 1 0 0 0 0 1 0 1 0 0 0 0 0 0 1 1 1 0 0 1 0 1 1 - 0 0 0 0 0 0 0 0 0 1 1 0 0 0 0 0 0 0 1 1 0 1 0 0 0 0 0 1 1 0 0 0 0 0 0 1 0 0 1 1 0 1 1 - 0 0 1 0 1 0 - 1 0 1 - 0 1 1
  70.3       NODE_80_PO _15215        0 0 1 1 0 0 1 1 1 1 1 1 1 1 1 1 1 1 1 0 0 0 0 0 0 1 1 0 1 0 0 1 - 1 - 1 0 0 0 0 1 0 1 0 0 0 0 0 0 1 1 1 0 0 1 0 1 1 - 0 0 0 0 0 0 0 0 0 1 1 0 0 0 0 0 0 0 1 1 0 1 0 0 0 0 0 1 1 0 0 0 0 0 0 1 0 0 1 1 0 1 1 - 0 0 1 0 1 0 - 1 0 1 - 0 1 0
  71.2       NODE_485_PO _58503       0 0 1 1 0 0 1 1 1 1 1 1 1 1 1 1 - 1 1 - 0 0 0 0 0 1 1 0 1 0 0 1 - 1 - 1 0 0 0 0 1 0 1 0 0 0 0 0 0 1 1 1 0 0 1 0 1 1 - 0 0 0 0 0 0 0 0 0 1 1 0 0 0 0 0 1 0 1 1 0 1 0 0 0 0 0 1 1 0 0 0 0 0 0 1 0 0 1 1 0 1 1 - 0 0 1 0 1 0 - 1 0 1 - 0 1 0
  74.0       NODE_7591_PO _6227       0 0 0 1 0 0 1 1 1 1 1 1 - 1 0 1 1 1 1 0 0 0 0 0 0 1 1 0 1 0 1 1 - 1 - 1 0 0 0 0 1 0 1 0 0 0 0 0 0 1 1 1 0 0 1 0 1 1 0 0 0 0 0 0 0 0 0 0 1 1 0 0 0 0 0 1 0 1 1 0 1 0 0 0 0 0 1 1 0 0 0 0 0 0 1 0 0 1 1 0 1 1 - 0 0 1 0 1 0 - 1 0 1 - 0 1 0
  76.8       NODE_4666_PO _12138      0 0 0 1 0 0 1 1 1 1 1 1 - 1 0 1 1 1 1 - 0 0 0 0 0 1 1 0 1 0 1 1 - 1 - 1 0 0 0 0 1 0 1 0 0 0 0 0 0 1 1 1 0 0 1 0 1 - - 0 0 0 0 0 0 0 0 0 1 0 0 0 0 0 0 1 0 1 1 0 1 0 0 1 0 0 1 1 0 0 0 0 0 0 1 0 0 1 1 0 1 1 - 0 0 1 0 1 1 - 1 0 1 - 0 1 0
  83.4       NODE_17_PO _83919        0 0 0 0 0 0 1 1 1 1 1 1 1 1 0 1 - 1 1 - 0 1 0 0 0 1 1 0 1 0 1 1 - 1 - 1 0 1 0 0 1 1 1 0 0 0 0 0 0 1 1 1 0 0 1 0 1 1 - - 0 0 0 0 0 0 0 0 1 0 0 0 0 0 0 1 0 1 1 0 0 0 0 1 0 0 1 1 0 0 0 0 0 0 1 0 1 0 1 0 1 1 - 0 0 1 0 1 1 - 1 0 1 - 0 1 0
  88.2       NODE_7185_PO _2122       0 0 0 0 0 0 1 1 1 1 1 1 - 1 0 1 - 1 1 0 1 1 0 1 0 0 1 0 1 0 1 1 - 1 - 1 0 1 0 0 1 1 1 1 0 0 0 0 0 1 1 1 0 0 1 0 1 - - - 0 0 0 0 0 0 0 0 1 0 0 1 0 0 0 1 0 1 1 0 0 0 0 1 0 0 1 1 0 0 0 0 0 0 1 0 1 0 1 0 1 1 1 0 0 1 0 - 1 - 1 0 1 - 0 1 0
  92.1       NODE_4558_PO _1410       0 0 0 1 0 1 1 1 1 1 1 1 - 1 0 1 - 1 1 - 1 1 0 1 0 0 1 0 1 0 1 1 - 1 - 1 0 1 0 0 1 1 1 1 - 0 0 0 0 1 1 1 0 0 1 0 1 0 - 0 0 0 0 0 0 0 0 0 1 0 0 1 0 0 1 1 0 1 1 0 0 0 0 1 - 0 1 1 0 0 0 0 0 1 1 0 1 0 1 0 1 1 - 0 0 1 0 - 1 - 1 0 1 - 0 1 0
  94.1       NODE_7766_PO _776        0 0 0 1 0 1 1 1 1 1 1 1 - 1 0 1 - 0 1 - 1 1 0 1 0 0 0 0 1 0 1 1 - 1 - 1 0 1 0 0 1 1 1 1 - 0 0 0 0 1 1 1 0 0 1 0 1 - 0 0 0 0 0 0 0 0 0 0 - 0 0 1 0 0 1 1 0 1 1 0 0 0 0 1 - 0 1 1 0 0 0 0 0 1 1 0 1 0 1 0 - 1 - 0 0 1 0 1 1 - 1 0 1 - 0 1 0
  95.0       NODE_2182_PO _5466       0 - 0 1 0 1 1 1 1 1 1 1 1 1 0 1 1 0 1 0 1 1 0 1 0 0 0 0 1 0 1 1 1 1 - 1 0 1 0 1 1 1 1 1 0 0 0 0 0 1 1 1 0 0 1 0 1 0 0 0 0 0 0 0 0 0 0 0 - 0 0 1 0 0 1 1 0 1 1 0 0 0 0 1 - 0 1 1 0 0 0 0 0 1 1 0 1 0 1 0 1 1 - 0 0 1 0 1 1 - 1 0 1 - 0 1 0
  97.1       NODE_468_PO _53911       0 0 0 1 0 1 1 1 1 1 1 1 - 0 0 1 - 0 1 - 1 1 0 1 0 0 0 - 1 0 1 1 - 1 - 1 0 1 0 1 1 1 1 1 - 0 0 0 0 1 1 1 0 - 0 0 - - - 0 - 0 0 0 0 0 0 0 - 0 0 1 0 0 1 1 0 1 1 0 0 0 0 1 1 0 1 1 0 0 0 0 0 1 1 0 1 0 1 0 1 1 1 0 0 1 0 - 1 - - 0 1 - 0 1 0
  108.5      NODE_2809_PO _20059      0 1 1 1 0 1 1 1 1 0 1 1 1 0 0 1 1 0 0 0 1 1 0 0 0 0 0 1 1 0 1 1 - 1 - 1 0 1 0 1 1 1 1 0 0 0 0 1 0 0 1 1 0 0 0 0 0 0 - 0 0 0 0 0 0 0 0 0 1 0 0 1 0 1 1 1 0 1 1 0 0 0 0 1 - 0 1 1 0 0 0 0 0 1 0 0 1 0 1 0 1 1 - 0 0 1 0 1 1 - 1 0 0 - 0 1 0
  109.4      NODE_880_PO _4811        0 1 1 1 0 1 1 1 1 0 1 1 1 0 0 1 - 0 0 0 1 1 0 0 0 0 0 1 1 0 1 1 - 1 - 1 0 1 0 1 1 1 1 0 - 1 0 1 0 0 1 1 0 0 0 0 0 - - 0 0 0 0 0 0 0 0 0 1 0 0 1 0 1 1 1 0 1 1 0 0 0 0 1 - 0 1 1 0 0 0 0 0 1 0 0 1 0 1 0 1 1 - 0 0 1 0 - 1 - - 0 0 - 0 1 0
  111.4      NODE_880_PO _31933       0 1 1 1 0 1 1 1 1 0 1 1 - 0 0 1 - 0 0 - 1 1 0 0 0 0 0 1 1 0 1 1 - 1 - 1 0 1 0 1 1 1 1 0 0 1 0 1 0 0 1 1 0 0 0 0 0 0 - 0 1 0 0 0 0 0 0 0 1 0 0 1 0 1 1 0 0 1 1 0 0 0 0 1 1 0 1 1 0 0 0 0 0 1 0 0 1 0 1 0 1 1 - 0 0 1 0 1 1 - 1 0 0 - 0 1 0
  114.2      NODE_2143_PO _1855       0 1 1 1 0 1 1 1 1 0 1 1 1 0 0 1 - 0 0 - 1 1 0 0 0 0 0 1 1 0 1 1 - 1 - 1 0 - 0 1 1 1 1 0 - 1 0 1 0 0 1 1 0 0 0 0 0 0 - 0 1 0 0 0 0 0 1 0 1 0 0 1 0 1 1 0 0 1 1 0 0 0 0 1 1 0 1 1 0 0 0 0 0 1 0 0 1 0 1 0 1 1 - 0 0 1 0 1 1 - 1 0 0 - 1 0 0
  120.9      NODE_1555_PO _1661       0 1 1 1 0 1 1 1 1 0 1 1 1 0 1 1 - 0 0 - 1 1 0 0 0 0 0 1 1 0 1 0 - 1 - 1 0 1 0 1 1 0 1 0 0 1 0 1 0 0 1 1 0 0 0 0 0 0 - 0 1 0 0 1 0 0 1 0 1 0 0 0 0 1 1 0 0 1 1 0 0 0 0 1 - 0 1 1 0 0 0 0 0 1 0 0 1 1 1 0 1 1 - 0 1 1 0 1 1 - 1 0 0 - 1 0 0
  123.7      NODE_9458_PO _75         0 1 1 1 0 1 0 1 1 0 1 1 0 0 1 1 1 0 0 - 1 1 0 0 0 0 0 1 1 1 1 0 - 1 - 1 0 1 0 1 1 0 1 0 0 1 0 1 0 0 1 1 0 0 0 0 0 - - 0 1 0 0 1 0 0 1 0 1 0 0 0 0 1 1 0 0 1 1 0 0 0 0 1 - 0 1 1 0 0 0 0 0 1 0 0 1 1 1 0 1 1 - 0 1 1 0 1 1 - 1 0 0 - 1 0 0
  124.6      NODE_3295_PO _20633      0 1 1 1 0 1 0 1 1 0 1 1 - 0 1 1 1 0 0 - 1 1 0 0 0 0 0 1 1 1 1 0 1 1 - 1 0 1 0 1 1 0 1 0 0 1 0 1 0 0 1 1 0 0 - 0 0 - - 0 1 0 0 1 0 0 1 0 1 0 0 0 0 1 1 0 0 1 1 0 0 0 0 1 1 0 1 1 0 0 0 1 0 1 0 0 1 1 1 0 1 1 0 0 1 1 0 1 1 - 1 0 0 - 1 0 0
  125.6      NODE_58_PO _85403        0 1 1 1 0 1 0 1 1 0 1 1 - 0 1 1 1 0 0 - 1 1 0 0 0 0 0 0 1 1 1 0 - 1 - 1 0 1 0 1 1 0 1 0 0 1 0 1 0 0 1 1 0 0 0 0 0 - - - 1 0 0 1 0 0 1 0 1 0 0 0 0 1 1 0 0 1 1 0 0 0 0 1 - 0 1 1 0 0 0 1 0 1 0 0 1 1 1 0 1 1 - 0 1 1 0 1 1 - 1 0 0 - 1 0 0
  127.4      NODE_67_PO _10564        0 1 1 1 0 1 0 1 1 0 1 1 0 0 1 1 1 0 0 - 1 1 0 0 0 0 0 0 1 1 1 0 - 1 - 1 0 1 0 1 1 0 1 0 0 1 0 1 0 0 1 1 0 0 0 0 0 0 - 0 1 0 0 1 0 0 1 0 1 0 0 0 0 1 1 0 0 1 1 0 0 0 0 1 1 0 1 1 0 0 0 1 0 1 0 1 0 1 1 0 1 1 - 0 1 1 0 1 1 - 1 0 0 - 1 0 0
  128.4      NODE_67_PO _22923        0 1 1 1 0 1 0 1 1 0 1 1 0 0 1 1 - 0 0 - 1 1 0 0 0 0 0 0 1 1 1 0 - 1 - 1 0 1 0 1 1 0 1 0 0 1 0 1 0 0 1 1 0 0 0 0 0 0 - 0 1 0 0 1 0 0 1 0 1 0 0 0 0 1 1 0 0 1 1 0 0 0 0 1 - 0 1 1 0 0 0 1 0 1 0 1 0 1 1 0 1 1 - 0 1 1 0 1 1 - 1 0 0 - 1 0 1
  130.2      NODE_3279_PO _18902      1 1 1 1 0 1 0 1 1 0 1 1 0 0 1 0 1 0 0 0 1 1 0 0 0 0 0 0 1 1 1 0 1 1 - 1 0 1 0 1 1 0 1 0 0 1 0 1 0 0 1 1 0 0 0 0 0 0 0 0 1 0 0 1 0 0 1 0 1 0 0 0 0 1 1 0 0 1 1 0 0 0 0 1 1 0 1 1 0 0 0 1 0 1 0 1 0 1 1 0 1 1 - 0 1 1 0 1 1 - 1 0 0 - 1 0 1
  134.8      NODE_7561_PO _4540       1 1 1 1 0 1 0 1 1 0 1 1 0 0 1 0 - 0 0 - 1 1 0 0 0 0 0 0 1 1 1 0 - 1 - 1 0 1 0 1 1 0 1 0 0 0 0 1 0 0 1 1 0 0 1 0 0 0 - - 1 0 0 1 0 0 1 0 1 0 0 0 0 1 1 0 1 1 1 0 0 0 0 1 1 0 1 1 0 0 0 1 0 1 0 1 0 1 1 0 1 0 1 0 1 1 1 1 1 - 1 0 0 - 1 0 1
  140.7      NODE_2626_PO _9642       1 1 1 1 0 1 0 1 1 0 1 1 0 0 1 0 - 0 0 - 1 1 0 0 0 0 0 0 1 1 1 0 - - - 1 0 - 0 0 1 0 1 0 0 0 1 1 0 0 1 1 0 0 1 0 0 - - - 1 0 0 1 0 0 1 0 - 1 0 0 0 1 1 0 1 1 1 0 0 0 0 1 - 0 1 0 1 0 0 1 0 1 0 1 0 1 1 0 1 0 - 0 1 1 1 1 0 - - 0 0 - 1 0 1
  141.7      NODE_493_PO _28403       1 1 1 1 0 1 0 1 1 0 1 1 0 0 1 0 1 0 0 - 1 1 0 0 0 0 0 0 1 1 1 0 1 1 - 1 0 0 0 0 1 0 1 0 0 0 1 1 0 0 1 0 0 0 1 0 0 0 - 0 1 0 0 1 0 0 1 0 1 1 0 0 0 1 1 0 1 1 1 0 0 0 0 1 1 0 1 0 1 0 0 1 0 1 0 1 0 1 1 0 1 0 1 0 1 1 1 1 0 - 1 0 0 - 1 0 1
  142.6      NODE_3981_PO _254        1 1 1 1 0 1 0 1 1 0 1 1 0 0 1 0 1 0 0 0 1 0 0 0 0 0 0 0 1 1 1 0 - 1 - 1 0 0 0 0 1 0 1 0 0 0 1 1 0 0 1 0 0 0 1 0 0 - - 0 1 0 0 1 0 0 1 0 1 1 0 0 0 1 1 0 1 1 1 0 0 0 0 1 1 0 1 0 1 0 0 1 0 1 0 1 0 1 1 0 1 0 - 0 1 1 1 1 0 - 1 0 0 - 1 0 1
  143.6      NODE_2879_PO _11472      1 1 1 1 0 1 0 1 1 0 1 1 0 0 1 0 - 0 0 - 1 0 0 0 0 0 0 0 1 1 1 0 - 1 - 1 0 0 0 0 1 0 1 0 0 0 1 1 0 0 0 0 0 0 1 0 0 - - 0 1 0 0 1 0 0 1 0 1 1 0 0 0 1 1 0 1 1 1 0 0 0 0 1 1 0 1 0 1 0 0 1 0 1 0 1 0 1 1 0 1 0 - 0 1 1 1 1 0 - 1 0 0 - 1 0 1
  146.4      NODE_20_PO _35480        1 1 1 1 0 1 0 0 1 0 1 1 0 0 1 0 1 0 0 - 1 0 0 0 0 0 0 0 1 1 1 0 1 1 - 1 0 0 0 0 1 0 1 0 0 0 1 1 0 0 0 0 0 0 1 0 0 0 - 0 1 0 0 1 0 0 1 0 - 1 0 0 0 1 1 0 1 1 1 0 0 0 0 1 1 0 0 0 - 0 0 1 1 1 0 1 0 1 1 0 1 0 - 0 1 1 1 1 0 - 1 0 0 - 1 0 1
  149.2      NODE_6739_PO _5128       1 1 1 1 0 1 0 0 1 1 1 1 - 0 1 0 1 0 0 - 1 0 0 0 0 0 0 0 1 1 1 0 - 1 0 1 0 0 0 0 1 0 1 0 0 0 1 1 0 0 0 0 0 0 1 0 0 0 - - 1 0 0 1 0 0 1 0 1 1 0 0 0 1 1 0 1 1 1 0 0 0 0 1 1 0 0 0 1 1 0 1 1 1 1 1 0 1 1 0 1 0 - 0 1 1 1 1 0 - 1 0 0 - 1 0 1
  150.2      NODE_3274_PO _17137      1 1 1 1 0 1 0 0 1 1 1 1 1 0 1 0 - 0 0 - 1 0 0 0 0 0 0 0 1 1 1 0 - 1 - 1 0 0 0 0 1 0 1 0 0 0 1 1 0 0 0 0 0 0 1 0 0 0 - - 1 0 1 1 0 0 1 0 - 1 0 0 0 1 1 0 1 1 1 0 0 0 0 1 1 0 0 0 1 1 0 1 1 1 1 1 0 1 1 0 1 0 1 0 1 1 1 1 0 - 1 0 0 - 1 0 1
  151.1      NODE_3274_PO _8314       1 1 1 1 0 1 0 0 1 1 1 1 1 0 1 0 1 0 0 - 1 0 0 0 0 0 0 0 1 1 1 0 - 1 - 1 0 0 0 0 1 0 0 0 0 0 1 1 0 0 0 0 0 0 1 0 0 - - - 1 0 1 1 0 0 1 0 1 1 0 0 0 1 1 0 1 1 1 0 0 0 0 1 1 0 0 0 1 1 0 1 1 1 1 1 0 1 1 0 1 0 - 0 1 1 1 1 0 - 1 0 0 - 1 0 1
  156.8      NODE_5784_PO _3504       1 1 1 1 0 1 0 0 0 1 0 1 1 1 1 0 - 0 0 - 1 0 0 0 0 0 0 0 1 0 1 0 - 1 - 1 0 0 0 0 1 1 0 0 0 0 1 1 0 0 0 0 0 0 1 0 0 - - 0 1 0 1 1 0 0 1 0 1 1 0 0 0 1 1 0 1 1 1 0 0 0 0 1 - 0 0 0 1 1 0 0 1 1 1 1 0 1 1 0 1 0 - 0 1 1 1 1 0 - 1 0 0 - 1 0 1
  162.4      NODE_2970_PO _6967       1 1 1 1 0 1 0 0 0 1 0 1 1 1 1 0 - 0 0 - 1 0 0 0 0 0 0 0 1 0 1 0 - 1 - 1 0 0 0 1 1 1 0 0 0 0 1 1 0 0 0 0 0 1 1 0 0 0 - 0 1 0 1 0 0 0 1 0 1 1 0 0 0 1 1 0 0 1 1 0 0 0 0 1 - 0 0 0 1 1 0 0 1 1 1 1 0 0 1 0 1 0 - 0 1 1 1 1 0 - 1 0 0 - 1 1 1
  164.4      NODE_5231_PO _11518      1 1 1 1 0 1 0 0 0 1 0 1 - 1 1 0 - 0 0 - 1 0 0 0 0 0 0 0 1 0 1 0 - 1 - 1 0 - 0 1 1 1 0 0 - 0 1 1 1 0 0 0 0 - 1 0 0 - - - - 0 1 0 0 0 1 0 - 1 0 0 0 1 1 0 0 1 0 0 0 0 0 1 - 0 0 0 1 1 0 0 1 1 1 1 0 0 1 0 1 0 - 0 1 1 1 1 0 - 1 0 0 - 1 1 1
  165.4      NODE_5231_PO _13339      1 1 1 1 0 1 0 0 0 1 0 1 1 1 1 0 - 0 0 - 1 0 0 0 0 0 0 0 1 0 1 0 - 1 - 1 0 0 0 1 1 1 0 0 0 0 1 1 1 0 0 0 0 1 1 0 0 0 - 0 1 0 1 0 0 0 1 0 - 1 0 0 0 1 1 0 0 1 0 0 0 0 0 1 - 0 0 0 1 1 1 0 1 1 1 1 0 0 1 0 - 0 - 0 1 1 1 1 0 - 1 0 0 - 1 1 1
  167.3      NODE_9353_PO _1772       1 1 1 1 0 1 0 0 0 1 0 1 1 1 1 0 - 0 0 - 1 0 0 0 0 0 0 0 1 0 1 0 - 1 - 1 0 0 1 1 1 1 0 0 1 0 1 1 1 0 0 0 0 1 1 0 0 0 0 0 1 0 1 0 0 0 1 0 1 1 0 0 0 1 1 0 0 1 0 0 0 0 0 1 1 0 0 0 1 1 1 0 1 1 1 1 0 0 1 0 1 0 1 0 1 1 1 1 0 - 1 0 0 - 1 1 1
  173.1      NODE_9501_PO _391        1 1 1 0 0 1 0 0 0 1 0 1 1 1 1 0 - 0 0 - 1 0 0 0 0 1 0 0 1 0 1 - - 1 - 1 0 0 1 1 1 1 0 0 1 0 1 1 1 0 0 0 0 1 1 0 1 0 - 1 1 0 1 0 0 0 1 0 - 0 0 0 0 1 1 0 0 1 0 0 0 0 0 1 1 0 0 0 1 1 1 0 1 1 - 1 0 0 1 0 - - - 0 1 1 1 1 0 - - 0 0 - 1 1 0
  178.6      NODE_4356_PO _14535      1 1 1 0 0 1 0 0 0 1 0 1 - 1 1 1 - 0 0 - 1 0 1 0 0 1 0 0 1 0 0 0 - - - 1 0 - 1 1 1 1 0 0 - 0 1 1 1 0 0 0 0 - 1 0 1 - - - 1 0 1 0 0 0 1 0 - 0 0 0 - 1 - 0 0 1 0 0 1 0 0 1 - 0 0 0 1 1 1 0 1 1 1 1 0 0 1 0 - - - 1 1 1 1 - 0 - - 0 0 - 1 1 0
  181.8      NODE_2975_PO _17725      1 1 0 0 0 1 0 0 0 1 0 1 1 1 1 1 - 0 0 0 1 0 1 0 0 1 0 0 1 0 0 0 - 1 - 1 0 0 1 1 1 1 0 0 1 0 1 1 1 1 0 0 0 1 1 0 1 - - 1 1 0 1 0 0 0 1 0 1 0 0 0 0 1 1 0 0 1 0 0 1 0 0 1 - 1 0 0 1 1 1 0 1 1 1 1 0 0 1 0 1 0 1 1 1 1 1 0 0 - 1 0 0 - 1 1 0
  184.6      NODE_3842_PO _13558      1 1 0 0 0 1 0 0 0 1 0 1 1 1 0 1 - 0 0 - 1 0 1 0 0 1 1 0 1 0 0 0 - 1 - 1 0 0 1 1 1 1 0 0 1 0 1 1 1 1 0 0 0 1 1 0 1 0 - 1 1 0 1 0 0 0 1 0 1 0 0 0 0 1 1 0 0 1 0 0 1 0 0 1 - 0 0 0 1 1 1 0 1 1 1 1 0 0 1 0 1 0 - 1 1 1 1 0 0 - 1 0 0 - 1 1 0
  187.6      NODE_7960_PO _2112       1 1 0 0 0 1 0 0 0 0 0 1 - 1 0 1 - 0 0 - 1 0 1 0 0 1 1 0 1 0 0 0 - 1 - 1 0 0 1 1 1 1 0 0 1 0 1 1 1 1 0 0 0 1 1 0 1 0 - - 1 0 1 0 0 0 1 0 - 0 0 0 0 1 1 0 0 1 0 0 1 0 0 1 - - 0 0 1 0 1 0 1 1 1 1 0 0 1 1 1 0 - 1 1 1 1 - 0 - - 0 - - 1 1 0
  193.7      NODE_1571_PO _32405      1 1 0 0 0 0 0 0 0 0 0 1 1 0 0 1 - 0 0 - 1 0 1 0 0 1 1 0 1 0 0 - - 1 - 1 0 0 1 1 1 1 0 0 1 0 0 1 0 1 0 1 0 1 1 0 1 0 - - 1 0 1 0 0 0 1 0 - 0 0 0 1 1 1 0 0 1 0 0 1 0 0 1 - 0 0 0 1 0 1 0 1 1 1 - 0 0 1 1 1 0 - 1 1 1 1 0 0 - 1 0 0 - 1 1 0
  196.7      NODE_8021_PO _6450       1 1 0 0 0 0 0 0 0 0 0 1 - 0 0 1 1 1 0 - 1 0 1 0 0 1 1 0 1 0 0 0 - 1 - 1 0 0 1 1 1 1 0 0 1 1 0 1 0 1 0 1 0 1 - 0 1 - - - 1 0 1 0 0 0 1 0 1 0 0 0 1 1 1 0 0 1 0 1 1 0 0 1 - 0 0 0 1 0 1 0 1 1 1 1 0 0 1 1 1 0 - 1 1 1 1 0 0 - - 0 0 - 1 1 0
  198.6      NODE_9134_PO _4142       1 0 0 0 0 0 0 0 0 0 0 1 - 0 0 1 - 1 0 - 1 0 1 0 0 1 1 0 1 0 0 0 - 1 - 1 0 0 1 1 1 1 0 0 1 1 0 1 0 1 0 1 0 1 - 1 1 0 - - 1 0 1 0 0 0 1 0 - 0 0 0 1 1 1 0 0 1 0 1 1 0 0 1 - 0 0 0 1 0 1 0 1 1 1 1 0 0 1 1 1 0 0 1 1 1 1 - 0 - 1 0 0 - 1 1 0
  202.5      NODE_3311_PO _14731      1 0 0 0 0 0 0 0 0 0 1 1 - 0 0 1 1 1 0 - 1 0 1 0 0 1 1 0 1 0 0 0 - 1 - 1 0 0 1 1 1 1 0 0 1 1 0 1 0 1 0 1 0 0 1 1 1 0 - - 1 0 1 0 0 0 1 0 - 0 0 0 1 0 1 0 0 1 0 1 1 0 0 1 1 0 0 0 1 0 1 0 0 1 1 1 0 0 1 1 1 0 - 1 1 1 1 - 0 - 1 0 0 - 1 1 0
  205.7      NODE_9067_PO _4887       1 0 0 0 0 0 0 0 0 0 1 1 - 0 0 1 1 1 0 - 1 0 1 0 0 1 1 0 1 0 0 0 - 1 - 0 0 0 1 1 1 - 0 0 1 1 0 - 0 1 0 1 0 - 1 1 1 - - - - 0 1 0 0 0 1 0 - 0 0 0 1 0 1 0 0 0 0 1 1 0 0 1 - 0 0 0 1 - 1 0 0 1 1 0 0 0 1 1 - 0 - 1 1 - 1 - 0 - - 0 0 - 1 1 0
  207.8      NODE_6843_PO _2807       1 0 0 0 0 0 0 0 1 0 1 1 - 0 0 1 - 1 0 - 1 0 1 1 0 1 1 0 1 0 0 0 - 1 - 0 0 0 1 1 1 1 0 0 - 1 0 1 0 1 0 - 0 0 1 1 1 0 - 1 - 0 1 0 0 0 1 0 0 0 0 0 1 0 1 0 0 0 0 1 1 0 0 1 - 0 0 0 1 0 1 0 0 1 1 0 0 0 1 1 - 0 - 1 1 1 1 - 0 - - 0 0 - 1 1 0
  217.2      NODE_3473_PO _12225      1 0 0 0 0 0 0 0 1 0 1 1 1 0 0 1 - 1 0 - 1 0 0 1 0 1 1 1 1 0 0 - - 1 - 0 0 0 0 1 1 1 0 0 1 1 0 0 0 1 0 1 1 - 1 1 1 - - 1 0 0 1 0 0 0 1 0 - 1 0 0 1 0 0 0 0 0 0 1 1 0 0 1 - 0 0 0 0 0 1 0 0 1 1 0 0 0 1 1 1 1 - 1 1 1 1 - 0 - - 0 0 - 1 1 0
  219.1      NODE_298_PO _29758       1 0 0 0 0 0 0 0 1 0 1 1 1 0 0 1 1 1 0 - 1 0 0 1 0 1 1 1 1 0 0 0 - 1 - 0 0 0 0 1 1 0 0 0 1 1 0 0 0 1 0 1 1 - 1 1 1 0 - 1 0 0 1 0 0 0 1 0 0 1 0 1 1 0 0 0 0 0 0 1 1 0 0 1 - 0 0 0 0 0 1 0 0 1 1 0 0 0 1 1 1 1 - 1 1 1 1 - 0 - 1 0 0 - 1 1 0
  222.0      NODE_12887_PO _1201      1 0 0 0 0 0 0 0 1 0 1 1 1 0 0 1 1 1 0 - 1 0 0 1 0 1 1 1 1 1 0 0 - 1 - 0 0 0 0 1 1 0 0 0 1 1 0 0 0 1 0 1 1 0 1 1 1 - - 1 0 0 1 0 0 0 1 0 0 1 0 1 1 0 0 0 0 0 0 1 1 0 0 1 - 0 1 0 0 0 1 0 0 1 1 0 0 0 1 1 1 1 - 1 1 1 1 0 0 - 1 0 0 - 1 0 0
  224.9      NODE_2522_PO _8831       1 0 0 0 0 0 0 0 1 0 1 1 1 0 1 1 - 1 0 - 1 0 0 1 0 1 1 1 1 1 0 1 - 1 1 0 0 0 0 1 1 0 0 0 1 1 0 0 0 1 0 1 1 0 1 1 1 1 - - 0 0 1 0 0 1 1 0 - 1 0 1 1 0 0 0 0 0 0 1 1 0 0 1 - 0 1 0 0 0 1 0 0 1 1 0 0 0 1 1 1 1 0 1 1 1 1 - 0 - 1 0 0 - 1 0 0
  226.8      NODE_512_PO _5463        1 0 0 0 0 0 0 0 1 0 0 1 1 0 1 1 - 0 0 - 1 0 0 1 0 1 1 1 1 1 0 1 - 1 - 0 0 0 0 1 1 0 0 0 1 1 0 0 0 1 0 1 1 - 1 1 1 1 - 1 0 0 1 0 0 1 1 0 0 1 0 1 1 0 0 0 0 0 0 1 1 0 0 1 - 0 1 0 0 0 1 0 0 1 - 0 0 0 1 1 1 1 - 1 1 1 1 0 0 - 1 0 0 - 1 0 0
  229.8      NODE_2340_PO _554        1 0 0 0 0 0 1 0 1 0 0 1 - 0 1 1 1 0 0 - 1 0 0 1 0 1 1 1 1 1 0 1 - 1 - 0 0 0 0 1 1 0 0 0 - 1 0 0 0 1 0 1 1 - 1 1 1 - - 1 - 0 1 0 0 1 1 0 0 1 0 1 1 0 0 0 0 0 0 1 1 0 0 1 - 1 1 0 0 0 1 0 0 1 - - 0 0 1 1 1 1 - 1 1 1 1 - - - 1 0 0 - 1 0 1
  236.0      NODE_1136_PO _30907      1 0 0 1 0 0 1 0 1 0 0 1 - 0 1 1 - 0 0 - 1 0 0 0 0 1 1 1 1 1 0 1 1 1 - 0 0 0 0 1 1 0 0 0 0 1 0 0 0 1 0 1 0 0 1 1 1 1 - - 0 0 1 0 0 1 1 0 0 1 1 1 1 0 0 0 0 0 0 1 1 0 0 1 1 1 1 0 0 0 0 0 0 1 1 0 0 1 1 1 1 1 0 1 1 1 1 - 0 - 1 0 0 - 1 0 1
  236.9      NODE_1552_PO _33554      1 0 0 1 0 0 1 0 1 0 0 1 - 0 1 1 - 0 0 0 1 0 0 0 0 1 1 1 1 1 0 1 - 1 - 0 0 0 0 1 1 0 0 0 - 1 0 0 0 1 0 1 0 0 1 0 1 1 0 1 0 0 1 0 0 1 1 0 0 1 1 1 1 0 0 0 0 0 0 1 1 0 0 1 - 1 1 0 0 0 0 0 0 1 1 0 0 1 1 1 1 1 0 1 1 1 1 0 0 - 1 0 0 - 1 0 1
  241.7      NODE_11078_PO _502       1 0 1 1 0 0 1 0 1 0 0 1 - 0 1 1 - 0 0 - 1 0 0 0 0 1 1 1 1 1 0 1 - 1 - 0 0 0 0 1 1 0 0 0 0 1 0 0 0 1 0 1 0 0 1 0 1 - - 1 0 0 1 0 0 1 0 0 0 1 1 1 1 0 0 0 0 0 0 1 1 1 0 1 - 1 0 0 0 0 0 0 0 1 1 0 0 1 1 1 0 1 - 1 1 1 1 0 0 - 1 0 0 - 1 0 1
  245.6      NODE_819_PO _35166       1 0 1 1 0 0 1 0 1 0 0 1 - 0 1 1 - 0 0 - 1 0 0 0 0 1 1 1 1 1 0 1 - 1 - 0 0 0 1 1 1 0 0 0 0 1 0 0 0 1 0 1 0 0 1 0 1 - 0 - 0 0 1 0 0 1 0 0 - 1 1 1 1 0 0 0 - 0 0 1 1 1 0 0 - 1 0 0 0 0 0 1 0 1 1 0 0 1 1 1 0 1 0 1 1 1 1 - 0 - 1 0 0 - 0 0 1
  251.4      NODE_7955_PO _234        1 0 1 1 0 0 1 0 1 0 0 1 1 0 1 1 1 0 1 - 1 0 0 0 0 1 1 1 1 1 0 1 - 1 - 0 0 0 1 1 1 0 1 0 0 1 0 0 0 1 0 0 0 0 1 0 1 1 0 1 0 0 1 0 0 1 0 0 0 1 1 1 1 0 0 0 0 0 0 0 1 1 0 0 - 1 0 0 1 0 0 1 0 0 1 0 0 1 1 1 0 1 0 1 1 1 1 0 0 - 1 0 0 - 0 0 1
  252.4      NODE_41_PO _57549        1 0 1 1 0 0 1 0 1 1 0 1 1 0 1 1 - 0 1 - 1 0 0 0 0 1 1 1 1 1 0 1 - 1 - 0 0 0 1 1 1 0 1 0 0 1 0 0 0 1 0 0 0 0 - 0 1 - - 1 0 0 1 0 0 1 0 0 0 1 1 1 1 0 0 0 0 0 0 0 1 1 0 0 - 1 0 0 1 0 0 1 0 0 1 0 0 1 1 1 0 1 - 1 1 1 1 0 0 - 1 0 0 - 0 0 1
  255.2      NODE_10387_PO _2922      1 0 1 1 0 0 1 0 1 1 0 1 1 0 1 1 - 0 1 0 1 0 0 0 0 1 1 1 1 1 0 1 - 1 - 0 0 0 1 1 1 0 1 0 1 1 0 0 0 1 0 0 0 0 1 0 1 1 - 1 0 0 1 0 0 1 0 0 0 1 1 1 1 0 0 0 0 0 0 0 1 1 1 0 1 1 0 0 1 0 0 1 0 0 1 0 0 1 1 1 0 1 - 1 1 1 0 0 0 - 1 0 0 - 0 0 1
  257.1      NODE_3610_PO _8564       1 0 1 1 0 0 1 0 1 1 0 1 - 0 1 1 1 0 1 - 1 0 0 0 0 1 1 1 1 1 0 1 - 1 - 0 0 0 1 1 1 0 1 0 1 1 0 1 0 1 0 0 0 0 - 1 1 1 - 1 0 0 1 0 0 1 0 0 0 1 1 1 1 0 0 0 0 0 0 0 1 1 1 0 - 1 0 0 1 0 0 1 0 0 1 0 0 1 1 1 0 1 0 1 1 1 0 0 0 - - 0 0 - 0 0 1
  258.0      NODE_8018_PO _2655       1 0 1 1 0 0 1 0 1 1 0 1 1 0 1 1 1 0 1 0 1 0 0 0 0 1 1 1 1 1 0 1 1 0 - 0 0 0 1 1 1 0 1 0 1 1 0 1 0 1 0 0 0 0 1 1 1 1 - 1 0 0 1 0 0 1 0 0 0 1 1 1 1 0 0 0 0 0 0 0 1 1 1 0 - 1 0 0 1 0 0 1 0 0 1 0 0 1 1 1 0 1 0 1 1 1 0 0 0 - 1 0 0 - 0 0 1
  261.7      NODE_464_PO _17729       1 0 1 1 0 0 1 0 1 1 0 1 1 0 1 1 1 0 1 - 1 0 0 0 0 1 0 1 1 1 0 1 - 0 - 0 0 0 1 1 1 1 1 0 1 0 0 1 0 1 0 0 0 0 1 1 1 1 0 1 0 0 1 0 0 1 0 0 0 1 1 1 1 0 0 0 0 0 0 0 1 1 1 0 1 1 0 0 1 0 0 1 0 0 1 0 0 1 1 1 0 1 - 1 1 1 0 0 0 - 1 1 0 - 0 0 1
  268.3      NODE_4517_PO _8402       1 0 1 1 0 0 1 0 1 1 0 1 - 1 1 1 1 0 1 - 1 0 0 0 0 1 0 0 1 1 0 0 - 0 - 0 0 1 1 1 1 1 1 0 1 0 0 1 0 1 0 0 0 1 1 1 1 1 - - 1 0 1 0 0 1 0 0 0 1 1 1 1 0 1 0 0 0 0 0 1 - 1 0 1 1 0 0 1 0 0 1 0 0 1 - 0 1 1 1 0 1 - 1 1 1 0 0 0 - 1 1 0 - 0 0 1
  273.2      NODE_511_PO _28462       1 0 1 1 0 0 1 0 1 0 0 0 - 1 1 1 - 0 1 - 1 0 0 0 0 1 0 0 1 1 0 0 - 0 - 0 0 1 1 1 1 1 1 0 - 0 0 1 0 1 0 0 0 1 1 1 1 1 0 - 1 0 1 0 0 1 0 0 0 0 1 1 1 0 1 0 0 0 0 0 0 0 1 0 - 1 0 0 1 0 0 1 0 0 1 0 1 1 1 1 0 1 - 1 1 1 0 0 0 - 1 1 0 - 0 0 1
  274.2      NODE_511_PO _44015       1 0 1 1 0 0 1 0 1 0 0 0 - 1 1 1 - 0 1 - 1 0 0 0 0 1 0 0 1 1 0 0 - 0 - 0 0 1 1 1 1 1 1 0 1 0 0 1 0 1 0 0 0 1 1 1 1 1 - 1 1 0 1 0 0 1 0 0 0 0 1 1 1 0 1 0 0 0 0 0 0 0 1 0 - 0 0 0 1 0 0 1 0 0 1 0 1 1 1 1 0 1 0 1 1 1 0 0 0 - 1 1 0 - 0 0 1
  276.1      NODE_4098_PO _12331      1 0 1 1 0 0 1 0 1 0 0 0 1 1 1 1 1 0 1 - 1 0 0 0 0 1 0 0 1 1 0 0 - 0 - 0 0 1 1 1 1 1 1 0 1 0 0 1 0 1 0 0 0 1 0 1 1 - - 1 1 0 1 0 0 1 0 0 - 0 1 1 1 0 1 0 0 0 0 0 0 0 1 0 - 0 0 0 1 0 0 1 0 0 1 0 1 1 0 1 0 1 - 1 1 1 0 0 0 - 1 1 0 - 0 0 1
  280.8      NODE_7405_PO _6385       0 0 1 1 0 0 1 0 1 0 0 0 1 1 1 1 - 0 1 - 1 0 0 0 0 1 0 0 1 1 0 0 - 0 - 0 0 1 1 1 1 1 1 0 1 0 0 1 0 1 0 0 1 1 0 1 0 1 0 1 1 0 1 0 0 1 0 0 0 0 0 1 1 0 1 0 0 0 0 0 0 0 1 0 - 0 0 0 1 0 0 1 0 0 1 0 1 1 0 1 0 1 - 0 1 1 0 0 0 - 1 1 0 - 0 0 1
  281.7      NODE_6701_PO _4163       0 0 1 1 0 0 1 0 1 0 0 0 - 1 1 1 - 0 1 - 1 0 0 0 0 1 0 0 1 1 0 0 - 0 - 0 0 1 1 1 1 1 1 1 1 0 0 1 0 1 0 0 1 1 0 1 0 1 - 1 1 0 1 0 0 1 0 0 0 0 0 1 1 0 1 0 0 0 0 0 0 0 1 0 - 0 0 0 1 0 0 1 0 0 1 0 1 1 0 1 - 1 - 0 1 1 0 0 0 - 1 1 0 - 0 0 1
  284.6      NODE_6306_PO _7068       0 0 1 1 0 1 1 0 1 0 0 0 1 1 1 1 1 0 1 - 1 1 0 0 0 1 0 0 1 1 0 - - 0 - 0 - 1 1 1 1 1 1 1 1 0 0 1 0 1 0 - 1 1 0 1 0 1 0 1 1 0 1 0 0 1 0 0 0 0 0 1 1 0 1 0 0 0 0 0 0 0 1 0 - 0 0 0 1 0 0 1 1 0 1 0 1 1 0 1 0 1 - 0 1 1 0 0 0 - 1 1 0 - 0 0 1
  289.4      NODE_7668_PO _6236       0 0 1 1 0 1 1 0 1 0 0 0 - 1 1 0 1 0 1 - 1 1 0 0 0 1 0 0 1 1 0 0 - 0 - 0 0 1 1 1 1 1 1 1 1 0 0 0 0 1 0 0 1 - 0 1 0 1 - 1 1 0 1 0 0 1 0 0 0 0 0 1 1 0 1 0 0 0 0 0 0 0 1 0 - 0 0 0 1 0 0 1 1 0 0 0 1 1 0 1 1 1 - 0 1 1 0 0 0 - 1 1 0 - 0 1 1
  291.3      NODE_646_PO _7558        0 0 1 0 0 1 1 0 1 0 0 0 1 1 1 0 1 0 1 - 1 1 0 0 0 1 0 0 1 1 0 0 - 0 - 0 0 1 1 1 1 1 1 1 - 0 0 0 0 1 0 0 1 1 0 1 0 1 - 1 1 0 1 0 1 1 0 0 0 0 0 1 1 0 1 0 0 0 0 0 0 0 1 0 - 0 0 0 1 0 0 1 1 0 0 0 1 1 0 1 1 1 - 0 1 1 0 0 0 - 1 1 0 - 0 1 1
  295.2      NODE_3300_PO _1274       0 0 1 0 0 1 1 1 1 0 0 0 - 1 1 0 - 1 1 - 1 1 0 0 0 1 0 0 1 1 0 - 0 0 - 0 0 1 1 1 1 1 1 1 1 0 0 0 0 1 0 0 1 - 0 1 0 1 - 1 1 0 1 0 1 1 0 0 0 0 0 1 1 0 1 0 0 0 0 0 0 0 1 1 - 0 1 0 1 0 0 1 1 0 0 0 1 1 0 1 1 1 - 0 1 1 0 0 0 - 1 1 0 - 0 1 1
  296.2      NODE_3877_PO _15517      0 - 1 0 0 1 1 1 1 0 0 0 - 1 1 - - 1 1 - 1 1 0 - 0 1 0 0 1 1 0 0 - 0 - 0 0 - 1 1 1 1 1 1 1 0 0 0 0 1 0 0 1 1 - 1 0 - - - 1 0 1 0 1 1 0 0 0 0 0 1 1 0 1 0 0 0 0 0 0 - 1 1 - 0 0 0 1 0 0 1 1 0 0 0 1 1 0 1 1 1 - 0 1 1 0 - 0 - - 1 0 - 0 1 1
  301.4      NODE_5844_PO _10752      0 1 1 0 0 1 1 1 0 0 0 0 0 1 1 0 - 1 1 - 1 1 0 0 0 1 0 0 1 1 0 0 - 0 - 0 0 0 1 1 1 1 1 1 1 0 0 0 0 1 0 0 1 1 0 1 0 1 - 0 1 0 1 0 1 1 0 0 0 0 0 1 1 0 0 0 0 0 0 1 1 0 1 1 - 0 1 0 1 0 0 1 1 0 0 0 1 1 0 1 1 1 0 0 1 1 0 0 0 - 1 1 0 - 0 1 1
  308.9      NODE_624_PO _49957       0 1 0 0 0 1 1 1 0 0 0 0 0 1 1 0 1 1 1 - 0 1 0 0 0 1 0 0 1 1 0 0 - 0 - 0 0 0 1 1 0 1 1 1 1 0 0 0 0 1 0 0 1 1 0 0 0 1 - 1 1 0 0 0 1 0 0 0 0 0 0 1 1 0 0 0 0 1 0 1 1 0 1 1 - 0 1 0 1 0 0 1 1 0 0 0 1 1 0 1 - 1 - 0 1 1 0 0 0 - 1 1 0 - 0 1 1
  311.8      NODE_655_PO _23489       0 1 0 0 0 1 1 1 0 0 0 0 - 1 1 0 1 1 1 1 0 1 0 0 0 1 0 0 1 1 1 0 0 0 - 0 0 0 1 1 0 1 1 1 - 0 0 0 0 1 0 0 1 1 0 0 0 - - - 1 0 0 0 1 0 0 0 0 0 0 1 1 0 0 0 0 1 0 1 1 0 1 1 1 0 1 0 1 0 0 1 1 0 0 0 1 1 0 1 1 0 - 0 0 1 0 0 0 - 1 1 0 - 0 1 1
  319.4      NODE_1386_PO _3348       0 1 0 0 0 1 0 1 0 0 0 0 0 1 1 0 - 1 1 - 0 1 0 0 0 1 0 0 1 1 1 0 0 1 - 0 0 0 1 1 0 1 0 1 1 0 0 0 0 1 0 0 1 1 0 0 1 1 - - 1 0 0 0 1 0 0 1 1 0 0 0 1 0 0 0 0 1 0 1 1 0 1 1 1 0 1 0 1 0 0 1 1 0 0 0 1 1 0 1 1 0 0 0 0 1 0 1 0 - 1 1 0 - 0 1 1
  320.4      NODE_1319_PO _16697      0 1 0 0 0 1 0 1 0 0 0 0 0 1 1 0 1 1 0 - 0 1 0 0 0 1 0 0 1 1 1 0 - 1 - 0 0 0 1 1 0 1 0 1 1 0 0 0 0 1 0 0 1 1 0 0 1 - - - 1 0 0 0 1 0 0 1 - 0 0 0 1 0 0 0 0 1 0 1 1 0 1 1 1 0 1 0 1 0 0 1 1 0 0 0 1 1 0 1 1 0 - 0 0 - 0 - 0 - 1 1 0 - 0 1 1
  323.2      NODE_3598_PO _15245      0 1 0 0 0 1 0 1 0 0 0 0 0 1 1 0 1 1 0 0 0 1 1 0 0 1 0 0 1 1 1 0 0 1 - 0 0 0 1 1 0 1 0 1 - 0 0 0 0 1 0 0 1 1 0 0 1 1 - - 1 0 0 0 1 0 0 1 - 0 0 0 1 0 0 0 0 1 0 1 1 0 1 1 1 0 1 0 1 0 0 1 1 0 0 1 1 0 0 1 1 0 - 0 0 1 0 1 0 - 1 1 0 - 0 1 1
  326.1      NODE_2541_PO _24730      0 1 0 0 0 1 0 1 0 0 0 0 0 1 1 0 1 1 0 - 0 1 1 0 0 1 0 0 1 1 1 0 - 1 - 0 0 - 1 1 0 0 0 1 - 1 0 0 0 1 0 0 1 1 0 0 1 1 - 0 1 0 0 0 1 0 0 1 1 0 0 0 1 0 0 0 0 1 0 1 1 0 1 1 - 0 1 0 1 0 0 1 1 0 0 1 1 0 0 1 1 0 - 0 0 1 0 1 0 - 1 1 1 - 0 1 1
  330.8      NODE_1791_PO _11514      0 1 0 0 1 1 0 1 0 0 0 1 0 1 1 0 0 1 0 0 0 1 1 0 0 1 0 0 1 1 1 0 - 1 - 0 0 1 1 0 0 0 0 1 1 1 0 0 0 1 0 0 1 1 0 0 1 1 - 0 1 0 0 0 1 0 0 1 1 0 0 0 1 0 0 0 0 1 0 1 1 0 1 1 - 0 1 0 1 0 0 1 1 0 0 1 1 0 0 1 1 0 - 0 0 1 0 1 0 - 1 1 1 - 1 1 1
  331.8      NODE_760_PO _37928       0 1 0 0 1 1 0 1 0 0 0 1 - 1 1 0 - 1 0 - 0 1 1 0 0 1 0 0 1 1 1 0 - 1 - 0 0 - 1 0 0 0 0 1 - 1 0 0 0 1 0 0 1 1 0 1 1 1 - 0 1 0 0 0 - 0 0 1 1 0 0 0 1 0 0 0 0 1 0 1 1 0 1 1 - 0 1 0 1 0 0 1 1 0 0 1 1 0 0 1 1 0 - 0 0 1 0 - 0 - 1 1 - - 1 1 1
  333.8      NODE_305_PO _6524        0 1 0 0 1 1 0 1 0 0 0 1 0 1 1 0 0 1 0 - 0 1 1 0 0 1 0 0 1 1 1 0 - 1 - 0 0 1 1 0 0 0 0 1 1 1 0 0 0 1 0 0 1 1 0 1 1 - - - 1 0 0 0 1 0 0 1 - 1 0 0 1 1 0 0 0 1 0 1 1 0 1 1 1 0 1 0 1 0 0 1 1 0 - 1 1 0 0 1 1 0 - 0 0 1 0 - 0 - 1 1 1 - 1 1 1
  334.8      NODE_411_PO _59643       0 1 0 0 1 1 0 1 0 0 0 1 0 1 1 0 - 1 0 - 0 1 1 0 0 1 0 0 1 1 1 0 - 1 - 0 0 1 1 0 0 0 0 1 1 1 0 1 0 1 0 0 1 1 - 1 1 1 - - 1 0 0 0 1 0 0 1 1 1 0 0 1 1 0 0 0 1 0 1 1 0 1 1 - 0 1 0 1 0 0 1 1 0 0 1 1 0 0 1 1 0 - 0 0 1 0 1 0 - - 1 1 - 1 1 1
