  0.0        NODE_13120_PO _1178      0 1 0 0 1 0 1 0 1 1 1 1 - 0 1 0 - 0 1 1 1 0 1 1 1 0 1 0 0 0 0 1 - 0 - 1 1 0 0 1 1 0 0 0 1 1 0 0 1 0 1 0 0 1 0 1 0 1 - - - 0 1 1 0 1 0 - 0 1 0 0 0 1 0 1 0 1 0 1 1 0 0 0 - 1 1 0 0 0 1 0 0 0 - 0 1 0 0 1 0 0 - 1 0 1 1 1 1 - 1 1 0 - 1 1 1
  2.9        NODE_5826_PO _9845       0 1 0 0 1 0 1 0 1 1 0 1 - 0 1 0 1 0 1 - 1 0 1 1 1 0 1 0 0 0 0 1 0 0 0 1 1 0 0 1 1 0 0 0 1 1 0 0 1 0 1 0 0 0 0 1 0 1 - 0 0 0 1 1 0 1 0 0 0 1 0 0 0 1 0 1 0 1 0 1 1 0 0 0 - 1 1 0 0 0 1 0 0 0 1 0 1 0 0 1 1 0 - 1 0 1 1 - 1 - 1 1 0 - 1 1 1
  7.7        NODE_979_PO _8812        0 1 0 0 1 0 1 0 1 1 0 1 0 0 1 0 1 0 1 - 1 0 1 1 1 0 1 0 0 0 0 0 - 0 - 1 1 0 0 1 1 0 0 0 1 1 0 0 0 0 1 0 0 0 0 1 1 1 - - 0 0 1 1 0 1 0 0 0 1 0 0 0 1 0 1 0 1 0 1 1 0 1 0 1 1 1 0 0 0 1 0 0 0 0 0 1 0 0 1 1 0 - 1 0 1 1 1 1 - 1 1 0 - 1 1 1
  9.5        NODE_816_PO _30328       0 1 0 0 1 0 1 0 1 1 0 1 0 0 1 0 - 0 1 1 1 0 1 1 1 0 1 0 0 0 0 0 0 0 - 1 1 0 0 1 1 0 0 0 1 1 0 0 0 0 1 0 0 0 0 1 1 1 - - 0 0 1 1 0 1 0 0 0 1 0 0 0 1 0 0 0 1 0 1 0 0 1 0 - 1 1 0 0 0 1 0 0 0 0 0 1 0 0 1 1 0 - 1 0 1 1 1 1 - 1 1 0 - 1 1 1
  10.5       NODE_1668_PO _25548      0 1 0 0 1 0 1 0 1 1 0 1 - 0 1 0 - 0 1 - 1 0 1 1 1 0 1 0 0 0 0 0 0 0 0 1 1 0 0 1 1 0 0 0 1 1 0 0 0 0 1 0 0 0 0 1 1 1 - - 0 0 1 1 0 1 0 0 0 1 0 0 0 1 0 0 1 1 0 1 0 0 1 0 - 1 1 0 0 0 1 0 0 0 0 0 1 0 0 1 1 0 - 1 0 1 1 - 1 - 1 1 0 - 1 1 1
  14.3       NODE_1063_PO _33521      0 1 0 0 1 0 1 0 1 1 0 1 - 0 1 0 - 0 1 - 1 0 0 1 1 0 1 0 0 0 0 0 - 0 - 1 1 0 0 1 1 0 0 0 1 1 0 0 0 0 1 0 0 0 0 1 1 1 - - 0 0 1 1 0 1 0 0 0 1 0 0 0 1 0 0 1 1 0 1 0 0 1 0 1 1 1 0 0 0 0 0 0 0 0 0 1 0 0 1 1 0 - 1 0 1 1 0 1 - 0 0 0 - 1 1 1
  19.0       NODE_53_PO _35481        0 1 0 1 1 0 1 0 1 0 0 1 0 0 1 0 - 0 1 - 1 0 0 1 1 0 1 0 0 0 0 0 0 0 0 1 1 0 0 1 1 0 0 0 1 1 0 0 0 1 1 0 0 0 0 1 1 1 - - 0 0 1 1 1 1 0 0 0 1 0 0 0 1 0 0 1 0 0 1 0 0 1 0 - 1 1 0 0 0 0 0 0 0 0 0 1 0 0 1 1 0 - 1 0 1 1 0 1 - 0 0 0 - 1 1 1
  23.7       NODE_521_PO _30633       0 1 0 1 1 0 1 0 1 0 0 1 0 1 1 1 - 0 1 - 1 0 0 1 1 0 1 0 0 0 0 0 - 0 - 0 1 0 0 1 1 0 0 1 1 1 0 0 0 1 1 0 0 0 0 1 1 - - - 0 0 1 1 1 1 0 0 0 1 0 0 0 1 0 0 1 0 0 1 0 0 1 0 - 1 1 0 0 0 0 0 0 0 0 0 1 0 0 1 1 0 - 1 1 1 1 0 1 - 0 0 0 - 1 1 1
  37.2       NODE_966_PO _35544       0 1 0 1 1 0 1 0 1 0 0 1 0 1 1 1 - 1 1 - 0 1 0 1 1 0 1 1 0 0 0 0 - 0 - 0 1 0 1 1 1 0 0 1 1 1 0 0 0 1 1 0 1 0 0 1 0 1 - 0 1 0 1 1 1 0 1 0 0 1 0 0 0 1 0 0 1 0 0 1 0 0 1 0 - 0 0 0 0 0 0 0 0 0 0 0 0 0 1 1 1 0 1 1 1 1 1 0 1 - 0 0 0 - 1 1 1
  38.2       NODE_966_PO _3464        0 1 0 1 1 0 1 0 1 0 0 1 0 1 1 1 - 1 1 - 0 1 0 1 1 0 1 1 0 0 0 0 - 0 - 0 1 0 1 1 1 0 0 1 1 1 0 0 0 1 1 0 1 0 0 1 0 1 - 0 1 0 1 1 1 0 1 0 0 1 0 0 0 1 0 0 1 0 0 1 0 0 1 0 1 0 0 0 0 0 0 0 0 0 0 0 0 0 1 1 1 0 - 1 1 0 1 0 1 - 0 0 0 - 1 1 1
  43.8       NODE_17_PO _27339        0 0 0 1 1 0 1 1 1 0 0 1 0 1 1 1 - 1 1 - 0 1 0 1 1 0 1 1 0 0 0 0 - 0 - 0 1 0 1 1 1 0 0 1 1 1 0 0 0 1 0 0 1 0 0 1 0 1 - 0 1 0 0 1 1 0 1 0 - 1 0 0 1 1 0 0 1 0 0 1 0 0 1 0 1 0 0 0 0 0 0 0 0 0 0 0 0 0 1 1 1 0 - 1 1 0 1 - 1 - 0 0 0 - 1 0 1
  47.6       NODE_2178_PO _8476       0 0 0 1 1 0 1 1 1 0 0 1 0 1 1 1 1 1 1 - 0 1 0 1 1 0 1 1 1 0 0 0 - 0 - 0 1 0 1 0 1 0 0 1 - 1 0 0 0 1 0 0 1 0 0 1 0 1 - 0 1 0 0 1 1 0 1 0 0 1 0 1 1 1 0 0 1 0 0 1 1 0 1 0 1 0 0 0 0 0 0 0 0 0 0 0 0 0 1 1 1 0 - 1 1 0 1 1 1 - 0 0 0 - 1 0 1
  48.5       NODE_342_PO _52093       0 0 0 1 1 0 1 1 1 0 0 1 0 1 1 1 - 1 1 1 0 1 0 1 1 0 1 1 1 0 0 0 0 0 - 0 1 0 1 0 1 0 0 1 1 1 0 0 0 1 0 0 1 - 0 1 0 1 0 0 1 0 0 1 1 0 1 0 0 1 0 1 1 1 0 0 1 0 0 1 1 0 1 0 - 0 0 0 0 0 0 0 0 0 0 0 0 0 1 1 1 0 0 1 1 0 1 0 1 - 0 0 0 - 1 0 1
  49.5       NODE_1138_PO _15657      0 0 0 1 1 0 1 1 1 0 0 1 0 1 1 1 - 1 1 - 0 1 0 1 1 0 1 1 1 0 0 0 - 0 - 0 1 0 1 0 1 0 0 1 1 1 0 0 0 1 0 0 1 0 0 1 0 1 - - 1 0 0 1 0 0 1 0 - 1 0 1 1 1 0 0 1 0 0 1 1 0 1 0 - 0 0 0 0 0 0 0 0 0 0 0 0 0 1 1 1 0 - 1 1 0 1 - 1 - - 0 - - 1 0 1
  53.4       NODE_3052_PO _8878       0 0 0 1 1 0 1 1 1 0 0 1 0 1 1 1 1 1 1 1 0 1 0 1 1 0 1 1 1 0 0 0 - 0 1 0 1 0 1 0 1 0 0 1 1 1 0 0 0 1 0 0 1 0 0 1 0 1 - 0 1 1 0 1 0 0 1 1 0 1 0 1 1 1 0 1 1 0 0 1 1 0 1 0 1 0 0 0 0 0 0 0 0 0 0 1 0 0 1 1 1 0 - 1 1 0 1 0 1 - 0 0 0 - 1 0 1
  54.3       NODE_713_PO _12791       0 0 0 1 1 0 1 1 1 0 0 1 0 1 1 1 - 1 1 - 0 1 0 1 1 0 1 1 1 0 0 - - 0 - 0 1 0 1 0 1 0 0 1 1 1 0 0 0 1 0 0 1 0 0 1 0 1 - 0 1 1 0 1 0 0 1 1 0 1 0 1 1 1 0 1 1 0 0 1 1 0 1 0 - 0 0 0 0 0 0 0 0 0 0 1 0 0 1 1 1 0 - 0 1 0 1 0 1 - 0 0 0 - 1 0 1
  55.3       NODE_323_PO _14201       0 0 0 1 1 0 1 1 1 0 0 1 0 1 1 1 - 1 1 - 0 1 0 1 1 0 1 1 1 0 0 0 - 0 1 0 1 0 1 0 1 0 0 1 1 1 0 0 0 1 0 0 1 0 0 1 0 - - 0 1 1 0 1 0 0 1 1 0 1 0 1 1 1 0 1 1 0 0 1 1 0 1 0 - 0 0 0 0 0 0 1 0 0 0 1 0 0 1 1 - 0 - 0 1 0 1 0 1 - - 0 0 - 1 0 1
  57.2       NODE_710_PO _45305       0 0 0 1 1 0 1 1 1 0 0 1 0 1 1 1 1 1 1 1 0 1 0 1 0 0 1 1 1 0 0 0 0 0 - 0 1 0 1 0 1 0 0 1 1 1 0 0 0 1 0 0 1 0 0 1 0 1 - 0 1 1 0 0 0 0 1 1 0 1 0 1 1 1 0 1 1 0 0 1 1 0 1 0 - 0 0 0 0 0 0 1 0 0 0 1 0 0 1 1 1 0 - 0 1 0 1 - 1 - 0 0 0 - 1 0 1
  62.0       NODE_391_PO _59723       0 0 1 1 1 0 1 1 1 0 0 1 - 1 0 1 - 1 1 1 0 1 0 1 0 0 1 1 1 0 0 0 - 0 - 0 0 0 1 0 1 0 0 1 1 1 0 0 0 1 0 0 1 1 0 1 0 - - - 1 1 0 0 0 0 1 1 - 1 0 1 1 1 0 1 1 0 0 1 1 0 1 0 - 0 0 0 0 0 0 1 0 0 0 1 1 0 1 1 1 0 - 0 1 0 1 0 1 - - 0 0 - 1 0 1
  63.0       NODE_391_PO _35189       0 1 1 1 1 0 1 1 1 0 0 1 0 1 0 1 1 1 1 - 0 1 0 1 0 0 1 1 1 0 0 0 - 0 - 0 0 0 1 0 1 0 0 1 1 1 0 0 0 1 0 0 1 1 0 1 0 - - 0 1 1 0 0 0 0 1 1 0 1 0 1 1 1 0 1 1 0 0 1 1 0 1 0 - 0 0 0 0 0 0 1 0 0 0 1 1 0 1 1 1 0 - 0 1 0 1 0 1 - 0 0 0 - 1 0 1
  65.1       NODE_5263_PO _76         0 1 1 1 1 0 1 1 1 0 0 1 - 1 0 1 0 1 0 - 0 1 0 1 0 0 1 1 - 0 0 0 - 0 - 0 0 - 1 0 1 0 0 1 1 1 0 0 0 1 0 0 1 1 0 1 0 - - 0 - - 0 0 0 0 1 1 0 1 0 1 1 1 0 1 1 0 0 1 1 0 1 0 - 0 0 0 0 0 0 1 0 0 0 1 - 0 - 1 1 0 - 0 1 0 1 - - - - 0 - - 1 0 1
  70.3       NODE_914_PO _42377       0 1 1 1 1 0 1 1 1 0 0 0 0 1 0 1 - 1 0 - 0 1 0 1 0 0 1 1 0 0 0 0 - 0 - 0 0 0 1 1 1 0 0 1 1 1 0 0 0 1 1 0 1 1 0 1 0 - 0 0 1 1 0 0 0 0 1 1 0 1 0 1 1 1 0 1 1 0 0 1 1 0 1 0 - 0 0 0 0 0 0 1 0 0 0 1 1 0 1 1 1 0 0 0 1 0 1 0 1 - 0 0 0 - 1 1 0
  72.2       NODE_3491_PO _18236      0 1 1 1 1 0 1 1 1 0 0 0 0 1 0 1 - 1 0 - 0 1 0 1 0 0 1 1 0 0 0 0 - 0 - 0 0 1 1 1 1 0 0 1 1 1 0 0 0 1 1 - 1 1 0 1 0 - - - 1 1 0 0 0 0 1 1 0 1 0 1 1 1 0 1 1 0 0 1 1 0 1 0 - 0 0 0 0 0 0 1 0 0 0 1 1 0 1 0 1 0 0 0 1 0 1 0 1 - 0 0 0 - 1 1 0
  74.1       NODE_6284_PO _3804       0 1 1 1 1 0 1 1 1 0 0 0 0 1 0 1 0 1 0 - 0 1 0 1 0 0 1 1 0 0 0 0 - 0 - 0 0 1 1 1 1 0 0 1 1 1 0 0 0 1 1 0 1 1 0 1 0 1 - 0 1 1 0 0 0 0 1 1 0 1 0 1 1 1 0 1 1 1 0 0 1 0 1 0 - 0 0 0 0 0 0 1 0 0 0 1 1 0 1 0 1 0 - 0 1 0 1 0 1 - 0 0 0 - 1 1 0
  76.9       NODE_146_PO _53756       0 1 1 1 1 0 1 1 1 0 0 0 0 1 0 1 0 1 0 1 0 1 0 1 0 0 1 1 0 0 0 - - 0 - 0 0 1 1 1 1 0 0 1 1 0 0 0 0 1 1 0 1 1 0 1 0 1 - 1 1 1 0 0 0 0 1 1 0 1 0 1 1 1 0 1 1 1 0 0 1 0 1 0 1 0 1 0 0 0 0 1 0 0 0 1 1 0 1 0 1 0 - 0 1 0 1 - 1 - 0 0 0 - 1 1 0
  78.8       NODE_96_PO _49116        0 1 1 1 1 0 1 1 1 0 0 0 0 1 0 1 0 1 0 - 0 1 0 1 0 0 1 1 0 0 0 0 - 0 - 0 0 1 1 1 1 0 0 1 1 0 0 0 0 1 1 0 1 1 0 1 0 1 - - 1 1 1 0 0 0 1 1 0 1 0 1 1 1 1 1 1 1 0 0 1 0 1 0 - 0 1 0 0 0 0 1 0 0 0 1 1 0 1 0 1 0 - 0 1 0 1 0 1 - - 0 0 - 1 1 0
  79.7       NODE_188_PO _2282        0 1 1 1 1 0 1 1 1 0 0 0 - 1 0 1 0 1 0 - 0 1 0 1 0 0 1 1 0 0 0 0 - 0 - 0 0 1 1 1 1 0 0 1 1 0 0 0 0 1 1 0 1 1 0 1 0 1 - - 1 1 1 0 0 0 1 1 0 1 0 1 1 1 1 1 1 1 0 0 1 0 1 0 - 0 1 0 0 0 0 1 0 1 0 1 1 0 1 0 1 0 - 0 1 0 1 0 1 - 0 0 0 - 1 1 0
  81.7       NODE_1902_PO _14247      0 1 1 1 1 0 1 1 1 0 0 0 - 1 0 1 - 1 0 - 0 1 0 1 0 0 1 0 0 0 0 0 0 0 - 0 0 1 1 1 1 0 0 1 1 0 0 0 0 1 1 0 1 1 - 1 0 1 - - 1 1 1 0 0 0 1 1 0 1 0 1 1 1 1 1 1 1 0 0 1 0 1 0 0 0 1 0 1 0 0 1 0 1 0 1 1 0 1 0 - 0 - 0 1 0 1 - 1 - 0 0 0 - 1 1 0
  82.6       NODE_1902_PO _6867       0 1 1 1 1 0 1 1 1 0 0 0 1 1 0 1 - 1 0 - 0 1 0 1 0 0 1 0 0 0 0 0 - 0 - 0 0 1 1 1 1 0 0 1 1 0 0 0 0 1 1 0 1 1 0 1 0 1 - 1 1 1 1 0 0 0 1 1 0 1 0 1 1 1 1 1 1 1 0 0 1 0 1 0 1 0 1 0 1 0 0 1 0 1 0 1 1 0 1 0 1 0 0 0 1 0 1 - 1 - 0 0 0 - 1 1 0
  87.4       NODE_990_PO _27401       0 1 1 0 1 0 1 1 1 0 0 0 1 1 0 1 0 1 0 - 0 1 0 1 0 0 1 0 0 0 0 0 0 0 - 0 0 1 1 1 1 0 0 0 0 0 0 0 0 1 1 0 1 1 0 1 0 - - - 1 0 1 0 0 0 1 1 - 1 0 1 1 1 1 1 1 1 0 0 1 1 1 0 - 0 1 0 1 0 0 1 0 1 0 1 1 0 1 0 1 0 - 0 1 0 1 0 1 - 0 0 0 - 1 1 0
  88.4       NODE_71_PO _43587        0 1 1 0 1 0 1 1 1 0 0 0 1 1 0 1 - 1 0 - 0 1 0 1 0 0 1 0 0 0 0 0 - 0 - 0 0 1 1 1 1 0 0 0 0 0 0 0 0 1 1 0 1 1 0 1 0 1 0 1 1 0 1 0 0 0 1 1 0 1 0 1 1 1 1 1 1 1 0 0 1 1 1 0 - 0 1 0 1 0 0 1 0 1 0 1 1 0 1 0 1 0 0 0 1 0 1 0 0 - 0 0 0 - 1 1 0
  89.3       NODE_209_PO _39767       0 1 1 0 1 0 1 1 1 0 0 0 - 1 0 1 - 1 0 - 0 1 0 1 0 0 1 0 0 0 0 0 - 0 - 0 0 1 1 1 1 0 0 0 0 0 0 0 0 1 1 0 1 1 0 1 0 1 - 1 1 0 1 0 0 0 1 1 0 1 0 1 1 1 1 1 1 1 0 0 1 1 1 0 - 0 1 0 1 0 0 1 0 1 0 1 1 0 1 0 1 0 0 0 1 0 1 0 0 - 0 0 0 - 0 1 0
  95.2       NODE_1535_PO _27368      0 1 1 0 1 0 1 1 1 0 0 0 1 1 1 1 - 1 0 - 0 1 0 1 0 0 0 0 1 0 0 0 - 0 - 0 0 1 1 1 1 0 0 0 0 0 0 0 0 1 1 0 1 1 - 1 0 1 0 1 1 0 1 0 0 1 1 1 0 1 0 1 1 1 1 1 1 1 0 0 1 1 1 0 - 0 1 0 0 0 0 1 0 1 0 1 0 0 1 0 1 0 - 0 1 0 1 - 0 - - 0 - - 0 1 0
  98.1       NODE_615_PO _20802       0 1 1 0 1 0 1 1 1 0 0 0 - 0 1 1 - 0 0 - 0 1 0 1 0 0 0 0 1 0 0 0 - 0 - 0 0 0 1 1 1 0 0 0 0 0 0 0 0 1 1 0 1 1 0 1 0 1 - 1 1 0 1 0 0 1 1 1 0 1 0 1 1 1 1 1 1 1 0 0 1 1 1 0 - 0 1 0 0 0 0 1 0 1 0 1 0 0 1 0 1 0 0 0 1 0 1 0 0 - 0 0 0 - 0 1 0
  99.0       NODE_5957_PO _252        0 1 1 0 1 0 1 1 1 0 0 0 - 0 1 1 - 0 0 - 0 1 0 1 0 0 0 0 1 0 0 0 - 0 - 0 0 0 1 1 1 0 0 0 0 0 0 0 0 1 1 0 1 1 0 1 0 1 - 1 1 0 1 0 0 1 1 1 0 1 0 0 1 1 1 1 1 1 0 0 1 1 1 0 - 0 1 0 0 0 0 1 0 1 0 1 0 0 1 0 1 0 - 0 1 0 1 - 0 - 0 0 0 - 0 1 0
  101.8      NODE_4113_PO _16421      0 1 1 0 1 0 1 1 1 0 0 0 - 1 1 1 0 0 0 1 0 1 0 1 0 0 0 0 1 0 0 0 - 0 - 0 0 0 1 1 1 0 0 0 0 0 0 0 0 1 1 0 1 1 0 1 0 1 0 1 1 0 1 0 0 1 1 0 0 1 0 0 1 1 1 1 1 1 0 0 1 0 1 0 - 0 1 0 0 0 0 1 0 1 0 1 0 0 1 0 1 0 0 0 1 0 1 0 0 - 0 0 0 - 0 1 0
  107.4      NODE_1317_PO _28305      0 1 1 0 1 0 1 0 1 0 0 0 1 1 1 1 0 0 0 - 0 1 0 1 0 0 0 0 1 0 0 0 - 0 - 0 0 0 1 1 1 0 0 0 1 0 0 0 0 1 1 0 0 - 0 1 0 1 - 1 1 0 1 0 0 1 1 0 0 1 1 0 1 1 1 1 1 0 0 0 1 0 1 0 - 0 1 0 0 0 0 1 0 1 0 1 0 1 1 0 1 0 0 0 1 0 1 0 0 - 0 0 0 - 0 1 0
  109.4      NODE_454_PO _1285        0 1 1 0 1 0 1 0 1 0 0 0 - 1 1 1 - 0 0 - 0 1 0 1 0 0 0 0 1 0 0 0 - 0 - 0 0 - 1 1 1 - 0 0 0 0 0 0 0 1 1 0 0 1 0 1 0 1 - - 1 0 1 0 0 1 1 0 0 1 1 0 1 1 1 1 1 0 0 0 1 0 1 0 - 0 1 0 0 0 0 1 0 1 0 1 0 0 1 0 1 0 - 0 1 - 1 0 0 - 0 0 0 - 0 1 0
  118.5      NODE_4933_PO _1083       0 0 1 0 1 0 1 0 1 0 0 0 - 1 1 1 - 0 0 - 0 1 0 1 0 0 0 0 1 0 0 0 - 0 - 0 0 0 1 0 1 1 0 0 1 0 0 0 0 1 1 0 0 1 - 1 0 1 - 1 1 0 1 0 0 1 1 - 0 1 1 1 1 1 1 1 1 0 0 0 0 0 1 1 1 0 1 0 0 0 0 1 0 1 0 1 0 0 1 0 1 1 0 0 1 1 1 - 0 - 0 1 0 - 0 1 1
  123.3      NODE_4372_PO _7696       0 0 0 0 1 0 1 0 1 0 0 0 - 1 1 1 0 0 0 - 0 1 0 1 0 0 0 0 1 0 0 0 - 0 - 0 0 1 1 0 1 1 0 0 1 0 0 0 0 1 1 1 0 1 - 1 0 1 - - 1 0 1 0 0 1 1 0 0 0 1 1 1 1 1 1 1 0 0 0 0 0 0 1 - 0 1 0 0 0 0 1 0 1 0 1 0 0 1 0 1 1 - 0 1 1 1 0 0 - 0 1 0 - 0 1 1
  127.2      NODE_5491_PO _1393       0 0 0 0 1 0 1 0 1 0 0 0 0 1 1 1 0 0 0 - 0 1 0 0 0 0 0 0 1 0 1 0 - 0 - 0 0 1 1 0 1 1 1 0 1 0 0 0 0 1 1 1 0 1 1 1 0 0 - - 1 0 1 0 0 1 1 0 - 0 1 1 1 1 1 1 1 0 0 0 0 0 0 1 - 0 1 0 0 0 0 1 0 1 0 1 0 0 1 0 1 1 - 0 1 1 1 0 0 - 0 1 0 - 0 1 1
  128.1      NODE_5164_PO _7601       0 0 0 0 1 0 1 0 1 0 0 0 - 1 1 1 - 0 0 - 0 1 0 0 0 0 0 0 1 0 1 0 - 0 - 0 0 1 1 0 1 1 1 0 1 0 0 0 0 1 1 1 0 1 1 1 0 0 - - 1 0 1 0 0 1 1 0 0 0 1 1 1 1 1 1 1 0 0 0 0 0 0 1 - 0 1 0 0 0 0 1 0 1 - 1 0 0 1 0 1 1 - 0 1 1 1 0 0 - 0 1 0 - 1 1 1
  131.1      NODE_2013_PO _3534       0 0 0 0 1 0 1 0 1 0 0 0 - 1 1 1 - 0 0 - 0 1 0 0 0 0 0 0 1 0 1 0 - 0 - 0 0 1 1 0 1 1 1 0 1 0 0 0 0 1 1 1 0 1 1 1 0 - - 0 0 0 1 0 0 1 1 0 0 0 1 1 1 1 1 1 1 0 0 0 0 0 0 1 - 1 1 0 0 0 1 1 0 1 0 1 0 0 1 0 1 1 - 0 1 1 1 - 0 - - 1 0 - 1 1 1
  134.9      NODE_6745_PO _8711       0 0 0 0 1 0 1 0 1 0 0 0 0 1 1 1 0 0 0 0 0 1 0 0 0 1 0 0 1 0 1 0 - 0 - 0 0 1 1 0 1 1 1 0 1 0 0 0 0 1 1 1 0 0 1 1 0 0 1 0 0 0 1 0 0 0 1 0 0 0 1 1 1 1 1 1 1 0 1 0 0 0 0 1 0 1 1 0 0 0 1 1 0 1 0 1 0 0 1 0 1 1 1 0 1 1 1 0 0 - 0 1 0 - 1 1 1
