  0.0        NODE_7042_PO _4308       1 1 0 1 1 1 1 1 0 0 1 0 - 1 1 1 - 0 1 - 0 1 1 0 0 0 0 1 0 0 0 0 0 - - 0 1 0 1 1 1 1 0 1 0 0 0 1 1 0 1 1 0 0 1 1 - - - 1 1 1 0 0 - 1 1 1 0 0 1 0 1 0 1 0 1 1 1 0 1 1 0 0 0 0 1 1 0 1 0 0 0 0 1 0 1 1 - 0 0 1 - 1 1 1 1 1 1 - 1 0 1 - 0 1 1
  6.8        NODE_3685_PO _12026      1 0 0 1 1 1 1 1 0 0 1 0 0 1 1 0 - 0 1 - 0 1 1 1 0 0 0 1 0 0 0 1 - 1 - 0 1 0 1 1 1 1 0 1 0 0 0 1 1 0 1 0 0 0 1 1 0 - - 1 1 1 0 0 1 1 1 1 0 0 1 0 1 0 1 0 1 1 1 0 1 1 0 0 0 1 1 1 0 0 0 0 0 0 1 0 1 1 0 0 0 1 - 1 1 1 1 1 1 - 1 0 1 - 0 1 1
  12.8       NODE_11244_PO _781       1 0 0 1 1 1 1 1 0 0 1 1 - 1 1 0 - 0 1 - 0 0 1 1 0 0 0 1 0 0 0 1 - 1 - 0 1 0 1 1 1 1 0 1 - 0 0 1 1 0 0 - 0 - 1 1 0 - - 1 1 1 0 0 0 1 1 1 - 0 1 1 1 0 1 0 1 1 1 0 1 1 0 0 - 1 1 1 0 0 0 0 0 0 1 - 1 1 1 0 0 1 - 1 1 1 1 1 1 - 1 0 1 - 0 1 1
  14.8       NODE_5021_PO _656        1 0 0 1 1 1 1 1 0 0 1 1 - 1 1 0 - 0 1 - 0 0 1 1 0 0 0 1 0 0 0 - - 1 - 0 1 0 1 1 1 1 0 1 0 0 0 1 1 0 0 0 0 - 1 1 0 0 - - 1 1 0 0 0 1 0 1 - 0 1 1 1 0 1 0 1 1 1 0 1 1 0 0 - 1 1 1 0 0 0 0 0 0 1 0 1 1 1 0 0 1 - 0 1 1 1 - 1 - 1 0 1 - 0 1 1
  21.8       NODE_1073_PO _14268      1 0 1 1 1 1 1 1 0 0 1 1 - 1 1 0 - 1 0 - 0 0 1 1 0 1 0 1 0 0 0 1 - 1 - 0 0 0 1 1 1 1 0 0 0 0 0 1 1 0 0 0 0 1 1 1 0 - - - 1 1 0 0 1 1 0 1 0 0 1 1 1 0 1 0 1 1 1 0 1 1 0 0 - 1 1 1 0 0 0 0 0 0 1 0 1 1 1 0 0 1 - 0 1 1 1 1 1 - 1 0 1 - 0 1 1
  26.6       NODE_2312_PO _15541      1 0 1 1 1 1 1 1 0 0 1 1 0 1 1 0 0 1 0 0 0 0 1 1 0 1 0 1 0 0 0 1 - 1 - 0 0 0 0 1 1 1 0 0 0 0 0 1 1 0 0 0 0 1 1 1 0 0 1 - 1 1 0 0 1 1 0 1 0 1 1 1 1 0 1 0 1 1 1 0 1 1 0 0 - 1 1 1 1 0 0 0 0 0 1 0 1 1 1 0 0 1 - 0 1 1 1 0 1 - 0 0 1 - 0 1 1
  29.4       NODE_4487_PO _6759       0 0 1 1 1 1 1 1 0 0 1 1 - 1 1 0 0 1 0 0 0 0 1 1 0 1 0 1 1 0 0 1 0 1 - 0 0 0 0 1 1 1 0 0 - 0 0 1 1 0 0 0 0 1 1 1 0 0 - - 1 1 0 0 1 1 0 1 0 1 1 1 1 0 1 0 1 1 1 0 0 1 0 0 1 1 1 1 1 0 0 0 0 0 1 0 1 1 1 0 0 1 - 0 1 1 1 0 1 - 0 0 1 - 0 1 1
  32.5       NODE_2546_PO _19982      0 0 1 1 1 1 1 0 1 0 1 1 - 1 1 0 1 1 0 - 0 - 1 1 0 1 0 1 1 0 0 - - 1 - 0 0 0 - 1 1 1 0 0 - 0 0 1 1 0 0 - 0 1 1 1 0 0 - 1 - 1 0 0 1 1 0 1 - 1 1 1 1 0 1 0 1 1 1 0 0 1 0 0 - 1 1 1 1 0 0 0 0 0 1 - 1 1 1 - - 1 - 0 1 1 1 - 1 - - 0 1 - 0 1 1
  35.7       NODE_631_PO _17133       0 0 1 1 1 1 1 0 1 0 1 1 0 1 1 0 1 1 0 0 0 0 1 1 0 1 0 1 1 0 0 1 - 1 - 0 0 0 0 1 1 1 0 0 0 0 0 1 1 0 0 0 1 1 1 1 0 0 - 1 1 1 0 0 1 1 0 1 0 1 1 1 1 0 1 0 1 0 0 0 0 1 0 0 - 1 1 1 1 0 0 0 0 0 1 0 1 1 1 0 0 1 1 0 1 1 1 0 1 - 0 0 1 - 0 1 1
  36.6       NODE_603_PO _40720       0 0 1 1 1 1 1 0 1 0 1 1 0 1 1 0 - 1 0 - 0 0 1 1 0 1 0 1 1 0 0 1 - 1 - 0 0 0 0 1 1 1 0 0 0 0 0 1 1 0 0 0 1 1 1 1 0 1 1 1 1 1 0 0 1 1 0 1 0 1 1 1 1 0 1 0 1 0 0 0 0 1 0 0 - 1 1 1 1 0 0 0 0 0 1 0 1 1 1 0 0 1 - 0 1 1 1 - 1 - 0 0 1 - 0 1 1
  38.5       NODE_1991_PO _7312       0 0 1 1 1 1 1 0 1 0 1 1 0 1 1 0 - 1 0 - 0 0 1 1 0 1 0 1 1 0 0 1 - 1 - 0 0 0 0 1 1 1 0 0 0 0 0 1 1 0 0 0 1 1 0 0 0 1 1 1 1 1 0 0 1 1 0 1 0 1 1 1 1 0 1 0 1 0 0 0 0 1 0 0 - 1 1 1 1 0 0 0 0 0 1 0 1 1 1 0 0 1 - 0 1 1 1 0 1 - 0 0 1 - 0 1 1
  40.3       NODE_1324_PO _12552      0 0 1 1 1 1 1 0 1 0 1 1 0 1 1 0 - 1 0 0 0 0 1 1 0 1 0 1 1 0 0 1 - 1 - 0 0 0 0 0 1 1 0 0 0 0 0 1 1 0 0 0 1 1 0 0 0 - - - 1 1 1 0 1 1 0 1 0 1 1 1 1 0 1 0 1 0 0 0 0 1 0 0 - 1 1 1 1 0 0 0 0 0 1 0 1 1 1 0 0 1 1 0 1 1 1 0 1 - 0 0 1 - 0 1 1
  41.3       NODE_3224_PO _6803       0 0 1 1 1 1 1 0 1 0 1 1 0 1 1 0 1 1 0 - 0 0 1 1 0 1 0 1 1 0 0 1 - 1 - 0 0 0 0 0 1 1 0 0 0 0 0 1 1 0 0 0 1 1 0 0 0 1 - 1 1 1 1 0 1 1 0 1 0 1 1 1 1 0 1 0 1 0 0 0 0 1 0 0 - 1 1 1 1 0 0 0 0 0 1 0 1 1 1 0 0 1 - 0 1 1 1 - 1 - 0 0 0 - 0 1 1
  42.2       NODE_70_PO _29664        0 0 1 1 1 1 1 0 1 0 1 1 0 1 1 0 - 1 0 - 0 0 1 1 0 1 0 1 1 0 0 1 - 1 - 0 0 0 0 0 1 1 0 0 0 0 0 1 1 0 0 0 0 1 0 0 0 1 - 1 1 1 1 0 1 1 0 1 0 1 1 1 1 0 1 0 1 0 0 0 0 1 0 0 - 1 1 1 1 0 0 0 0 0 1 0 1 1 1 0 0 1 - 0 1 1 1 0 1 - 0 0 0 - 0 1 1
  46.1       NODE_9932_PO _267        0 0 1 1 1 1 1 0 1 0 0 1 - 1 1 0 - 1 0 0 0 0 1 1 0 1 0 1 1 0 0 1 - 1 - 1 0 0 0 0 1 1 0 0 0 0 0 1 1 1 0 0 0 1 0 0 0 - - - 1 1 1 0 1 1 1 1 0 1 1 1 1 0 1 0 1 0 0 0 0 1 0 0 - 1 1 1 1 0 0 0 0 0 1 0 1 1 1 0 0 - - 0 1 1 1 0 1 - - 0 0 - 0 1 1
  47.1       NODE_5116_PO _6180       0 0 1 1 1 1 1 0 1 0 0 1 0 1 1 0 1 1 0 - 0 0 1 1 0 1 0 1 1 0 0 1 - 1 - 1 0 1 0 0 1 1 0 0 0 0 0 1 1 1 0 0 0 1 0 0 0 1 1 1 1 1 1 0 1 1 1 1 0 1 1 1 1 0 1 0 1 0 0 0 0 1 0 0 - 1 1 1 1 0 0 0 0 0 1 0 1 1 1 0 0 1 - 0 1 1 1 0 1 - 0 0 0 - 0 1 1
  50.8       NODE_209_PO _4336        0 0 1 1 1 1 1 0 1 0 0 1 0 1 1 0 1 1 0 0 0 0 1 1 0 1 0 1 1 0 0 1 - 1 - 1 0 1 0 0 1 1 0 0 0 0 0 1 1 1 0 0 0 1 0 0 0 1 - 1 1 1 1 0 0 1 1 1 0 1 1 1 1 0 1 0 1 0 0 0 0 1 1 0 - 1 1 1 1 0 0 0 0 0 1 1 1 1 1 0 0 1 - 0 1 1 1 - 0 - - 0 0 - 0 1 1
  53.7       NODE_8445_PO _3947       0 0 1 1 1 1 1 0 1 0 0 1 - 1 0 0 - 1 0 - 0 0 1 1 0 1 0 1 1 0 0 1 - 1 - 1 0 1 0 0 1 1 0 0 1 0 0 1 1 1 0 0 0 1 0 0 0 1 - 1 1 1 1 0 0 1 1 1 1 1 1 1 1 0 1 0 1 0 0 0 0 1 1 0 - 1 1 1 1 0 0 0 0 0 - 1 1 1 1 0 0 1 - 0 1 1 1 0 0 - - 0 0 - 0 1 1
  55.6       NODE_4407_PO _14502      0 0 1 1 1 1 1 0 1 0 0 1 0 1 0 0 1 1 0 - 0 0 1 1 0 1 0 1 1 0 0 1 - 1 - 1 1 1 0 0 1 1 0 0 1 0 0 1 1 1 0 0 0 0 0 0 0 1 - 1 1 1 1 0 0 1 1 1 1 1 1 1 1 0 1 0 1 0 0 0 0 1 1 0 0 1 1 1 1 0 0 0 0 0 1 1 1 1 1 0 0 1 1 0 1 1 1 0 0 - 0 0 0 - 0 1 1
  56.5       NODE_4407_PO _511        0 0 1 1 1 1 1 0 1 0 0 1 0 1 0 0 - 1 0 - 0 0 1 1 0 1 0 1 1 0 0 1 - 1 - 1 1 1 0 0 1 1 0 0 1 0 0 1 1 1 0 0 0 0 0 0 0 1 - 1 1 1 1 0 0 1 1 1 1 1 1 1 1 0 1 0 1 0 0 0 0 1 1 0 1 1 1 1 1 0 0 0 0 0 1 1 1 1 1 0 0 1 1 0 1 1 1 0 0 - 0 0 0 - 0 1 1
  57.4       NODE_4703_PO _6444       0 0 1 1 1 1 1 0 1 0 0 0 - 1 0 0 - 1 0 - 0 0 1 1 0 1 0 1 1 0 0 1 - 1 - 1 1 1 0 0 1 1 0 0 1 0 0 1 1 1 0 0 0 0 0 0 0 1 - 1 1 1 1 0 0 1 1 1 1 1 1 1 1 0 1 0 1 0 0 0 0 1 1 0 - 1 1 1 1 0 0 0 0 0 1 1 1 1 1 0 0 1 1 0 1 1 1 0 0 - 0 0 0 - 0 1 1
  58.4       NODE_6248_PO _1282       0 0 1 1 1 1 1 0 1 0 0 0 - 0 0 0 - 1 0 0 0 0 1 1 0 1 0 1 1 0 0 - - 1 - 1 - 1 0 0 1 1 0 0 1 0 0 1 1 1 0 0 0 0 0 0 0 1 1 1 1 1 1 0 0 1 1 1 1 1 1 1 1 0 1 0 1 0 0 0 0 1 1 0 - 1 1 1 1 0 0 0 0 0 1 1 1 1 1 0 0 1 - 0 1 1 1 - 0 - - 0 0 - 0 1 1
  66.1       NODE_2636_PO _14737      0 1 1 1 1 0 1 0 0 0 0 0 - 0 0 0 1 1 1 0 0 0 0 1 0 1 0 1 1 0 0 1 - 1 - 1 1 1 0 0 1 0 0 0 1 0 0 1 1 1 0 0 0 0 0 0 0 1 - 1 1 1 1 0 0 1 1 1 1 1 1 1 1 0 1 0 1 0 0 0 0 1 1 0 0 0 1 1 1 0 0 0 0 0 1 1 1 1 1 0 1 1 0 0 1 1 1 - 0 - 0 0 0 - 0 1 1
  68.9       NODE_397_PO _48930       0 1 1 1 1 0 1 0 0 0 0 0 0 0 0 1 1 1 1 0 0 0 0 1 0 1 0 1 1 0 0 1 - 1 - 1 1 1 0 0 1 0 0 0 1 0 0 1 1 1 0 0 0 - 0 0 0 - - 1 1 0 1 0 0 1 1 1 1 1 1 1 1 0 1 0 1 0 0 0 0 1 1 0 0 0 1 1 1 0 0 0 0 0 1 1 1 1 1 1 1 1 - 0 1 1 1 0 0 - 0 0 0 - 0 1 1
  69.9       NODE_2025_PO _17920      0 1 1 1 1 0 1 0 0 0 0 0 0 0 0 1 - 1 1 0 0 0 0 1 0 1 0 1 1 0 0 1 - 1 - 1 1 1 0 0 1 0 0 0 1 0 0 1 1 1 0 0 0 0 0 0 0 - - 1 1 0 1 0 0 1 1 1 1 1 1 1 1 0 1 0 1 0 0 0 0 1 1 0 0 0 1 1 1 0 0 0 0 0 1 1 1 1 1 1 1 1 0 0 1 1 1 0 0 - 0 1 0 - 0 1 1
  71.8       NODE_56_PO _25460        0 1 1 1 1 0 1 0 0 0 0 0 0 0 0 1 - 1 1 - 0 0 0 1 0 1 0 1 1 0 0 1 0 1 - 1 1 1 0 0 1 0 0 0 - 0 0 1 1 1 0 0 0 0 0 0 0 1 - 1 1 0 1 0 0 1 1 1 1 1 1 1 1 0 0 0 1 0 0 0 0 1 1 0 - 0 1 1 1 0 0 0 0 0 1 1 1 1 1 1 1 1 - 0 1 1 1 - 0 - - 1 0 - 0 0 1
  72.7       NODE_56_PO _85637        0 1 1 1 1 0 1 0 0 0 0 0 0 0 0 1 1 1 1 0 0 0 0 1 0 1 0 1 1 0 0 1 - 1 - 1 1 1 0 0 1 0 0 0 1 0 0 1 1 1 0 0 0 0 0 0 0 1 0 1 1 0 1 0 0 1 1 1 1 1 1 1 1 0 0 0 1 0 0 0 0 1 1 0 - 0 0 1 1 0 0 0 0 0 1 1 1 1 1 1 1 1 - 0 1 1 1 0 0 - - 1 0 - 0 0 1
  73.6       NODE_2145_PO _321        0 1 1 1 1 0 1 0 0 0 0 0 0 0 0 1 1 1 1 0 0 0 0 1 0 1 0 1 1 0 0 1 0 1 - 1 1 1 0 0 1 0 0 0 1 0 0 1 1 1 0 0 0 0 0 0 0 1 - 1 1 0 1 0 0 1 1 1 1 1 1 1 1 0 0 0 1 0 0 0 0 1 1 0 - 0 0 1 1 0 0 0 0 0 1 1 1 1 1 1 1 1 - 0 1 1 1 0 0 - 0 1 1 - 0 0 1
  74.6       NODE_6509_PO _7064       0 1 1 1 1 0 1 0 0 0 0 0 0 0 0 1 1 1 1 - 0 0 0 1 0 1 0 1 1 0 0 1 0 1 - 1 1 1 0 0 1 0 0 0 1 0 0 1 1 1 0 - 0 0 0 0 0 1 - 1 1 0 1 0 0 1 1 1 1 1 1 1 1 0 0 0 1 0 0 0 0 1 1 0 0 0 0 1 1 0 0 0 0 0 1 1 1 1 1 1 1 1 - 0 1 1 0 - 0 - 0 1 1 - 0 0 1
  77.5       NODE_550_PO _54327       0 - 1 1 1 0 1 0 0 0 0 0 - 0 0 1 - 1 1 - 0 0 0 1 0 1 0 1 1 0 0 1 - 1 - 1 1 0 0 0 1 0 0 0 - 0 0 1 1 0 0 - 0 0 0 0 0 - - 1 1 0 1 1 0 1 1 1 - 1 1 1 1 0 0 0 1 0 0 0 0 1 1 0 - 0 0 1 1 0 0 0 0 0 1 1 1 1 1 1 1 1 - 0 1 1 0 - 0 - 0 1 1 - 0 0 1
  82.5       NODE_207_PO _26029       0 1 1 1 1 1 1 0 0 0 0 0 0 0 0 1 1 1 1 0 0 0 0 1 0 1 0 1 1 0 0 1 - 1 - 1 1 0 0 0 1 0 0 0 1 0 0 1 1 0 0 0 0 0 0 0 1 1 - 1 1 0 1 1 1 1 1 1 1 1 1 1 1 0 0 0 1 0 0 0 0 1 1 0 - 0 0 1 1 0 0 0 0 0 1 0 1 1 1 1 1 1 - 0 1 1 0 0 0 - 0 1 1 - 1 0 1
  86.3       NODE_2412_PO _4598       0 1 1 1 1 1 1 0 0 0 0 0 - 0 0 1 - 1 1 - 0 0 0 1 0 1 0 1 1 0 0 0 - 1 - 1 1 0 1 0 1 0 0 0 - 0 0 1 1 0 0 0 0 0 0 0 1 1 - - 0 0 1 1 1 1 1 1 1 1 1 1 0 0 0 0 1 0 0 0 0 1 1 0 0 0 0 1 1 0 0 0 0 0 1 0 1 1 1 1 - 1 - 0 1 1 0 0 0 - 0 1 1 - 1 0 1
  90.2       NODE_737_PO _21166       0 1 1 1 1 1 1 0 0 0 0 0 0 0 0 1 - 1 1 - 0 0 0 1 0 1 0 1 1 0 0 0 - 1 - 0 1 0 1 0 1 0 0 0 1 0 0 1 1 0 0 0 0 0 0 0 1 1 0 1 0 0 0 1 1 1 1 1 1 1 1 1 0 0 0 0 1 0 0 0 0 1 1 0 0 0 0 1 1 1 0 0 0 0 1 0 1 1 0 1 1 1 - 0 1 1 0 0 0 - 0 1 1 - 1 0 1
  91.1       NODE_767_PO _39384       0 1 1 1 1 1 1 0 0 0 0 0 0 0 0 1 0 1 1 0 0 0 0 1 0 1 0 1 1 0 0 0 - 1 - 0 1 0 1 0 1 0 0 0 1 0 0 1 1 0 0 0 0 0 0 0 1 1 - 1 0 0 0 1 1 1 1 1 1 1 1 1 0 0 0 0 1 0 0 0 0 1 1 0 - 0 0 1 1 1 1 0 0 0 1 0 1 1 0 1 1 1 - 0 1 1 0 - 0 - 0 1 1 - 1 0 1
  92.9       NODE_4030_PO _10264      0 1 1 1 1 1 1 0 0 0 0 0 - 0 0 1 0 1 1 - 0 1 0 1 0 1 0 1 1 0 0 0 0 1 - 0 1 0 1 0 1 0 0 0 1 0 0 1 1 0 0 0 0 0 0 0 1 1 0 1 0 0 0 1 1 1 1 1 1 1 1 1 0 0 0 0 1 0 0 0 0 1 1 0 - 0 1 1 1 1 1 0 0 0 1 0 1 1 0 1 1 1 - 0 1 1 0 - 0 - 0 1 1 - 1 0 1
  96.8       NODE_561_PO _15170       0 1 1 1 1 1 1 0 0 0 0 0 1 0 0 1 0 1 1 0 0 1 0 1 0 1 0 1 1 0 0 0 - 1 - 0 1 0 1 0 1 0 0 0 - 0 0 1 1 0 0 1 1 0 0 0 1 1 - 1 0 0 0 1 1 1 0 1 1 1 1 0 0 0 0 0 1 0 0 0 0 1 1 0 - 0 1 1 1 1 1 0 0 0 1 0 1 1 0 1 - 1 0 0 1 1 0 - 0 - 0 1 1 - 1 0 1
  98.6       NODE_231_PO _74196       0 1 1 1 0 1 1 0 0 0 0 0 1 0 0 1 0 1 1 0 0 1 0 1 0 1 0 1 1 0 0 0 - 1 - 0 1 0 1 0 1 0 0 0 1 0 0 1 1 0 0 1 1 0 0 0 1 1 0 1 0 0 0 1 1 1 0 1 1 1 1 0 0 0 0 0 1 0 0 0 0 1 1 0 1 0 1 1 1 1 1 0 0 0 1 0 1 1 0 1 1 1 - 0 1 1 0 - 0 - - 0 1 - 1 0 1
  102.3      NODE_184_PO _56296       0 1 1 1 0 1 1 1 0 0 0 1 1 0 0 1 0 1 1 0 0 1 0 1 0 1 0 1 1 0 0 0 - 1 - 0 1 0 1 0 1 0 0 0 1 0 0 1 1 0 0 1 1 0 0 0 1 1 0 1 0 0 0 1 1 1 0 1 1 1 1 0 0 0 0 0 1 0 0 0 0 1 1 0 1 0 1 1 1 1 1 0 0 1 1 0 0 1 0 1 1 1 - 0 1 1 0 1 0 - 0 0 1 - 1 0 1
  105.9      NODE_4750_PO _2729       0 1 1 1 0 1 1 1 0 0 0 1 0 0 0 1 0 1 1 0 0 1 0 1 0 1 0 1 1 0 0 0 - 1 - 0 1 0 1 0 1 0 0 0 1 0 0 1 1 0 0 1 1 0 0 0 1 1 0 1 0 0 0 1 1 1 0 1 1 0 1 0 0 0 0 1 1 0 0 0 0 1 1 0 - 0 1 1 1 1 1 1 0 1 1 0 0 1 0 1 1 1 0 0 1 1 0 1 0 - 0 0 1 - 1 0 1
  106.8      NODE_45_PO _43622        0 1 1 1 0 1 1 1 0 0 0 1 - 0 0 0 0 1 1 - 0 1 0 1 0 1 0 1 1 0 0 0 0 1 - 0 1 0 1 0 1 0 0 0 1 0 0 1 1 0 0 1 1 0 0 0 1 1 0 1 0 0 0 1 1 1 0 1 1 0 1 0 0 0 0 1 1 0 0 0 0 1 1 0 1 0 1 1 1 1 1 1 0 1 1 0 0 1 0 1 1 1 - 0 1 1 0 1 0 - 0 0 1 - 1 0 1
  109.5      NODE_659_PO _28354       0 1 1 1 0 1 1 1 0 0 0 1 1 0 0 0 0 1 0 - 0 1 0 1 0 1 0 1 1 0 0 0 - 1 - 0 1 0 1 0 1 0 0 0 1 0 0 1 1 0 0 1 1 0 0 0 1 1 - 0 0 0 0 1 1 1 0 1 1 0 1 0 0 0 0 1 1 0 0 0 0 1 0 0 1 0 1 1 1 1 1 1 0 1 1 0 0 1 0 1 1 1 - 0 1 1 0 1 0 - 0 0 1 - 1 0 1
  110.5      NODE_1266_PO _22215      0 1 1 1 0 1 1 1 0 0 0 1 - 0 0 0 0 1 0 - 0 1 0 1 0 1 0 1 1 0 1 0 - 1 - 0 1 0 1 0 1 0 0 0 1 0 0 1 1 0 0 1 1 0 0 0 1 1 - 0 0 0 0 1 1 1 0 1 1 0 1 0 0 0 0 1 1 0 0 0 0 1 0 0 - 0 1 1 1 1 1 1 0 1 1 0 0 1 0 1 1 1 - 0 1 1 0 - 0 - - 0 1 - 1 0 1
  113.3      NODE_3095_PO _1950       0 1 1 1 0 1 1 1 0 0 0 1 - 0 0 0 0 1 0 0 0 1 0 1 0 1 0 1 1 0 1 0 - 1 - 0 1 0 1 1 1 0 0 0 1 0 0 1 1 0 0 1 1 0 0 0 1 1 - 0 0 0 0 1 1 1 0 1 1 0 1 0 0 0 0 1 1 0 0 0 0 0 0 0 1 0 1 1 1 0 1 1 0 1 1 0 0 1 0 1 1 1 - 0 1 1 0 1 0 - 0 0 1 - 1 0 1
  114.2      NODE_302_PO _43899       0 1 1 1 0 1 1 1 0 0 0 1 1 0 0 0 0 1 0 0 0 1 0 1 0 1 0 1 1 0 1 0 - 1 - 0 1 0 1 1 1 0 0 0 1 0 0 1 1 0 0 1 1 0 0 0 1 - - 0 0 0 0 1 1 1 0 1 1 0 0 0 0 0 0 1 1 0 0 0 0 0 0 0 - 0 1 1 1 0 1 1 0 1 1 0 0 1 0 1 1 1 - 0 1 1 0 - 0 - 0 0 1 - 1 0 1
  117.9      NODE_9096_PO _4722       0 1 1 1 0 0 1 1 0 0 0 1 1 0 0 0 0 1 0 0 0 1 0 1 0 1 0 1 1 0 1 0 - 1 - 0 1 0 1 1 1 0 0 0 1 0 0 1 1 0 0 0 1 0 0 0 1 1 - 0 0 0 0 1 1 1 0 1 1 0 0 0 1 0 0 1 1 0 0 0 0 0 0 1 - 0 1 1 1 0 1 1 0 1 1 0 0 1 0 1 1 1 - 0 1 1 0 1 0 - 0 0 1 - 1 0 1
  121.6      NODE_2020_PO _25922      0 1 1 1 0 0 1 1 0 0 0 1 1 0 0 0 0 1 0 - 0 1 1 1 0 1 0 1 1 0 1 0 - 1 - 0 1 0 1 1 1 0 0 1 1 0 0 0 1 0 0 0 1 0 0 0 1 1 - 0 0 0 0 1 1 1 0 1 1 0 0 0 1 0 0 1 1 0 0 0 0 0 0 1 - 0 1 1 1 0 1 1 0 1 1 0 0 1 0 1 1 1 - 0 1 1 0 1 0 - 0 0 1 - 1 0 0
  122.5      NODE_2020_PO _18305      0 1 1 1 0 0 1 1 0 0 0 1 1 0 0 0 - 1 0 - 0 1 1 1 0 1 0 1 1 0 1 0 - 1 - 0 1 - 1 1 1 0 0 1 1 0 0 0 1 0 0 0 0 0 0 0 1 1 - 0 0 0 0 1 1 1 0 1 1 0 0 0 1 0 0 1 1 0 0 0 0 0 0 1 - 0 1 1 1 0 1 1 0 1 1 0 0 1 0 1 1 1 - 0 1 1 0 1 0 - 0 0 1 - 1 0 0
  125.3      NODE_1882_PO _2650       0 1 1 1 0 0 1 1 0 0 0 1 1 0 0 0 0 1 0 0 0 1 1 1 0 1 0 1 1 0 1 0 - 1 - 0 1 0 1 1 1 0 0 1 1 0 0 0 1 0 0 0 0 0 0 0 1 1 - 0 0 0 0 0 1 1 0 1 1 0 0 0 1 0 0 1 1 1 0 0 0 0 1 1 - 0 1 1 1 0 1 1 0 1 1 0 0 1 0 1 1 1 0 0 1 1 0 1 0 - 0 0 1 - 1 0 0
  127.2      NODE_2873_PO _6909       0 1 1 1 0 0 1 1 0 0 0 1 - 0 0 0 0 1 0 - 0 1 1 1 0 1 0 1 1 0 1 0 - 1 - 0 1 0 1 1 1 0 0 1 1 0 0 0 1 0 0 0 0 0 0 0 1 1 - - 1 0 0 0 1 1 0 1 1 0 0 0 0 0 0 1 1 1 0 0 0 0 1 1 - 0 1 1 1 0 1 1 0 1 1 0 0 1 0 1 1 1 - 0 1 1 0 - 0 - 0 0 1 - 1 0 0
  130.1      NODE_5211_PO _10060      0 1 1 1 0 0 1 1 0 0 0 1 - 0 0 0 0 1 0 - 0 1 1 1 0 1 0 1 1 1 1 0 - 1 - 0 1 0 1 1 1 0 0 1 1 0 0 0 1 0 0 0 0 0 - 0 1 1 - 0 1 0 0 0 1 1 0 1 1 0 0 0 0 0 0 1 1 1 0 0 0 0 1 1 - 0 1 1 1 0 1 1 0 1 1 0 0 1 0 1 0 1 - 0 1 1 0 - 0 - 0 0 0 - 1 0 0
  136.1      NODE_3889_PO _12079      0 1 0 1 0 0 1 1 0 0 0 1 - 0 0 0 - 1 0 - 0 1 1 1 0 0 0 1 1 1 1 0 - 1 - 0 1 0 1 1 1 0 0 1 - 0 0 0 1 0 0 0 0 0 1 0 0 1 - 0 1 0 0 0 - 0 0 1 1 0 0 0 0 0 1 1 1 1 0 0 0 0 1 1 1 0 1 1 1 0 1 1 0 1 1 1 0 1 0 1 - 1 - - 1 1 0 1 0 - - 0 0 - 1 0 0
  140.0      NODE_1592_PO _13421      0 1 0 1 0 0 1 1 1 0 0 1 - 0 0 0 0 1 0 0 0 1 1 1 0 0 0 1 1 1 1 0 1 1 - 0 1 0 1 1 1 0 1 1 1 0 0 0 1 0 0 0 1 0 1 0 0 1 - 0 1 0 0 0 0 0 0 1 1 0 0 0 0 0 1 1 1 1 0 0 0 0 1 1 0 0 1 1 1 0 1 1 0 1 1 1 0 1 0 1 0 1 0 0 1 1 0 1 0 - 0 0 0 - 1 0 0
  145.5      NODE_2770_PO _13616      0 1 0 1 1 0 1 1 1 0 0 1 - 0 0 0 0 1 0 - 0 1 1 1 0 0 0 1 1 1 1 0 0 1 - 0 1 0 1 1 1 0 1 1 1 0 0 0 1 0 0 0 1 0 1 0 0 - - 0 1 0 0 0 0 0 0 1 1 0 0 0 0 0 1 1 1 1 0 0 0 0 1 1 1 0 1 1 1 0 1 1 0 1 1 1 0 0 0 1 0 0 - 0 1 1 0 1 0 - 0 0 0 - 0 0 0
  150.2      NODE_4527_PO _12354      0 1 0 1 1 0 1 1 1 0 0 0 - 0 0 0 0 1 0 0 0 1 1 1 0 0 0 1 0 1 1 0 - 1 - 0 1 0 0 1 1 0 1 1 1 0 0 0 1 0 0 0 1 0 1 0 0 1 - 0 1 0 0 0 0 0 0 1 1 0 0 0 0 0 1 1 0 1 0 0 0 0 1 1 - 1 1 1 1 0 1 1 0 1 1 1 0 0 0 1 0 0 - 0 1 1 0 - 0 - 0 0 0 - 0 0 0
  152.1      NODE_1113_PO _8250       0 1 0 1 1 0 1 1 1 0 0 0 1 0 0 0 - 1 0 - 0 1 1 1 0 0 0 1 0 1 1 0 - 1 - 0 1 0 0 1 1 0 1 1 1 0 0 0 1 1 0 0 1 0 1 0 0 - - 0 1 0 0 0 0 0 0 1 1 0 0 0 0 1 1 1 0 1 0 0 0 0 1 1 - 1 1 1 1 0 1 1 0 1 1 1 0 0 0 1 0 0 0 0 1 1 0 1 0 - 0 0 0 - 0 0 0
  157.1      NODE_3205_PO _10498      0 1 0 1 1 0 1 1 1 0 0 0 - 0 0 0 0 1 0 - 0 1 1 0 0 0 0 1 0 1 1 0 - 1 - 0 1 - 0 1 1 0 1 1 - 1 0 0 1 1 0 0 1 0 1 0 1 - - 0 1 0 0 0 0 0 0 0 - 0 0 0 0 1 1 1 0 1 0 0 0 0 1 1 - 1 1 0 1 0 1 1 0 1 1 1 0 0 0 1 - 0 - 0 1 1 0 - 0 - 0 0 0 - 0 0 0
  161.0      NODE_6649_PO _9823       0 1 1 1 1 0 1 1 1 0 0 0 1 0 0 0 0 1 0 - 0 1 1 0 0 0 1 1 0 1 1 0 - 1 - 0 1 0 0 1 1 0 1 1 1 1 0 0 1 1 0 0 1 0 1 0 1 1 - 0 1 0 0 0 0 0 0 0 - 0 0 0 0 1 1 1 0 1 0 1 0 0 1 1 - 1 1 0 1 0 1 1 0 1 1 1 0 0 1 1 0 0 - 0 1 1 0 1 0 - 0 0 0 - 0 0 0
  162.9      NODE_5758_PO _6330       0 1 1 1 1 0 1 0 1 0 0 0 - 0 0 0 0 0 0 - 0 1 1 0 0 0 1 1 0 1 1 0 - 1 - 0 1 0 0 1 1 0 1 1 1 1 0 0 1 1 0 0 1 0 1 0 1 1 - 0 1 0 0 0 0 0 0 0 1 0 0 0 0 1 1 1 0 1 0 1 0 0 1 1 - 1 1 0 1 0 1 1 0 1 1 1 0 0 1 1 0 0 - 0 1 1 0 1 0 - 0 0 0 - 0 0 0
  163.8      NODE_1227_PO _35589      0 1 1 1 1 0 1 0 1 0 0 0 1 0 1 0 0 0 0 - 0 1 1 0 0 0 1 1 0 1 1 0 - 1 - 0 1 0 0 1 1 0 1 1 1 1 0 0 1 1 0 0 1 0 1 0 1 1 - 0 1 0 0 0 0 0 0 0 1 0 0 0 0 1 1 1 0 1 0 1 0 0 1 1 - 1 1 0 1 0 1 1 0 1 - 1 0 0 1 1 0 0 - 0 1 1 0 - 0 - 0 0 0 - 0 0 0
  167.6      NODE_10488_PO _310       0 1 1 1 1 0 1 0 1 0 0 0 1 0 1 1 0 0 0 1 0 1 1 0 0 0 1 1 0 0 1 0 - 1 1 0 1 1 0 1 1 0 1 1 1 1 0 0 1 1 0 0 1 0 1 0 1 1 0 0 1 0 0 0 0 0 0 0 1 0 0 0 0 1 1 1 0 1 0 1 0 0 1 1 1 1 0 0 1 0 1 1 0 1 1 1 0 0 1 1 0 0 0 0 1 1 0 0 0 - 0 0 0 - 0 0 0
