  0.0        NODE_3362_PO _15133      1 0 1 0 0 0 0 0 0 1 1 0 0 0 0 0 0 1 1 0 0 1 1 1 1 0 1 0 1 1 1 0 - 0 - 1 0 0 1 0 1 0 1 1 1 1 1 1 1 1 0 1 1 1 1 1 1 1 - 1 0 1 0 0 1 0 0 0 0 0 0 0 1 0 1 0 1 0 1 1 1 0 1 1 0 0 0 0 1 1 1 0 0 0 0 1 1 1 0 1 0 0 0 1 0 1 1 1 0 - 0 1 1 - 1 0 0
  2.8        NODE_5969_PO _8657       1 0 1 0 0 0 0 0 0 0 1 0 0 0 0 0 0 1 1 - 0 1 1 1 1 0 1 - 1 1 1 0 - 0 - 1 0 0 1 0 1 0 1 1 1 1 1 1 1 1 0 1 1 0 1 1 1 1 - 1 0 1 0 0 1 0 0 0 0 0 0 0 1 0 1 0 1 0 1 1 1 0 1 1 - 0 0 0 1 1 1 0 0 0 0 0 1 1 0 1 0 0 - 1 0 1 1 1 0 - 0 1 1 - 1 0 0
  9.4        NODE_315_PO _18223       1 0 1 0 0 0 0 0 0 0 1 0 0 0 0 0 - 1 1 0 0 1 1 1 1 0 1 0 1 1 1 0 - 0 - 1 0 0 1 1 1 0 1 1 1 1 1 1 0 1 0 1 0 0 1 1 1 1 - - 0 1 0 0 1 0 1 0 0 0 1 0 1 0 1 0 1 0 1 1 1 0 1 1 0 0 0 0 1 1 1 0 0 0 0 0 1 1 0 1 0 1 - 1 0 1 1 1 0 - 0 1 0 - 1 0 0
  11.3       NODE_13434_PO _1106      1 0 1 0 0 0 0 0 0 0 1 0 - 0 0 0 - 1 1 - 0 1 1 1 1 0 1 0 1 1 1 0 - 0 - 1 0 0 1 1 1 0 1 1 1 1 1 1 0 1 0 1 0 0 - 1 1 1 0 - 0 1 0 0 1 0 1 0 - 0 1 0 0 0 1 0 1 0 1 1 1 0 1 1 - 0 0 0 1 1 1 0 0 0 0 0 1 1 0 1 0 1 - 1 0 1 0 1 0 - 0 1 0 - 1 0 0
  14.3       NODE_4528_PO _1046       1 0 1 0 0 0 0 0 0 0 1 0 - 0 0 0 - 1 1 - 0 1 1 1 1 0 1 0 1 1 1 0 - 0 - 1 0 0 0 1 1 0 1 1 - 1 1 1 0 1 0 1 0 0 1 0 1 1 - - - 1 0 0 1 0 1 0 0 0 1 0 0 0 1 0 1 0 1 1 1 0 1 1 0 0 0 0 1 1 1 0 0 0 0 0 1 1 0 1 - 1 - 1 0 1 0 1 0 - 0 1 0 - 1 0 1
  15.4       NODE_3451_PO _16669      1 0 1 0 0 0 0 0 0 0 1 0 - 0 0 0 - 1 1 - 0 1 1 1 1 0 1 - 1 1 1 0 - - - 1 0 - 0 1 1 0 1 1 1 1 1 1 0 1 0 1 0 0 1 0 1 - - - - 1 0 0 1 0 1 0 - 0 1 0 0 0 0 0 1 0 1 1 1 0 1 1 - 0 0 0 1 1 1 0 0 0 - 0 1 1 0 1 0 1 - 1 0 1 0 1 0 - - 1 - - 1 0 1
  18.5       NODE_852_PO _14897       1 0 1 0 0 0 0 0 0 0 1 0 - 0 0 0 0 1 1 - 0 1 1 1 1 0 1 0 1 1 1 0 - 0 - 1 0 0 0 1 1 0 1 1 - 1 1 1 0 1 0 0 0 0 0 0 0 1 - - 0 1 0 0 1 0 1 0 - 0 1 0 0 0 0 0 1 0 1 1 1 0 1 1 0 0 0 0 1 1 1 0 0 0 0 0 1 1 0 1 0 1 0 1 0 1 0 1 0 - 0 1 0 - 1 0 1
  23.2       NODE_2279_PO _9959       1 0 1 0 0 0 0 0 0 0 1 0 0 0 0 0 0 0 1 0 0 1 1 0 1 0 1 0 1 1 1 0 0 0 - 1 0 0 0 1 1 0 1 1 1 1 1 1 0 1 0 0 0 0 0 0 0 1 - 1 0 0 0 0 1 0 1 0 0 0 1 0 0 0 0 1 1 0 1 1 1 0 1 1 0 0 0 0 1 1 1 0 0 1 0 0 1 1 0 1 0 1 0 1 0 1 0 1 0 - 0 1 0 - 1 0 1
  28.3       NODE_8902_PO _3141       0 1 1 0 0 0 0 0 0 0 1 0 - 0 0 0 - 0 1 - 0 0 1 0 1 0 1 0 1 1 1 0 - 0 - 1 0 0 0 1 1 0 1 1 - 1 1 1 0 0 0 - 0 0 - 0 0 - - - - 0 0 0 - 0 1 0 - 1 1 0 0 0 0 1 1 0 1 1 1 0 1 1 0 0 0 0 1 1 1 0 0 1 0 0 1 1 0 1 - - - 1 0 1 0 1 0 - 0 1 0 - 1 0 1
  29.3       NODE_3827_PO _13048      0 1 1 0 0 0 0 0 0 0 0 0 - 0 0 0 - 0 1 - 0 0 1 0 1 0 1 0 1 1 1 0 1 0 - 1 0 0 0 1 1 0 1 1 1 1 1 1 0 0 0 - 0 0 0 0 0 1 0 1 0 0 0 0 1 0 1 0 0 1 1 0 0 0 0 1 1 0 1 1 1 0 1 1 - 0 0 0 1 1 1 0 0 1 0 0 1 1 0 1 0 1 0 1 0 1 0 1 0 - 0 1 0 - 1 0 1
  32.2       NODE_213_PO _1568        0 1 1 0 0 0 0 0 0 0 0 0 0 0 0 0 - 0 1 - 0 0 1 0 1 0 1 0 1 1 0 0 - 0 - 1 0 0 0 1 1 0 1 1 1 1 1 1 0 0 0 0 0 0 0 0 0 - - - 0 0 1 0 1 0 1 0 0 1 1 0 0 0 0 1 1 0 1 1 1 0 1 1 0 0 0 0 1 1 1 1 0 1 0 0 1 1 0 1 0 1 - - 0 1 0 1 0 - 0 1 0 - 1 0 1
  36.4       NODE_1003_PO _25948      0 1 1 1 0 0 0 0 0 0 0 0 - 0 1 - - 0 1 0 0 0 1 0 1 0 1 1 1 1 0 0 0 0 - 1 0 - 0 1 1 0 1 1 - 1 1 1 0 0 0 0 0 0 - 0 0 - - - 0 0 1 0 1 0 1 - 0 1 1 0 0 0 0 1 - 0 1 1 1 - 1 1 - 0 0 0 1 1 1 1 0 1 - 0 1 1 0 1 0 1 - 1 0 1 0 0 0 - 0 1 0 - 1 0 1
  40.8       NODE_3660_PO _16833      0 1 1 1 0 0 0 1 0 0 0 0 - 0 1 0 - 0 1 - 0 0 1 0 1 0 1 1 1 1 0 0 - 0 - 1 0 - - 1 1 0 1 1 - 1 1 1 0 0 0 - 0 - - 1 0 1 - - 0 0 1 1 1 0 1 0 - 1 0 0 0 0 0 1 1 - 1 1 1 0 1 1 - 0 0 0 1 1 1 1 0 1 1 0 1 1 0 1 - 1 - 1 0 1 0 0 0 - 0 1 0 - 1 0 1
  41.8       NODE_3089_PO _3238       0 1 1 1 0 0 0 1 0 0 0 0 0 0 1 0 - 0 1 0 0 0 1 0 1 0 1 1 1 1 0 0 0 0 - 1 0 0 0 1 1 0 1 1 1 1 1 1 0 0 0 0 0 0 0 1 0 1 - - 0 0 1 1 1 0 1 0 1 1 0 0 0 0 0 1 1 0 1 1 1 1 1 1 0 0 0 0 1 1 1 1 0 1 1 0 1 1 0 1 0 1 0 1 0 1 0 0 0 - 0 1 0 - 1 0 1
  46.5       NODE_958_PO _14846       0 1 1 1 0 0 1 1 0 0 0 0 0 0 1 0 - 0 1 0 0 0 1 0 1 0 1 1 1 1 0 0 - 0 - 1 0 0 0 1 1 0 0 1 1 1 1 1 0 0 0 0 0 0 0 1 0 1 - 1 0 0 1 1 1 0 1 0 1 1 0 0 0 0 0 1 0 0 1 1 1 1 1 1 0 1 0 0 1 1 1 1 0 1 1 0 1 1 0 1 0 1 - 1 0 1 0 - 0 - 0 1 0 - 1 1 1
  47.4       NODE_392_PO _25935       0 1 1 1 0 0 1 1 0 0 0 0 0 0 1 0 0 0 0 - 0 0 1 0 1 0 1 1 1 1 0 0 - 0 - 1 0 0 0 1 1 0 0 1 1 1 1 1 0 0 0 0 0 0 0 1 0 - - 1 0 0 1 1 1 0 1 0 1 1 0 0 0 0 0 1 0 0 1 1 1 1 1 1 - 1 0 0 1 1 1 1 0 1 1 0 1 1 0 1 0 1 - 1 0 1 0 0 0 - 0 1 0 - 1 1 1
  48.3       NODE_392_PO _57598       0 1 1 1 0 0 1 1 0 0 0 0 0 0 1 0 0 0 0 - 0 0 1 0 1 0 1 1 1 1 0 0 - 0 - 1 0 0 0 1 1 0 0 1 1 1 1 1 0 0 0 0 0 0 0 1 0 1 0 1 0 0 1 1 1 0 1 0 1 1 0 0 0 0 0 1 0 0 1 1 0 1 1 1 0 1 0 0 1 1 1 1 0 1 1 0 1 1 0 1 0 1 - 1 0 1 0 0 0 - 0 1 0 - 1 1 1
  49.3       NODE_1963_PO _7362       0 1 1 1 0 0 1 1 0 0 0 0 0 0 1 0 0 0 0 - 0 0 1 0 1 0 1 1 1 1 0 0 1 0 - 1 0 - - 1 1 0 0 1 - 1 1 1 0 0 0 0 0 0 - 1 0 - 0 1 0 0 1 1 1 0 1 0 - 1 0 0 0 0 0 1 0 0 1 1 0 1 0 1 0 1 0 0 1 1 1 1 0 1 - 0 1 1 0 1 - 1 - 1 0 1 0 - 0 - 0 1 0 - 1 1 1
  52.4       NODE_92_PO _58062        0 1 1 1 0 0 1 1 0 0 1 0 0 0 1 0 0 0 0 - 0 0 1 0 1 0 1 1 1 0 0 0 - 0 - 1 0 0 0 1 1 0 0 1 1 1 1 1 0 0 0 0 0 0 - 1 0 - - 1 0 0 1 1 1 0 1 - 1 1 0 0 0 0 0 1 0 0 1 1 0 1 0 1 0 1 0 0 1 1 1 1 0 1 1 0 1 1 0 1 - 1 - - 0 1 0 - 0 - - 1 0 - 0 1 1
  53.4       NODE_2051_PO _11906      0 1 1 1 0 0 1 1 0 0 1 0 - 0 1 0 - 0 0 - 0 0 1 0 1 0 1 1 1 0 0 0 - - - 1 0 0 0 1 1 - 0 0 1 1 1 1 0 0 0 - 0 0 0 1 0 - - - 0 0 1 1 1 0 1 0 1 1 0 0 0 0 0 1 0 0 1 1 0 1 0 1 - 1 0 0 1 1 1 1 0 1 1 0 1 1 0 1 - 1 - 1 0 1 0 - 0 - 0 1 0 - 0 1 1
  58.6       NODE_1775_PO _28700      0 1 1 1 0 0 1 1 0 0 1 0 - 1 1 0 - 0 0 - 0 0 0 0 1 0 1 1 1 0 0 0 - 0 - 1 1 0 0 1 1 0 0 0 - 1 1 1 0 0 0 0 0 0 0 1 0 - - 1 0 0 1 1 1 0 1 0 - 1 0 0 0 0 0 1 0 0 0 1 0 1 0 1 0 1 0 0 1 1 1 1 0 1 1 0 1 1 0 1 0 1 - 1 0 1 0 0 1 - - 1 0 - 0 1 1
  63.4       NODE_167_PO _3431        0 1 1 1 0 0 1 1 0 0 1 0 1 1 1 0 - 0 0 1 0 0 0 0 1 0 1 1 1 0 0 0 - 0 - 1 1 0 0 1 1 0 0 0 0 1 0 1 0 0 1 0 0 0 0 1 0 - - - 0 1 1 1 1 0 1 0 1 1 0 0 0 0 0 1 0 0 1 1 0 1 0 1 0 1 0 0 1 1 1 1 0 1 1 0 1 1 0 1 0 1 - 1 0 1 0 0 1 - 0 1 0 - 0 1 0
  66.3       NODE_3077_PO _1504       0 1 1 1 0 0 1 1 0 0 1 0 - 1 1 0 - 0 0 - 0 0 0 0 1 0 1 1 1 0 0 0 - 0 1 1 1 0 0 1 0 0 0 0 0 1 0 1 0 0 1 0 0 0 0 1 0 1 - - 0 1 1 1 1 0 1 0 1 1 0 0 0 0 0 1 0 0 1 1 0 1 0 1 0 1 0 0 0 1 1 1 0 0 1 0 1 1 0 1 0 1 1 1 0 1 0 - 1 - 0 1 0 - 0 1 0
  69.2       NODE_4426_PO _9658       0 1 1 1 0 0 1 1 0 0 1 0 1 1 1 0 - 0 0 - 0 0 0 0 1 0 1 1 1 0 0 0 - 0 - 0 1 0 0 1 0 0 0 0 0 1 0 1 0 0 1 0 0 0 0 0 0 - 1 1 0 1 1 1 1 0 1 0 1 1 1 0 0 0 0 1 0 0 1 1 0 1 0 1 - 1 0 0 0 1 1 1 0 0 1 0 1 1 0 1 0 1 - 1 0 1 0 0 1 - 0 1 0 - 0 1 0
  72.0       NODE_633_PO _28061       0 1 1 1 0 0 1 1 0 0 1 0 1 1 1 0 0 0 0 - 0 0 0 0 1 0 0 1 0 0 0 0 - 0 - 0 1 0 0 1 0 0 0 0 0 1 0 1 0 0 1 0 0 0 0 0 0 - - 1 0 1 1 1 1 0 1 0 1 1 1 0 0 0 0 1 0 0 1 1 0 1 0 1 - 1 1 0 0 1 1 1 0 0 1 0 1 1 0 1 0 1 - 1 0 1 0 - 1 - 0 1 0 - 0 1 0
  77.2       NODE_14752_PO _1729      0 1 1 1 0 0 1 1 1 0 1 0 - 1 1 0 - 0 1 - 0 0 0 0 1 0 0 1 0 0 0 0 - 0 - 0 1 - 0 1 0 0 0 0 0 1 0 1 0 0 1 0 0 - 0 0 0 1 - - - 1 1 0 1 0 1 0 - 1 1 0 0 0 - 1 1 - 1 1 0 1 0 1 0 1 1 0 0 1 1 1 0 0 1 0 1 1 0 1 0 1 - 0 - 1 0 - 1 - 0 1 0 - 0 1 0
  78.2       NODE_2316_PO _12699      0 1 1 1 0 0 1 1 1 0 1 0 1 1 1 0 0 0 1 - 0 0 0 0 1 0 0 1 0 0 0 0 - 0 - 0 1 0 0 1 0 0 0 0 - 1 0 1 0 0 1 0 0 - 0 0 0 - - - 0 1 1 0 1 0 1 0 1 1 1 0 0 0 0 1 1 0 1 1 0 1 0 1 0 1 1 0 0 1 1 1 0 0 1 0 1 0 0 1 0 1 - 0 0 1 0 0 1 - 0 1 0 - 0 1 0
  83.3       NODE_6038_PO _5691       0 1 0 1 0 0 1 1 1 0 1 0 - 1 1 0 - 0 1 - 0 - 0 0 1 0 0 1 0 0 0 0 - 0 - 0 1 - 0 1 0 0 0 0 0 1 0 1 0 0 0 - 0 0 1 0 0 - - - - 1 1 0 1 0 1 0 1 0 1 0 0 0 0 1 1 0 1 1 0 1 0 1 - 1 1 0 0 1 1 1 0 0 1 0 1 0 0 1 0 1 - 0 0 0 0 0 1 - 0 1 0 - 0 1 0
  84.3       NODE_10714_PO _1876      0 1 0 1 0 0 1 1 1 0 1 0 1 1 1 0 0 0 1 - 0 0 0 0 1 0 0 1 0 0 0 0 1 0 - 0 1 1 0 1 0 0 0 0 0 1 0 1 0 0 0 0 0 0 1 0 0 1 - - 0 1 1 0 1 0 1 0 1 0 1 0 0 0 0 1 1 0 1 1 0 1 0 1 - 1 1 0 0 1 0 1 0 0 1 0 1 0 0 1 0 1 - 0 0 0 0 0 1 - 0 1 0 - 0 1 0
  85.2       NODE_325_PO _13141       0 1 0 1 0 0 1 1 1 0 1 0 1 1 1 0 0 0 1 1 0 0 0 0 1 0 0 1 0 0 0 0 - 0 - 0 1 1 0 1 0 0 0 0 0 1 0 1 0 0 0 0 0 0 1 0 0 1 1 1 0 1 1 0 1 0 1 0 1 0 1 0 0 0 0 1 1 1 1 1 0 1 0 1 0 1 1 0 0 1 0 1 0 0 1 0 1 0 0 1 0 1 1 0 0 0 0 0 1 - 0 1 0 - 0 1 0
  87.0       NODE_2329_PO _15134      0 1 0 1 0 0 1 1 1 0 1 0 - 1 1 0 - 0 1 1 0 0 0 0 1 0 0 1 0 0 0 0 1 0 - 0 1 1 0 1 0 0 0 0 1 1 0 1 0 0 0 0 0 0 - 0 0 1 1 - 0 1 1 0 1 0 1 0 1 0 1 0 0 0 0 1 1 1 1 0 0 1 0 1 0 1 1 0 0 1 0 1 0 0 1 0 1 0 0 1 0 1 - 0 0 0 0 0 1 - 0 1 0 - 0 1 0
  88.0       NODE_6121_PO _7320       0 1 0 1 0 0 1 1 1 0 1 0 1 1 1 0 0 0 1 - 0 0 0 0 1 0 0 1 0 0 0 0 - 0 - 0 1 1 0 1 0 0 0 0 1 1 0 1 0 0 0 0 0 0 1 0 0 1 - 1 0 1 1 0 1 0 1 0 1 0 1 0 0 0 0 1 1 1 1 0 0 0 0 1 0 1 1 0 0 1 0 1 0 0 1 0 1 0 0 1 0 1 1 0 0 0 0 0 1 - 0 1 0 - 0 1 0
  91.8       NODE_50_PO _7710         0 1 0 1 0 0 1 1 0 0 1 0 - 1 1 0 0 0 1 - 1 0 0 0 1 0 0 1 0 0 0 0 - 0 - 0 1 1 0 1 0 0 0 0 1 1 0 1 0 0 0 0 0 0 - 0 0 - - 1 0 1 1 0 0 0 1 0 1 0 1 0 0 0 0 1 1 1 1 0 0 0 0 1 - 1 1 0 0 1 0 1 0 1 1 0 1 0 0 1 0 1 - 0 0 0 0 0 1 - 0 1 0 - 0 1 0
  94.6       NODE_3015_PO _19238      0 1 0 1 0 0 1 1 0 0 1 0 1 1 1 0 0 0 1 1 1 0 0 0 1 0 0 1 0 1 0 0 1 0 - 0 1 1 0 1 0 0 0 0 1 1 1 1 0 0 0 0 0 0 1 0 0 1 1 1 0 1 1 0 0 0 1 0 1 0 1 0 0 0 0 1 1 1 1 0 0 0 0 1 0 1 1 0 0 1 0 1 0 1 1 0 1 0 0 1 1 1 1 0 0 0 0 0 1 - 0 1 0 - 0 1 0
  97.3       NODE_12956_PO _1479      0 1 0 1 0 0 1 1 0 0 1 0 1 1 1 0 0 0 1 1 1 0 0 0 1 0 0 1 0 1 0 0 - 1 - 0 1 1 0 1 0 0 0 0 - 1 1 1 0 0 0 0 0 0 1 0 0 1 - 1 0 1 1 0 0 0 1 0 1 0 1 0 0 0 0 1 1 1 1 0 0 0 0 1 0 1 1 0 1 1 0 1 0 1 1 0 1 0 0 1 1 1 - 0 0 0 0 0 1 - 0 0 0 - 0 1 0
  100.2      NODE_279_PO _12249       0 1 0 1 0 0 1 1 0 0 1 0 0 1 1 0 - 0 1 - 1 0 0 0 1 0 0 1 0 1 0 0 1 1 - 0 0 1 0 1 0 0 0 0 1 1 1 1 0 0 0 0 0 0 1 0 0 1 - - 0 1 1 0 0 0 1 0 1 0 1 0 0 0 0 1 1 1 1 0 0 0 0 1 - 1 0 0 1 1 0 1 0 1 1 0 1 0 0 1 1 1 - 0 0 0 0 - 1 - 0 0 0 - 0 1 0
  103.9      NODE_1496_PO _6636       0 1 0 1 0 0 0 1 0 0 1 0 - 1 1 0 0 0 1 - 1 1 1 0 1 0 0 1 0 1 0 0 1 1 - 0 0 1 0 1 0 0 0 0 1 1 1 0 0 0 0 0 0 0 1 0 0 1 - - 0 1 1 0 0 0 1 0 1 0 1 0 0 0 0 1 1 1 1 0 0 0 0 1 - 1 0 0 1 1 0 1 0 1 1 0 1 0 0 1 1 1 - 0 0 0 0 1 1 - 0 0 0 - 0 1 0
  104.9      NODE_1496_PO _6392       0 1 0 1 0 0 0 1 0 0 1 0 0 1 1 0 - 0 1 1 1 1 1 0 1 0 0 1 0 1 0 0 1 1 0 0 0 1 0 1 0 0 0 0 - 1 1 0 0 0 0 0 0 0 1 0 0 1 - 1 0 1 1 0 0 0 1 0 1 0 1 0 0 0 0 1 1 1 1 0 0 0 0 1 0 1 0 0 1 1 0 1 0 1 1 0 1 0 0 1 1 1 - 0 0 0 0 0 1 - 0 0 0 - 0 1 0
  106.7      NODE_445_PO _4961        0 1 0 1 0 0 0 1 0 0 1 0 0 1 1 0 - 0 1 1 1 1 1 0 1 0 0 1 0 1 0 - 1 1 - 0 0 1 0 1 0 0 0 0 1 1 1 0 0 0 0 0 0 0 1 0 0 - - 1 0 1 1 0 0 0 1 0 1 0 1 0 0 0 0 1 1 1 1 0 0 0 0 1 - 0 0 0 1 1 0 1 0 1 1 0 1 1 0 1 1 1 - 0 0 0 0 0 1 - 0 0 0 - 0 1 0
  108.7      NODE_3637_PO _17886      0 1 0 1 0 0 0 1 0 0 1 0 - 1 1 0 0 0 1 - 1 1 1 0 1 0 0 1 0 1 0 0 - 1 - 0 0 1 0 1 0 0 0 0 1 1 1 0 0 0 0 0 0 0 1 0 0 1 - - 0 1 1 1 0 0 1 0 1 0 1 0 0 0 0 1 1 1 1 0 0 0 0 1 0 0 0 0 1 1 0 1 0 0 - 0 1 1 0 1 1 1 1 0 0 0 0 0 1 - 0 0 0 - 0 1 0
  110.6      NODE_2450_PO _592        0 1 0 1 0 0 0 0 0 0 1 0 0 1 1 0 - 0 1 - 1 1 1 0 1 0 0 1 0 1 0 1 - 1 - 0 0 1 0 1 0 0 0 0 1 1 1 0 0 0 0 0 0 0 1 0 0 1 - 0 0 1 1 1 0 0 1 0 1 0 1 0 0 0 0 1 1 1 1 0 0 0 0 1 0 0 0 0 1 1 0 1 0 0 1 0 1 1 0 1 1 1 - 0 0 0 0 0 1 - 0 0 0 - 0 1 0
  112.4      NODE_824_PO _28909       0 1 0 1 0 0 0 0 0 0 1 0 0 1 1 0 0 0 1 1 1 1 1 0 1 0 0 1 0 1 0 1 - 1 - 0 0 1 0 1 0 0 0 0 1 1 1 0 0 0 0 0 0 0 1 0 0 1 - 0 0 1 1 1 0 0 1 0 1 0 1 0 0 0 0 1 1 1 1 0 0 0 0 0 0 0 0 0 1 1 0 1 0 0 1 0 1 1 0 1 1 1 - 0 0 1 0 0 1 - - 0 - - 0 1 0
  113.3      NODE_1405_PO _19366      0 1 0 0 0 0 0 0 0 0 1 0 - 1 1 0 0 0 1 1 1 1 1 0 1 0 0 1 0 1 0 1 1 1 - 0 0 1 0 1 0 0 0 0 1 1 1 0 0 0 0 0 0 0 1 0 0 1 - 0 0 1 1 1 0 0 1 0 1 0 1 0 0 0 0 1 1 1 1 0 0 0 0 0 0 0 0 0 1 1 0 1 0 0 1 0 1 1 0 1 1 1 - 0 0 1 0 0 1 - 0 0 0 - 0 1 0
  115.3      NODE_1037_PO _24083      0 1 0 0 0 0 0 0 0 0 1 0 0 1 1 0 - 0 1 - 1 1 1 0 1 0 0 1 0 1 0 1 - - - 0 0 1 0 1 1 0 0 1 1 1 1 0 0 0 0 0 0 0 1 0 0 - - - 0 1 1 1 0 0 1 0 1 0 1 0 0 0 0 1 1 1 1 0 0 0 0 0 - 0 0 0 1 1 0 1 0 0 1 0 1 1 0 1 1 1 - 0 0 1 0 - 1 - 0 0 0 - 0 1 0
  118.3      NODE_1099_PO _32162      0 1 0 0 0 0 0 0 0 0 1 0 - 1 1 0 - 0 1 - 1 1 1 0 1 0 0 - 0 1 0 1 - 1 - 0 0 1 0 1 1 0 0 1 1 1 1 0 0 0 0 0 0 1 1 0 0 - - - 0 1 1 1 0 0 1 0 - 0 1 0 0 0 0 1 1 1 1 0 0 0 0 0 - 0 1 0 1 1 0 1 0 0 1 0 1 1 1 1 1 1 - 0 0 1 0 0 - - - 0 - - 0 1 0
  119.3      NODE_879_PO _43289       0 1 0 0 0 1 0 0 0 0 1 0 - 1 1 0 0 0 1 - 1 1 1 0 1 0 0 1 0 1 0 1 - 1 - 0 0 1 0 1 1 0 0 1 1 1 1 0 0 0 0 0 0 1 1 0 0 1 - 0 0 1 1 1 0 0 1 0 1 0 1 0 0 0 0 1 1 1 1 0 0 0 0 0 - 0 1 0 1 1 0 1 0 0 1 0 1 1 1 1 1 1 - 0 0 1 0 0 1 - 0 0 0 - 0 1 0
  120.3      NODE_474_PO _26033       0 1 0 0 0 1 0 0 0 0 1 0 0 1 1 0 - 0 1 1 1 1 1 0 1 0 0 1 0 1 0 1 1 1 - 0 0 1 0 1 1 0 0 1 1 1 1 0 0 0 1 0 0 1 1 0 0 1 - 0 0 1 1 1 0 0 1 0 1 0 1 0 0 0 0 1 1 1 1 0 0 0 0 0 - 0 1 0 1 1 0 1 0 0 1 0 1 1 1 1 1 1 - 0 0 1 0 0 1 - 0 0 0 - 0 1 0
  122.1      NODE_740_PO _33549       0 1 0 0 0 1 0 0 0 0 1 0 - 1 1 0 0 1 1 1 1 1 1 0 1 0 1 1 0 1 0 1 1 1 - 0 0 1 0 1 1 0 0 1 - 1 1 0 0 0 1 0 0 1 - 0 0 1 - 0 0 1 1 1 0 0 1 0 1 0 1 0 0 0 0 1 1 1 1 0 0 0 0 0 - 0 1 0 1 1 0 1 0 0 1 0 1 1 1 1 1 1 1 0 0 1 0 0 1 - 0 0 0 - 0 1 0
  124.9      NODE_658_PO _46263       0 1 0 0 0 1 0 0 0 0 1 0 0 1 1 0 0 1 1 1 1 1 1 1 1 0 1 1 0 1 0 1 - 1 - 0 0 1 0 1 1 1 0 1 1 1 1 0 0 0 1 0 0 1 1 0 0 1 - 0 0 1 1 1 0 0 1 0 1 0 1 0 0 0 0 1 1 1 1 0 0 0 1 0 - 0 1 0 1 1 0 1 0 0 1 0 1 1 1 1 1 1 1 0 0 1 0 0 1 - 0 0 0 - 0 1 0
  134.7      NODE_1206_PO _33320      0 1 0 0 0 1 0 0 1 0 1 0 - 1 0 0 - 1 1 - 1 1 1 1 0 0 1 - 0 1 0 1 - 1 - 0 0 1 0 1 1 1 0 1 1 1 1 0 0 0 1 0 0 1 1 0 0 1 - 0 0 0 1 1 0 0 1 0 - 1 1 0 0 0 1 1 0 1 1 0 0 0 1 1 - 0 1 0 1 1 0 1 0 0 1 1 1 1 1 1 1 1 - 0 0 1 0 - 1 - 0 0 - - 0 0 0
  140.0      NODE_5978_PO _7311       0 1 0 0 0 1 0 0 1 0 1 0 0 1 0 0 0 1 1 - 1 1 1 1 0 0 1 1 0 0 0 1 - - - 0 0 - 0 1 1 1 0 1 1 1 1 0 0 0 1 - 0 1 1 0 0 - - - 0 0 1 1 0 0 1 0 1 1 1 0 0 0 1 1 0 1 0 0 0 0 1 1 - 0 1 0 1 1 0 0 0 0 0 1 1 1 1 1 1 1 - 0 0 - 0 - 1 - - 1 0 - 0 0 0
  141.0      NODE_13548_PO _1601      0 1 0 0 0 1 0 0 1 0 1 0 0 1 0 0 0 1 1 - 1 1 1 1 0 0 1 1 0 0 0 1 1 1 - 0 0 1 0 1 1 1 0 1 1 1 1 0 0 0 1 0 0 1 1 0 0 0 0 - 0 0 1 1 0 0 1 0 1 1 1 0 0 0 1 1 0 1 0 0 0 0 1 1 1 0 1 0 1 1 0 0 0 0 0 1 1 1 1 1 - 0 - 0 0 1 0 0 1 - 0 1 0 - 0 0 0
  142.0      NODE_113_PO _72735       0 1 0 0 0 1 0 0 1 0 1 0 - 1 0 0 0 1 1 - 1 1 1 1 0 0 1 1 0 0 0 - - 1 - 0 0 1 0 1 1 1 0 1 1 1 1 0 0 0 1 0 0 1 1 0 0 - - - 0 0 1 1 0 0 1 1 - 1 1 0 0 0 1 1 0 1 0 0 0 0 1 1 - 0 1 0 1 1 0 0 0 0 0 - 1 1 1 1 1 0 - 0 0 1 0 - 1 - - 1 0 - 0 0 0
  150.2      NODE_981_PO _36344       1 1 0 1 0 1 0 0 1 1 1 0 1 1 0 0 - 1 1 - 0 1 1 1 0 0 1 1 0 0 0 1 - 1 - 0 0 0 0 1 1 1 0 0 - 1 1 0 0 0 1 0 0 1 1 0 0 0 - - 0 0 0 1 0 0 1 1 1 1 1 0 0 0 1 1 0 1 0 0 0 0 1 1 1 0 1 0 0 1 0 0 0 0 0 1 1 1 1 1 - 0 - 0 0 1 0 - 1 - - 1 0 - 0 0 0
  158.5      NODE_7742_PO _2563       1 1 0 1 0 1 0 0 1 1 0 0 - 1 0 0 - 1 1 - 0 1 1 1 0 0 1 1 0 0 0 - - - - 1 0 - 0 1 1 1 0 0 - 0 1 1 0 0 1 0 0 1 1 0 0 - - - 0 0 0 0 1 0 1 1 - 1 1 0 0 1 1 1 0 1 0 0 0 0 1 1 - 0 1 0 0 0 0 0 0 0 0 1 1 1 1 1 1 0 - 0 0 1 0 0 1 - - 1 0 - 0 0 0
  159.5      NODE_268_PO _38123       1 1 0 1 0 1 0 0 1 1 0 0 1 1 0 0 0 1 1 - 0 1 1 1 0 0 1 1 0 0 0 1 - 0 - 1 0 0 0 1 1 1 0 1 1 0 1 1 0 0 1 0 0 1 1 0 0 0 - - 0 0 0 0 1 0 1 1 1 1 1 0 0 1 1 1 0 1 0 0 0 0 1 1 1 0 1 0 0 0 0 0 0 0 0 1 1 1 1 1 1 0 1 0 0 1 0 0 1 - 0 1 0 - 0 0 0
  163.3      NODE_7604_PO _5245       1 1 0 1 0 1 0 0 1 1 0 0 1 1 0 0 0 1 1 - 0 1 1 1 0 0 1 1 0 0 0 1 - 0 - 1 0 0 0 1 1 1 0 1 1 0 1 1 0 0 1 0 0 0 1 0 0 0 - 0 0 0 0 0 1 0 1 1 1 0 0 0 0 1 1 1 - 1 0 0 0 0 1 1 - 0 1 0 0 0 0 0 0 0 0 1 1 1 1 1 1 0 - 0 1 1 0 - 1 - 0 1 - - 0 0 0
  167.4      NODE_13_PO _130813       1 1 0 1 0 1 1 0 1 1 0 0 - 1 0 0 0 1 1 - 0 1 1 1 0 0 1 1 0 0 0 - - 0 - 1 0 - 0 1 1 1 0 1 - 0 1 1 0 0 1 0 0 0 - 0 0 - - - 0 0 0 0 1 0 1 1 1 0 0 0 0 1 1 1 0 1 0 0 0 0 1 1 - 0 1 0 0 0 0 0 0 0 0 1 1 1 1 0 - 1 - 0 1 1 1 - 1 - 0 1 0 - 0 0 0
  169.5      NODE_13_PO _127119       1 1 0 1 0 1 1 0 1 1 0 0 1 1 0 0 - 1 1 - 0 1 1 1 0 0 1 1 0 0 0 1 - 0 - 1 0 0 0 1 1 1 0 1 1 0 1 1 0 0 1 - 0 0 1 0 0 0 - 0 0 0 0 0 1 0 1 1 - 0 0 0 0 1 1 1 0 1 0 1 0 0 1 1 - 0 1 0 0 0 0 0 0 0 0 - 1 1 0 0 1 1 1 0 1 1 1 0 1 - 0 1 0 - 0 0 0
  171.4      NODE_13_PO _93514        1 1 0 1 0 1 1 0 1 1 0 0 1 1 0 0 0 1 1 1 0 1 1 1 0 0 1 1 0 0 0 1 - 0 - 1 0 0 0 1 1 1 0 1 1 0 1 1 0 0 1 0 0 0 1 0 0 0 - 0 0 0 0 0 1 0 0 1 1 0 0 0 0 1 1 1 0 1 0 1 0 0 1 1 1 0 1 0 0 0 0 0 0 0 0 1 0 1 0 0 1 1 1 0 1 1 1 0 1 - 0 1 0 - 0 0 0
  175.1      NODE_35_PO _87599        1 0 0 1 0 1 1 0 1 1 0 0 1 0 0 0 0 1 1 1 0 1 0 1 0 0 1 1 0 0 0 - - 0 - 1 0 0 0 1 1 1 0 1 1 0 1 1 0 0 1 0 0 0 1 0 0 0 0 - 0 0 0 0 1 0 0 1 1 0 0 0 0 1 1 1 0 1 0 1 0 0 1 1 1 0 1 0 0 0 0 0 0 0 0 1 0 1 0 0 1 1 - 0 1 0 1 - 1 - 0 1 0 - 0 0 0
  177.1      NODE_2321_PO _4908       1 0 0 1 0 1 1 0 1 1 0 0 - 0 0 0 - 1 1 - 0 0 0 1 0 0 1 1 0 0 0 - - 0 - 1 0 - 0 1 1 1 0 1 1 0 1 1 0 0 1 - 0 0 - 0 0 - - - - 0 0 0 - 0 0 1 1 0 0 0 0 1 1 1 0 1 0 1 0 0 1 1 - 0 1 0 0 0 0 0 0 0 0 1 0 0 0 0 1 1 - 0 1 0 1 0 1 - 0 1 0 - 0 0 0
