  0.0        NODE_9255_PO _5416       1 1 - 0 - 0 1 0 1 0 0 1 - 1 - 0 - 1 0 - 0 1 1 1 1 1 0 0 1 1 1 0 - 1 - 0 0 - 1 1 1 0 1 0 - 0 1 - 1 1 0 - 1 - 0 1 0 - - - 1 0 0 0 1 1 1 0 - 1 0 0 0 1 1 1 - 1 1 1 1 0 0 0 - 1 1 1 0 1 1 1 0 0 0 0 0 0 0 1 1 1 - 0 0 0 1 1 1 - - 0 0 - 0 1 0
  4.3        NODE_14199_PO _1665      1 0 1 0 0 0 1 0 1 0 0 1 1 1 0 0 1 1 0 0 0 1 1 1 1 1 0 0 1 1 0 0 - 0 0 0 0 1 0 1 1 0 1 0 1 0 1 1 1 1 0 0 1 0 0 1 0 0 1 0 1 0 0 0 1 1 1 0 0 1 0 0 0 1 1 1 0 1 1 1 1 0 0 0 0 1 1 1 0 1 1 1 0 0 0 0 0 0 0 1 1 1 0 0 0 0 1 1 1 - 1 0 0 - 0 1 0
  6.2        NODE_5268_PO _4634       1 0 1 1 0 0 1 0 1 0 0 1 1 1 0 0 - 1 0 0 0 1 1 1 1 1 0 0 1 1 0 0 - 0 - 0 0 - 0 1 1 0 1 0 - 0 1 1 0 1 0 0 1 0 0 1 0 0 - - 1 0 0 0 1 1 1 0 - 1 0 0 0 1 1 1 0 1 1 1 1 - 0 0 - 1 1 1 0 1 1 1 0 0 0 0 0 0 0 1 - 1 - 0 0 0 1 - 1 - - 0 0 - 0 1 0
  7.2        NODE_5268_PO _4763       1 0 1 1 0 0 1 0 1 0 0 1 1 1 0 0 - 1 0 0 0 1 1 1 1 1 0 0 1 1 0 0 - 0 - 0 0 - 0 1 1 0 1 0 - 0 1 1 0 1 0 0 1 0 0 1 0 0 - - 1 0 0 0 1 1 0 0 - 1 0 0 0 1 1 1 0 1 1 1 1 - 0 0 - 1 1 1 0 1 1 1 0 0 0 0 0 0 0 1 - 1 - 0 0 0 1 - 1 - - 0 0 - 0 1 0
  15.8       NODE_3590_PO _7584       1 1 0 1 0 0 1 0 1 0 0 1 - 0 0 0 - 1 0 - 0 1 1 1 1 1 0 0 1 1 0 0 - 0 - 0 0 - 0 1 1 0 1 0 1 0 1 1 0 1 1 - 1 - - 1 0 - - - - 0 0 0 1 1 0 0 1 1 0 0 0 1 1 0 0 1 1 1 1 0 0 0 - 0 1 1 0 1 1 1 1 0 0 0 1 0 0 1 1 1 - 0 0 0 1 1 1 - 1 0 0 - 0 1 0
  16.9       NODE_6908_PO _1131       1 1 0 - 0 0 1 0 1 0 0 1 - 0 0 0 - 1 0 - 0 1 1 1 1 1 0 1 1 1 0 0 - 0 - 0 0 - 0 1 1 0 1 0 - 0 1 1 0 1 1 0 1 0 - 1 0 1 - 0 0 0 0 0 - 1 0 0 1 1 0 0 0 1 1 0 0 1 - 1 1 0 0 0 - 0 1 1 0 1 1 1 1 0 0 - 1 0 0 1 1 1 - 0 0 0 1 - 1 - - 0 0 - 0 1 0
  17.9       NODE_12378_PO _2687      1 1 0 1 0 0 1 0 1 0 0 1 - 0 0 0 - 1 0 - 0 1 1 1 1 1 0 1 1 1 0 0 - 0 - 0 0 1 0 1 1 0 1 0 1 0 1 1 0 1 1 0 1 0 - 1 0 1 - 0 - 0 0 0 1 1 0 0 - 1 0 0 0 0 1 0 0 1 1 1 1 - 0 0 - 0 1 1 0 1 1 1 1 0 0 - 1 0 0 1 1 1 - 0 0 0 1 1 1 - 1 0 0 - 0 1 0
  20.0       NODE_5860_PO _3013       1 1 0 1 0 0 1 0 1 0 0 1 1 0 0 0 - 1 0 - 0 1 1 1 1 1 0 1 1 1 0 0 - 0 - 0 1 1 0 1 1 0 1 0 1 0 1 1 0 1 1 0 1 - 0 1 0 - - 0 0 0 0 0 1 1 0 0 1 1 0 0 0 0 1 0 - 1 1 1 1 0 0 0 - 0 1 1 0 1 1 1 1 0 0 0 1 0 0 1 1 1 - 1 0 0 1 1 1 - 1 0 0 - 0 1 0
  20.9       NODE_5666_PO _9121       1 1 0 1 0 0 1 0 1 0 0 1 - 0 0 0 - 1 0 - 0 1 1 1 1 1 0 1 1 1 0 0 - 0 - 0 1 1 0 1 1 0 1 0 1 0 1 1 0 0 1 0 1 0 0 1 0 1 - 0 - 0 0 0 1 1 0 0 1 1 0 0 0 0 1 0 0 1 1 1 1 0 0 0 1 0 1 1 0 1 1 1 1 0 0 0 1 0 0 1 1 1 - 1 0 0 1 - 1 - 1 0 0 - 0 1 0
  28.9       NODE_4894_PO _8427       1 1 0 1 0 0 1 0 1 0 0 1 1 0 1 0 0 1 0 - 1 1 1 1 1 1 0 1 1 1 0 0 - - - 0 1 1 0 1 1 0 1 0 - 0 0 1 0 0 1 0 1 0 0 1 0 1 - 0 0 0 0 0 0 1 0 0 - 1 1 0 1 0 1 0 0 1 0 1 1 0 0 0 - 0 1 1 0 1 1 1 1 0 0 1 1 0 0 1 1 1 - 1 0 0 1 - 1 - - 0 0 - 0 1 0
  30.9       NODE_2135_PO _2020       1 1 0 1 0 0 1 0 1 0 0 1 - 0 1 0 - 1 0 1 1 1 1 1 1 1 0 1 0 1 0 0 - 0 - 0 1 1 0 1 1 0 1 0 1 0 0 1 0 0 1 0 1 0 0 1 0 1 - 0 0 0 0 0 0 1 0 0 1 1 1 0 1 0 1 0 0 1 0 1 1 0 0 0 - 0 1 1 0 1 1 1 1 0 0 1 1 0 0 1 1 1 - 1 0 0 1 - 0 - 1 0 0 - 0 1 0
  33.0       NODE_1034_PO _18113      1 1 0 1 0 0 1 0 1 0 0 1 1 0 1 0 - 1 0 - 1 1 1 1 1 1 0 1 0 1 0 - - 0 - 0 - - - 1 1 0 1 0 1 0 0 1 0 0 1 0 1 0 - 1 0 1 - - 0 0 0 0 0 1 0 0 - 1 1 0 1 0 1 0 0 1 0 1 1 - 0 1 - - 1 1 - 1 0 1 1 0 0 1 1 0 - 1 1 1 - - 0 0 1 - 0 - - 0 0 - 0 1 0
  37.5       NODE_7075_PO _3079       1 1 0 1 0 0 1 0 1 0 0 1 - 0 1 0 - 1 0 - 1 1 1 1 1 1 0 - 0 1 0 0 - - - 0 1 1 1 1 1 0 1 0 - 0 0 1 0 0 1 0 1 0 0 1 0 - - - 0 0 0 0 0 1 0 0 - 1 0 0 1 0 1 0 0 1 0 0 1 0 0 1 - 0 1 1 0 1 0 1 1 1 0 1 1 0 0 1 1 1 - - 0 0 1 - 0 - - 0 0 - 0 1 1
  39.6       NODE_4551_PO _1013       - 1 0 1 0 0 1 0 1 0 0 1 - 0 1 0 - 1 0 - 1 1 1 1 1 0 0 1 0 1 0 - - 0 - 0 1 1 1 1 0 0 1 0 1 0 0 1 0 0 1 0 1 0 0 1 0 - - 0 - 0 0 0 0 1 0 0 1 1 0 0 1 0 1 0 0 1 0 0 1 0 0 1 - 0 1 1 0 1 0 1 1 1 0 1 1 0 0 1 1 1 - 1 0 0 1 1 0 - 0 0 0 - 0 1 1
  40.6       NODE_656_PO _18937       1 1 0 1 0 0 1 0 1 0 0 1 - 0 1 0 0 1 0 - 1 1 1 1 1 0 0 1 0 1 0 0 - 0 - 0 1 1 1 1 0 0 1 0 1 0 0 1 0 0 1 0 1 0 0 1 0 1 - 0 0 0 0 0 0 1 0 0 1 1 0 0 1 0 1 0 0 1 0 0 1 0 0 1 - 0 1 1 0 1 0 1 1 1 0 1 1 0 0 1 1 1 - 1 0 1 1 1 0 - 0 0 0 - 0 1 1
  41.5       NODE_3997_PO _5142       1 1 0 1 0 0 1 0 1 0 0 1 1 0 1 0 0 1 0 - 1 1 1 1 1 0 0 1 0 1 0 0 - 0 - 0 1 1 1 1 0 0 1 0 1 0 0 1 0 0 1 0 1 0 1 1 0 1 - 0 0 0 0 0 0 1 0 0 1 1 0 0 1 0 1 0 0 1 0 0 1 0 0 1 - 0 1 1 0 1 0 1 1 1 0 1 1 0 0 1 1 1 - 1 0 1 1 1 0 - 0 0 0 - 0 1 1
  43.4       NODE_1905_PO _8103       1 1 0 1 0 0 1 0 1 0 0 1 1 0 1 0 - 1 0 - 1 0 1 1 1 0 0 1 0 1 0 0 - 0 - 0 1 1 1 1 0 0 1 0 1 0 0 1 0 0 1 0 1 0 1 1 0 1 - 0 0 0 0 0 0 1 0 0 1 1 0 0 1 0 1 0 0 1 0 0 1 0 0 1 - 0 1 1 0 1 0 1 1 1 0 1 1 0 0 1 1 0 - 1 0 1 1 1 0 - 0 0 0 - 0 1 1
  45.3       NODE_1905_PO _23190      1 1 0 1 0 0 1 0 1 0 0 1 - 0 1 0 - 1 0 - 1 0 1 1 1 0 0 1 0 1 0 0 - 0 - 0 1 1 1 1 0 0 1 0 1 0 0 1 0 0 1 0 1 0 1 1 0 - - 0 0 0 0 0 0 1 0 0 1 1 0 0 1 0 1 0 0 1 0 0 1 1 0 1 - 0 1 1 0 1 0 1 1 1 0 1 1 0 0 1 1 0 - 1 0 1 1 1 1 - 0 0 0 - 0 1 1
  46.2       NODE_2760_PO _21629      1 1 0 1 0 0 1 0 1 0 0 1 - 0 1 0 - 1 0 - 1 0 1 1 1 0 0 1 0 1 0 0 - 0 - 0 1 1 1 1 0 1 1 0 1 0 0 1 0 0 1 0 1 0 1 1 0 - - 0 0 0 0 0 0 1 0 0 1 1 0 0 1 0 1 0 0 1 0 0 1 1 0 1 - 0 1 1 0 1 0 1 1 1 0 1 1 0 0 1 1 0 0 1 0 1 1 1 1 - 0 0 0 - 0 1 1
  47.2       NODE_65_PO _94812        1 1 0 1 0 0 1 0 1 0 0 1 - 0 1 0 0 1 0 - 1 0 0 1 1 0 0 1 0 1 0 - - 0 - 0 - 1 1 1 0 1 1 0 - 0 0 1 0 0 1 0 1 0 1 1 0 - - 0 0 0 0 0 0 1 0 0 - 1 0 0 1 0 1 0 0 1 0 0 1 1 0 1 - 0 1 1 0 1 0 1 1 1 0 1 1 0 0 1 - 0 - 1 0 1 1 - 1 - 0 0 0 - 0 1 1
  48.2       NODE_3773_PO _5673       1 1 0 1 0 0 1 0 1 0 0 1 1 0 1 0 - 1 0 - 1 0 0 1 1 0 0 1 0 1 0 0 - 0 - 0 1 1 1 1 0 1 1 0 1 0 0 1 0 0 1 0 1 0 1 1 0 0 - 0 0 0 0 0 1 1 0 0 1 1 0 0 1 0 1 0 0 1 0 0 1 1 0 1 1 0 1 1 0 1 0 1 1 1 0 1 1 0 0 1 1 0 - 1 0 1 1 1 1 - - 0 0 - 0 1 1
  49.1       NODE_1210_PO _32332      1 1 0 1 0 0 1 0 1 0 0 1 1 0 1 0 - 1 0 - 1 0 0 1 1 0 0 1 0 1 0 0 - 0 - 0 1 1 1 1 0 1 1 0 1 0 0 1 0 0 1 0 1 0 1 1 0 0 - 0 0 0 0 0 1 1 0 0 1 1 0 0 1 0 1 0 0 1 0 0 1 1 0 1 1 0 0 1 0 1 0 1 1 1 0 1 1 0 0 1 1 0 0 1 0 1 1 1 1 - 0 0 0 - 0 1 1
  51.0       NODE_1210_PO _23205      1 1 0 1 0 0 1 0 1 0 0 1 1 0 1 0 0 1 0 1 1 0 0 1 1 0 0 1 0 1 0 0 - 0 - 0 1 1 1 1 0 1 1 0 1 0 0 1 0 0 1 0 1 0 1 1 0 0 - 0 0 0 0 0 1 1 0 0 1 1 0 0 1 0 1 0 0 1 0 0 1 1 0 0 - 0 0 1 0 1 0 1 1 1 0 1 1 0 0 1 1 0 - 1 0 1 1 1 1 - 0 0 0 - 0 1 0
  51.9       NODE_9093_PO _2272       1 1 0 1 0 0 1 0 1 0 0 1 - 0 1 0 0 1 0 1 1 0 0 1 1 0 0 1 0 1 0 0 - 0 - 0 1 1 1 1 0 1 1 0 1 0 0 1 0 0 1 0 1 0 1 1 0 0 1 - 1 0 0 0 1 1 0 0 1 1 0 0 1 0 1 0 0 1 0 0 1 1 0 0 1 0 0 1 0 1 0 1 1 1 0 1 1 0 0 1 1 0 0 1 0 1 1 1 1 - 0 0 0 - 0 1 0
  54.7       NODE_3096_PO _7797       1 1 0 1 0 0 1 0 1 0 0 1 - 0 1 0 0 1 0 - 1 0 0 1 1 0 0 1 0 1 0 0 - 0 - 0 1 1 1 1 0 1 0 1 1 0 0 1 0 0 1 0 1 0 1 1 0 0 - - 1 0 0 1 1 1 0 0 1 1 0 0 1 0 1 0 0 1 0 0 1 1 0 0 1 0 0 1 0 1 0 1 1 1 0 1 1 0 0 1 1 0 0 1 0 1 1 1 1 - 0 0 0 - 0 1 0
  55.6       NODE_3587_PO _1232       1 1 0 1 0 0 1 0 1 0 0 1 - 0 1 0 - 1 0 1 1 0 0 1 1 0 0 1 0 1 0 0 0 1 - 0 1 1 1 1 0 1 0 1 1 0 0 1 0 0 1 0 1 0 1 1 0 0 1 - 1 0 0 1 1 1 0 0 1 1 0 0 1 0 1 0 0 1 0 0 1 1 0 0 1 0 0 1 0 1 0 1 1 1 0 1 1 0 0 1 - 0 - 1 0 1 1 - 1 - 0 0 0 - 0 1 0
  60.6       NODE_5312_PO _3748       1 1 0 1 0 0 1 0 1 0 0 1 - 0 1 0 - 1 0 - 1 0 0 1 1 1 0 1 0 1 0 0 - 1 - 0 1 1 1 1 0 1 0 1 1 0 0 1 0 0 1 0 1 0 1 1 0 - - - 1 0 0 1 1 1 0 0 - 1 0 0 1 0 1 0 1 1 - 0 1 0 0 0 - 0 0 1 0 1 0 0 1 1 - 1 1 0 0 1 1 0 - 1 0 1 0 1 1 - 0 0 0 - 0 1 0
  61.6       NODE_7281_PO _2523       1 1 0 1 0 0 1 0 1 0 0 1 1 0 1 0 1 1 0 - 1 0 0 1 1 1 0 1 0 1 0 0 - 1 - 0 1 1 1 1 0 1 0 1 1 0 0 1 0 0 1 0 1 0 1 1 0 0 - 1 1 0 0 1 1 1 0 0 0 1 0 0 1 0 1 0 1 1 0 0 1 0 0 0 - 0 0 1 0 1 0 0 0 1 0 1 1 0 0 1 1 0 0 1 0 1 0 1 1 - 0 0 0 - 0 1 0
  62.6       NODE_3643_PO _8720       1 1 0 1 0 0 1 0 1 0 0 1 1 0 1 0 1 1 0 - 1 0 0 1 1 1 0 1 0 1 0 0 - 1 - 0 1 1 1 0 0 1 0 1 - 0 0 1 0 0 1 0 1 0 1 1 0 0 - 1 1 0 0 1 1 1 0 0 - 1 0 0 1 0 1 0 1 1 0 0 1 0 0 0 - 0 0 1 0 1 0 0 0 1 0 1 1 0 0 1 1 0 - 1 0 1 0 - 1 - 0 0 0 - 0 1 0
  63.6       NODE_3141_PO _10959      1 1 0 1 0 0 1 0 1 0 0 1 - 0 1 0 - 1 0 - 1 0 0 1 1 1 0 1 0 1 0 0 - 1 - 0 1 1 1 0 0 1 0 1 1 0 0 1 0 0 1 0 1 1 - 1 0 - - - 1 0 0 1 1 1 0 0 - 1 0 0 1 0 1 0 1 1 0 0 1 0 0 0 - 0 0 1 - 1 0 0 0 1 - 1 1 0 0 1 1 0 - 1 0 1 0 - 1 - 0 0 0 - 0 1 0
  65.6       NODE_808_PO _29521       1 1 0 1 0 0 1 0 1 0 0 1 - 0 1 0 - 1 0 - 1 0 0 1 1 1 0 1 0 1 0 0 - 1 - 0 1 1 1 0 0 0 0 1 1 0 0 1 0 0 1 0 1 1 1 1 0 0 - 1 1 0 0 1 1 1 0 0 0 1 0 0 1 1 1 0 1 1 0 0 1 0 0 0 - 0 0 1 0 1 0 0 0 1 0 1 1 0 0 1 1 0 0 1 0 1 0 1 1 - 0 0 0 - 0 1 0
  71.2       NODE_2949_PO _16061      1 1 0 1 0 1 1 0 1 0 0 1 1 0 1 0 - 1 1 1 1 1 0 1 1 1 0 1 0 1 0 0 - 1 - 0 1 0 1 0 0 0 0 1 0 0 0 1 0 0 1 0 1 1 1 1 0 - - 1 1 0 0 1 1 1 0 0 0 0 0 0 1 1 1 0 1 1 0 0 1 0 0 0 - 0 0 1 0 1 0 0 0 1 0 1 1 0 0 1 1 0 - 1 0 1 0 1 1 - 0 0 0 - 0 1 0
  75.1       NODE_4781_PO _669        1 1 0 1 0 1 1 0 1 0 1 1 - 0 1 0 1 1 1 1 1 1 0 1 1 1 0 1 0 1 0 - - 1 - 0 1 0 1 0 0 0 0 1 - 0 1 1 0 0 0 0 1 1 1 1 0 - - 1 1 0 0 1 1 1 0 0 0 0 0 0 1 1 1 0 1 1 0 0 1 0 0 0 1 0 0 1 1 1 0 0 0 1 0 1 1 0 0 1 1 0 - 1 0 1 0 1 1 - 0 0 0 - 0 1 0
  76.0       NODE_3650_PO _6077       1 1 0 1 0 1 1 0 1 0 1 1 1 0 1 0 1 1 1 - 1 1 0 1 1 1 0 1 0 1 0 0 - 1 - 0 1 0 1 0 0 0 0 1 0 0 1 1 0 0 0 0 1 1 1 1 0 0 0 - 1 0 0 1 1 1 0 0 - 0 0 0 1 1 0 0 1 1 0 0 1 0 0 0 - 0 0 1 1 1 0 0 0 1 0 1 1 0 0 1 1 0 - 1 0 1 0 1 1 - 0 0 0 - 0 1 0
  78.9       NODE_4562_PO _9631       1 1 0 0 0 1 1 0 1 0 1 1 - 0 1 0 - 1 1 - 1 1 0 1 1 1 0 1 0 1 0 0 - 1 - 0 1 0 1 0 0 0 0 1 0 0 1 1 0 0 0 0 1 1 1 1 0 0 - 1 1 1 0 1 1 1 0 0 0 0 0 0 1 1 0 0 1 1 0 0 1 0 1 0 - 0 0 1 1 1 0 0 0 1 0 1 1 0 0 1 1 0 - 1 0 1 0 1 1 - 0 0 0 - 0 1 0
  79.8       NODE_1038_PO _41012      1 1 0 0 0 1 0 0 1 0 1 1 - 0 1 0 - 1 1 1 1 1 0 1 1 1 0 1 0 1 0 0 0 1 - 0 1 0 1 0 0 0 0 1 0 0 1 1 0 0 0 0 1 1 1 1 0 0 - 1 1 1 0 1 1 1 0 0 0 0 0 0 1 1 0 0 1 1 0 0 1 0 1 0 1 0 0 1 1 1 0 0 0 1 0 1 1 0 0 1 1 0 - 1 0 1 0 1 1 - 0 0 0 - 0 1 0
  81.8       NODE_1038_PO _3497       1 1 0 0 0 1 0 0 1 0 1 1 - 0 1 0 1 1 1 1 1 1 0 1 1 1 0 1 0 1 0 0 - 1 - 1 1 0 1 0 0 0 0 1 - 0 1 1 0 0 0 0 1 1 - 0 - 0 - - 1 1 0 1 1 1 0 - 0 0 0 0 1 1 0 0 1 1 0 0 1 - 1 0 - 0 0 1 1 1 0 0 0 1 0 1 1 0 0 1 - 0 - 1 0 1 0 - 1 - 0 0 0 - 0 1 0
  86.9       NODE_1908_PO _14666      1 0 0 0 0 1 0 0 1 0 1 1 1 0 1 0 - 1 1 - 1 1 0 0 1 1 0 1 0 1 0 1 0 1 - 1 1 0 1 0 0 0 0 1 0 0 1 1 0 0 0 0 1 1 1 0 0 0 - 1 1 1 0 1 1 1 0 0 0 0 0 1 1 1 0 0 1 1 0 0 1 0 1 0 - 0 0 1 1 1 0 0 0 1 0 1 1 0 0 1 1 0 - 1 0 1 0 1 1 - - 1 0 - 0 1 0
  91.1       NODE_1644_PO _15549      1 0 0 0 0 1 0 0 0 0 1 1 - 0 - 0 - 1 1 - 1 1 0 0 0 1 0 1 0 1 0 - - 1 - 1 1 0 1 0 0 0 0 1 0 0 1 1 1 0 0 0 1 1 - 0 0 0 - - 1 1 0 1 - 1 0 0 0 0 0 1 1 1 0 0 - 1 0 0 1 0 1 0 0 0 0 1 1 1 0 0 0 1 0 1 1 0 0 - - 1 - 1 0 1 0 - 1 - - 1 0 - 0 1 0
  93.1       NODE_388_PO _38545       1 0 0 0 0 1 0 0 0 0 1 1 - 0 1 0 1 0 1 1 1 1 0 0 0 1 0 1 0 1 0 1 0 1 - 1 1 0 1 0 0 0 1 1 0 0 1 1 1 0 0 0 1 1 1 0 0 0 0 - 1 1 0 1 1 1 0 0 0 0 0 1 1 1 0 0 1 1 0 0 1 0 1 0 - 0 0 1 1 1 0 0 0 1 0 1 1 0 0 1 1 1 0 1 0 1 0 1 1 - 0 1 0 - 0 1 0
  95.0       NODE_5183_PO _2599       1 0 0 0 1 1 0 0 0 0 1 1 - 0 1 0 - 0 1 - 1 1 0 0 0 1 0 1 0 1 0 1 - - - 1 1 0 1 0 0 0 1 1 0 0 1 1 1 0 0 0 1 1 1 0 0 0 0 1 1 1 1 1 1 1 0 0 0 0 0 1 1 1 0 0 1 1 0 0 1 0 1 0 - 0 0 1 1 1 0 0 0 1 0 1 1 0 0 1 1 1 - 1 0 1 0 1 1 - 0 1 0 - 0 1 0
  96.9       NODE_1117_PO _20484      1 0 0 0 1 1 0 0 0 0 1 1 - 0 1 0 - 0 1 - 1 1 0 0 0 1 0 1 0 0 0 1 - 1 - 1 1 0 1 0 0 0 1 1 0 0 1 1 1 0 0 0 1 1 1 0 0 0 - 1 1 1 1 1 - 1 0 0 0 0 0 1 1 1 0 1 1 1 0 0 1 0 1 0 0 0 0 1 1 1 0 0 0 1 0 1 1 0 0 1 - 1 0 1 0 1 0 1 1 - 0 1 0 - 0 1 0
  97.9       NODE_1702_PO _16572      1 0 0 0 1 1 0 0 0 0 1 1 1 0 1 0 1 0 1 - 1 1 0 0 0 1 0 1 0 0 0 1 - 1 - 1 1 0 1 0 0 0 1 1 0 0 0 1 1 0 0 0 1 1 1 0 0 0 - 1 1 1 1 1 1 1 0 0 0 0 0 1 1 1 0 1 1 1 0 0 1 0 1 0 - 0 0 1 1 1 0 0 0 1 0 1 1 0 0 1 1 1 0 1 0 1 0 1 1 - 0 1 0 - 0 1 0
  98.8       NODE_1702_PO _23785      1 0 0 1 1 1 0 0 0 0 1 1 1 0 1 0 - 0 1 - 1 1 0 0 0 1 0 - 0 0 0 1 - 1 - 1 1 0 1 0 0 0 1 1 - 0 0 1 1 0 0 0 1 1 1 0 0 - - 1 1 1 1 1 1 1 0 0 - 0 0 1 1 1 0 1 1 1 0 0 1 0 1 0 - 0 0 1 1 1 0 0 0 1 0 - 1 0 0 1 1 1 - 1 0 1 0 1 1 - - 1 0 - 0 1 0
  100.8      NODE_1702_PO _31685      1 0 0 1 1 1 0 0 0 0 1 1 1 0 1 0 1 0 1 0 1 1 0 0 0 1 0 1 0 0 0 1 - 1 - 1 1 0 1 0 0 0 1 1 0 0 0 1 1 0 0 0 1 1 1 0 0 0 - 1 1 1 1 1 1 1 0 0 0 0 0 1 1 1 0 1 1 1 1 0 1 0 1 0 - 0 0 1 1 1 0 0 0 1 0 1 1 0 0 1 1 1 - 1 0 1 0 1 1 - 0 1 1 - 0 1 0
  101.8      NODE_1145_PO _9563       1 0 0 1 1 1 0 0 1 0 1 1 - 0 1 0 - 0 1 - 1 1 0 0 0 1 0 1 0 0 0 - - 1 - 1 1 0 1 0 0 0 1 1 0 0 0 1 1 0 0 0 1 1 1 0 0 0 - 1 1 1 1 1 1 1 0 0 0 0 0 1 1 1 0 1 1 1 1 0 1 0 1 0 - 0 0 1 1 1 0 0 0 1 0 1 1 0 0 1 1 1 - 1 0 1 0 - 1 - 0 1 1 - 0 1 0
  103.8      NODE_1145_PO _28507      1 0 0 1 1 1 0 0 1 0 1 1 1 0 1 0 - 0 1 - 1 1 0 0 0 1 0 1 0 0 0 1 - 1 - 1 1 1 1 0 0 0 1 1 0 0 0 1 1 0 0 0 1 1 - 0 0 - - - - 1 1 1 1 1 0 0 0 0 0 1 1 1 0 1 1 1 1 0 1 0 1 1 - 0 0 1 1 1 0 0 0 1 - 1 1 0 0 1 - 1 - 1 0 1 0 - 1 - 0 1 1 - 0 1 0
  105.8      NODE_170_PO _36219       1 0 0 1 1 1 0 0 1 0 1 1 - 0 1 0 - 0 1 - 1 1 0 0 0 1 0 1 0 0 0 1 0 1 - 1 1 1 1 0 0 0 1 1 1 0 0 1 1 0 0 0 1 1 1 0 0 0 - 1 1 1 1 1 1 1 0 0 0 0 0 1 1 1 0 1 0 1 1 0 1 0 1 1 0 0 0 1 1 1 0 0 0 1 0 1 1 0 0 1 1 1 0 1 0 1 0 1 1 - 0 1 1 - 0 1 0
  107.7      NODE_4027_PO _3625       1 0 0 1 1 1 1 0 1 0 1 1 - 0 1 0 1 0 1 0 1 1 0 0 0 1 0 1 0 0 0 1 - - - 1 1 1 1 0 0 0 1 1 - 0 0 1 1 0 0 0 1 1 1 0 0 0 - - 1 1 1 1 1 1 0 0 - 0 0 1 1 1 0 1 0 1 1 0 1 0 1 1 - 0 0 1 1 1 0 0 0 1 0 1 0 0 0 1 1 1 - 1 0 1 0 1 1 - 0 1 1 - 0 1 0
  109.7      NODE_4049_PO _1837       1 0 0 1 1 1 1 0 1 0 1 1 1 0 1 0 - 0 1 - 0 1 0 0 0 1 0 1 0 0 0 1 - 1 - 1 1 1 1 0 0 0 1 1 - 0 0 1 1 0 0 0 1 1 1 0 0 - - - 1 1 1 1 0 1 0 0 - 0 0 1 1 1 0 1 0 1 1 0 1 0 1 1 - 0 0 1 1 1 0 0 0 1 0 1 0 0 0 1 1 1 - 1 0 1 0 1 1 - 0 1 1 - 0 1 0
  110.6      NODE_96_PO _35593        1 0 0 1 1 1 1 0 1 0 1 1 1 0 1 0 1 0 1 0 0 1 0 0 0 1 0 1 0 0 0 1 - 1 - 1 1 1 1 0 0 0 1 1 1 0 0 1 1 0 0 0 1 1 1 0 0 1 0 - 1 1 1 1 0 1 0 0 0 0 0 1 1 1 0 1 0 1 1 0 1 0 1 1 0 0 0 1 1 1 0 0 0 1 0 1 0 0 0 1 1 1 0 1 0 1 0 0 1 - 0 1 1 - 0 1 0
  115.5      NODE_2739_PO _10124      1 - 0 1 1 1 1 0 1 0 1 1 0 0 1 0 0 0 1 0 0 1 0 0 0 1 0 1 0 0 0 1 - 0 0 1 1 1 1 0 0 0 1 1 - 0 0 1 1 0 0 0 1 1 1 0 0 - - 1 1 1 1 1 0 1 0 0 - 0 0 1 1 1 0 1 0 1 1 0 0 0 1 1 - 0 0 0 1 1 0 0 0 1 0 1 0 0 0 1 1 1 - 1 0 1 0 0 1 - - 1 1 - 0 1 0
  121.5      NODE_6321_PO _10451      1 0 0 1 1 1 1 0 1 0 1 1 0 0 1 0 - 0 1 - 1 1 0 0 0 1 0 0 0 0 1 1 - 1 - 1 1 1 1 0 0 0 1 1 - 0 0 1 1 0 0 0 1 1 1 0 0 - 0 - 1 1 1 1 0 1 0 0 0 0 0 1 1 1 0 1 0 1 1 0 0 0 1 1 - 0 0 0 1 1 0 1 0 1 0 1 0 0 0 1 - 1 - - 0 1 1 0 1 - - 1 1 - 0 1 0
  126.9      NODE_1768_PO _13243      1 0 0 1 1 1 1 0 1 0 1 1 - 0 1 0 - 0 1 - 1 1 0 0 1 1 0 0 0 0 1 - - 1 - 1 1 1 - 0 0 - 1 1 - 0 0 - 1 0 0 0 1 1 1 0 0 1 - - 1 1 1 1 - 1 1 0 - 0 0 1 1 1 0 1 0 1 1 0 0 0 1 1 - 1 1 0 1 1 0 1 0 1 0 - 0 0 0 1 1 1 - 0 0 1 1 - 0 - - 1 1 - 0 1 0
  127.9      NODE_1768_PO _24432      1 0 0 1 1 1 1 0 1 0 1 1 0 0 1 0 - 0 1 0 1 1 0 0 1 1 0 0 0 0 1 1 - 1 - 1 1 1 1 0 0 1 1 1 1 0 0 1 1 0 0 0 1 1 1 0 0 1 - - 1 1 1 1 0 1 1 0 0 0 0 1 1 1 0 1 0 1 0 0 0 0 1 1 - 1 1 0 1 1 0 1 0 1 0 1 0 0 0 1 1 1 0 0 0 1 1 0 0 - 0 1 1 - 0 1 0
  128.9      NODE_860_PO _10018       1 0 0 1 1 1 1 0 1 0 1 1 - 0 1 0 - 0 1 - 1 1 0 0 1 1 0 0 0 0 1 1 - 1 - 1 1 1 1 0 0 1 1 1 1 0 0 1 1 0 0 0 1 1 - 0 0 - - - 1 1 1 1 0 1 1 0 - 0 0 1 1 1 0 1 0 1 0 0 0 0 1 1 - 1 1 0 0 1 0 1 0 1 0 1 0 0 0 1 1 1 0 0 0 1 1 - 0 - 0 1 1 - 0 1 0
  131.8      NODE_313_PO _68295       1 0 0 1 1 1 1 0 1 0 1 1 0 0 1 0 1 0 1 0 1 1 0 0 1 1 0 0 0 0 1 1 0 1 - 1 1 1 1 0 0 1 1 0 1 0 0 1 1 0 0 0 1 1 1 0 0 1 - - 1 1 1 1 0 1 1 0 0 0 0 1 1 1 0 1 0 1 0 0 0 0 1 1 0 1 1 0 0 1 0 1 0 1 0 1 0 0 0 1 1 0 - 0 0 1 1 - 0 - 0 0 1 - 0 1 0
  133.7      NODE_313_PO _15003       1 1 0 1 1 1 1 0 1 0 1 1 0 0 1 0 - 0 1 - 1 1 0 0 1 1 0 0 0 0 1 1 - 1 - 1 1 1 1 0 0 1 1 0 1 0 0 1 1 0 0 0 1 1 1 0 0 - - - 1 1 1 1 0 1 1 0 0 0 0 1 1 1 0 1 0 1 0 0 0 1 1 1 - 1 1 0 0 1 0 1 0 1 0 1 0 0 0 1 1 0 - 0 0 1 1 0 0 - 0 0 1 - 0 1 0
  136.6      NODE_95_PO _20408        1 1 0 1 1 1 1 0 1 0 1 1 - 0 0 0 - 0 1 - 1 1 1 0 1 1 0 0 0 0 1 1 - 1 - 1 1 1 1 0 0 1 1 0 1 0 0 1 1 0 0 0 1 1 1 0 0 1 1 1 1 1 0 1 0 1 1 0 - 0 0 1 1 1 0 1 0 1 0 0 0 1 1 1 0 1 1 0 0 1 0 1 0 1 0 1 0 0 0 1 1 0 0 0 0 1 1 0 0 - 0 0 1 - 0 1 0
  138.5      NODE_95_PO _18750        1 1 0 1 1 1 1 0 1 1 1 1 0 0 0 0 - 0 1 - 1 1 1 0 1 1 0 0 0 0 1 1 - 1 - 1 1 - 1 0 0 1 1 0 1 0 0 1 1 0 0 0 1 1 1 0 0 1 - 1 1 1 0 0 0 1 1 0 0 0 0 1 1 1 0 1 0 1 0 0 0 1 1 1 0 1 1 0 0 1 0 1 0 1 - 1 0 0 0 1 1 0 - 0 0 1 1 0 0 - 0 0 1 - 0 1 0
  139.5      NODE_3509_PO _4565       1 1 0 1 1 1 1 0 1 1 1 1 0 0 0 0 - 0 1 - 1 1 1 0 1 1 0 0 0 0 1 1 - 1 - 1 1 1 1 0 0 1 1 0 1 0 0 1 1 0 1 0 1 1 1 0 0 - - 1 1 1 0 0 0 1 1 0 0 0 0 1 1 1 0 1 0 1 0 0 0 1 1 1 - 1 1 0 0 1 0 1 0 1 0 1 0 0 0 1 1 0 0 0 0 1 1 0 0 - 0 0 1 - 0 1 0
  146.3      NODE_1401_PO _10094      1 1 0 1 1 1 0 0 1 1 1 1 - 0 0 0 - 0 1 - 1 1 1 0 1 1 0 0 0 0 1 1 - - - 1 1 1 1 0 0 1 1 0 - 0 0 1 1 0 1 0 1 1 1 0 1 1 - 1 1 1 0 0 0 1 1 0 0 0 0 1 1 1 1 1 0 1 0 0 0 1 1 0 - 1 1 0 0 1 0 1 0 1 1 1 0 0 0 1 0 0 - 0 0 1 1 1 0 - - 0 1 - 0 1 0
  150.3      NODE_2054_PO _15894      1 1 0 0 1 1 0 0 1 1 1 1 0 0 0 0 - 0 1 - 1 1 1 0 1 1 1 0 0 0 1 - - - - 1 1 - 1 0 0 1 0 0 - 0 0 - 1 0 1 0 1 1 1 0 1 - - 0 1 1 0 0 0 1 1 0 0 0 0 1 1 1 1 1 - 1 0 0 0 1 1 0 - 1 1 0 0 1 0 1 0 1 1 1 0 0 0 1 0 0 - 0 0 1 1 1 0 - - 0 1 - 0 1 0
  153.4      NODE_4351_PO _15450      1 1 0 0 1 1 0 0 1 1 1 1 - 0 0 0 0 0 1 0 1 0 1 0 1 1 1 0 0 0 1 1 0 1 1 1 1 0 1 0 0 1 0 0 1 0 0 1 1 0 1 0 1 1 1 0 1 1 1 - 1 1 0 0 0 1 1 0 0 0 0 1 1 1 1 1 0 1 0 1 0 1 1 0 - 1 1 0 0 1 0 1 0 1 1 1 0 0 0 1 0 0 0 0 0 1 1 1 0 - 0 0 1 - 1 1 0
  154.3      NODE_734_PO _26090       1 1 0 0 1 1 0 0 1 1 1 1 - 0 0 0 0 0 1 - 1 0 1 0 1 1 1 0 0 0 1 1 - 1 - 1 1 0 1 0 0 1 0 0 1 0 0 1 1 0 1 0 1 1 1 0 1 1 - 0 1 1 0 0 0 1 1 0 0 0 0 1 1 1 1 1 0 1 0 1 0 1 1 0 - 1 1 1 0 1 0 1 0 1 1 1 0 0 0 1 0 0 - 0 0 1 1 1 0 - - 0 1 - 1 1 0
  155.3      NODE_275_PO _21948       1 1 0 0 1 1 0 0 0 1 1 1 0 0 0 0 0 0 1 - 1 0 1 0 1 1 1 0 0 0 1 1 - 1 - 1 1 0 1 0 0 1 0 0 1 0 0 1 1 0 1 0 1 1 1 0 1 1 - - 1 1 0 0 0 1 1 0 0 0 0 1 1 1 1 1 0 1 0 1 0 1 1 0 - 1 1 1 0 1 0 1 0 1 1 1 0 0 0 1 0 0 - 0 0 1 1 1 0 - 0 0 1 - 1 1 0
  157.2      NODE_571_PO _13843       1 - 0 0 1 1 0 0 0 1 1 1 0 0 0 0 - 0 1 - 1 0 1 0 1 1 1 0 0 0 1 1 - 1 - 1 1 0 1 0 0 1 0 0 1 0 0 1 1 0 1 0 1 1 1 0 1 1 - 0 1 1 0 0 0 1 1 1 0 0 0 1 1 1 1 1 1 1 0 1 0 1 1 0 - 1 1 1 0 1 0 1 0 1 1 1 0 0 0 1 0 0 - 0 0 1 1 1 0 - 0 0 1 - 1 1 0
  163.8      NODE_1627_PO _21507      1 1 0 0 0 1 0 0 0 1 1 1 0 0 0 1 0 0 1 - 0 0 1 0 1 1 1 0 0 0 1 1 - 1 - 1 1 0 1 1 0 1 0 0 1 0 0 1 1 0 1 0 1 1 1 0 1 1 - - 0 1 0 0 0 1 1 1 0 0 0 1 1 1 1 1 1 1 0 1 0 1 1 0 - 1 1 1 0 0 0 1 0 1 1 1 0 0 0 1 0 0 - 0 0 0 1 1 0 - 0 0 1 - 1 1 0
  165.7      NODE_25_PO _139987       1 1 0 0 0 1 0 0 0 1 1 1 0 0 0 1 - 0 1 - 0 0 1 0 1 1 1 0 0 0 1 1 - 0 - 1 1 0 1 1 0 1 0 0 1 0 0 1 1 0 1 0 1 1 1 0 1 - - 0 0 1 0 0 0 1 1 1 0 0 0 1 1 1 1 1 1 1 0 1 0 1 1 0 0 1 1 1 0 0 0 1 0 0 1 1 0 0 0 1 0 0 0 0 0 0 1 1 0 - - 0 1 - 1 1 0
  167.6      NODE_6729_PO _1741       1 1 0 0 0 1 0 0 0 1 1 1 0 0 0 1 - 0 1 - 0 0 1 0 1 1 1 0 0 0 1 1 0 0 - 1 1 0 1 0 0 1 0 0 1 0 0 1 1 0 1 0 1 1 1 0 1 1 - 0 0 1 0 0 0 1 1 1 0 0 0 1 1 1 1 1 1 1 0 1 0 1 1 0 0 1 1 1 0 0 0 1 0 0 1 1 0 0 1 1 0 0 - 0 0 0 1 1 0 - 0 0 1 - 1 1 0
  172.2      NODE_707_PO _8807        1 1 0 0 0 1 0 0 0 1 1 1 - 0 0 1 0 0 0 - 0 0 1 0 1 1 1 0 0 0 1 1 - 0 - 0 1 0 1 0 0 1 0 0 1 0 0 1 1 0 1 0 1 1 1 0 1 1 - 0 0 1 0 0 0 1 1 1 0 0 1 1 1 1 1 1 1 1 0 1 0 1 1 0 0 1 1 1 0 0 0 1 0 0 1 1 0 0 1 1 0 1 0 0 0 0 1 1 0 - 0 0 1 - 1 1 1
  175.0      NODE_3784_PO _1360       1 1 0 0 0 1 0 0 0 1 1 1 0 0 0 1 - 0 0 - 0 0 1 0 1 1 1 0 0 0 1 1 0 0 - 0 1 0 1 0 0 1 0 0 1 0 0 1 1 0 1 0 1 1 1 0 1 1 - 0 0 1 0 0 0 1 1 1 0 0 1 0 1 1 1 1 1 1 0 1 0 1 0 0 - 1 1 1 0 0 0 1 1 0 1 1 0 0 1 1 0 1 - 0 0 0 1 1 0 - 0 0 1 - 1 1 1
  177.9      NODE_1043_PO _36296      1 1 0 0 0 1 0 0 0 1 1 1 - 0 0 1 0 0 0 0 0 0 1 0 1 1 1 0 0 0 1 1 - 0 - 0 1 0 1 0 0 0 0 0 - 0 0 1 1 0 1 0 1 1 1 0 1 - - - 0 1 0 0 0 1 0 1 0 0 1 0 1 0 1 1 1 1 0 1 0 1 0 0 1 1 1 1 0 0 0 1 1 0 1 1 0 0 1 1 - 1 - 0 0 0 1 1 0 - - 0 1 - 1 1 1
  178.9      NODE_2457_PO _12566      1 1 0 0 0 1 0 0 0 1 1 1 0 0 0 1 - 0 0 - 0 0 1 0 1 1 1 0 0 0 1 1 - 0 - 0 1 0 1 0 0 0 0 0 1 0 0 1 1 0 1 0 1 1 1 0 1 1 - 0 0 1 0 0 0 1 0 1 0 0 1 0 1 0 1 1 1 1 0 1 0 1 0 0 0 1 1 1 0 0 0 1 1 0 1 1 0 0 1 1 - 1 - 0 0 0 1 1 0 - 0 0 1 - 1 1 1
  183.6      NODE_2395_PO _16909      1 1 0 0 0 1 0 0 0 1 1 1 - 0 0 1 - 0 0 0 0 0 1 0 1 1 1 0 0 0 1 0 - 0 - 0 1 0 1 0 0 0 0 0 1 0 0 1 1 0 1 0 1 1 1 0 1 1 - - 0 1 0 0 0 1 0 1 0 0 1 0 1 0 1 1 0 0 0 1 0 1 0 0 0 1 1 1 0 0 0 1 1 0 1 1 0 0 1 1 0 1 - 0 0 0 1 0 0 - 0 0 1 - 1 0 1
  184.6      NODE_3893_PO _5675       1 1 0 0 0 1 0 0 0 1 1 1 - 0 0 1 0 0 0 - 0 0 1 0 1 1 1 0 0 0 1 0 - 0 - 0 1 0 1 0 0 0 0 0 1 0 0 1 1 0 1 0 1 1 1 0 1 1 - 0 0 1 0 0 0 1 0 1 0 0 1 0 1 0 1 1 0 0 0 1 0 1 0 0 0 1 1 1 0 0 0 1 1 0 1 1 0 0 1 1 0 1 - 0 0 0 1 0 0 - 0 1 1 - 1 0 1
  185.5      NODE_5735_PO _1915       1 1 0 0 0 1 0 0 0 1 1 1 0 0 0 1 - 0 0 - 0 0 1 1 1 1 1 0 0 0 1 0 - 0 - 0 1 0 1 0 0 0 0 0 1 0 0 1 1 0 1 0 1 1 1 0 1 1 - 0 0 1 0 0 0 1 0 1 0 0 1 0 1 0 1 1 0 0 0 1 0 1 0 0 - 1 1 1 0 0 0 1 1 0 1 1 0 0 1 1 0 1 0 0 0 0 1 0 0 - 0 1 1 - 1 0 1
  186.4      NODE_5891_PO _10058      1 1 0 0 0 1 0 0 0 1 1 1 - 0 0 1 - 0 0 - 0 0 1 1 1 1 1 0 0 0 1 0 - 0 - 0 1 0 1 0 0 0 0 0 1 0 0 1 1 0 1 0 1 1 1 0 1 1 - 0 0 1 1 0 0 1 0 1 - 0 1 0 1 0 1 1 0 0 0 1 0 1 0 0 - 1 1 1 0 0 0 1 1 0 1 1 0 0 1 1 0 1 0 0 0 0 1 0 0 - 0 1 1 - 1 0 1
  187.4      NODE_2356_PO _17057      1 1 0 0 0 1 0 0 0 1 1 1 - 0 0 1 - 0 0 0 0 0 1 1 1 1 1 0 0 0 1 0 0 0 - 0 1 0 1 0 0 0 0 0 1 1 0 1 1 0 1 0 1 1 1 0 1 1 - - 0 1 1 0 0 1 0 1 0 0 1 0 1 0 1 1 0 0 0 1 0 1 0 0 0 1 1 1 0 0 0 1 1 0 1 1 0 0 1 1 0 1 0 0 0 0 1 0 0 - 0 1 1 - 1 0 1
  188.3      NODE_4325_PO _6832       1 1 0 0 0 1 0 0 0 1 1 1 - 0 0 1 1 0 0 - 0 0 1 1 1 1 1 0 0 0 1 0 - 0 - 0 1 0 1 0 0 0 0 0 1 1 0 1 1 0 1 0 1 1 1 0 - 1 1 0 0 1 1 0 0 1 0 1 0 0 1 0 1 0 1 1 0 0 0 1 0 1 0 0 0 1 1 1 0 0 0 1 1 0 1 1 0 1 1 1 0 1 - 0 0 0 1 0 0 - 0 1 1 - 1 0 1
  189.3      NODE_201_PO _36815       1 1 0 0 0 1 0 0 0 1 1 1 - 0 0 1 - 0 0 - 0 0 1 1 1 1 1 0 0 0 1 0 - 0 - 0 1 0 1 0 0 0 0 0 1 1 0 1 1 0 1 0 1 1 1 0 0 - - 0 0 1 1 0 0 1 0 1 - 1 1 0 1 0 1 1 0 0 0 1 0 1 0 0 - 1 1 1 0 0 0 1 1 0 1 1 0 1 1 1 0 1 - 0 0 0 1 - 0 - 0 1 1 - 1 0 1
  190.3      NODE_201_PO _7779        1 1 0 0 0 1 0 0 0 1 1 1 - 0 0 1 - 0 0 - 0 0 1 1 1 1 1 0 0 0 1 0 - 0 - 0 1 - 1 0 0 0 0 0 1 1 0 1 1 0 1 0 1 1 1 0 0 - - 0 0 1 1 0 0 1 0 1 0 1 1 0 1 0 1 1 0 0 1 1 0 1 0 0 - 1 1 1 0 0 0 1 1 0 1 1 0 1 1 1 0 1 - 0 0 0 1 0 0 - 0 1 1 - 1 0 1
  191.3      NODE_5025_PO _500        1 1 0 0 0 1 0 0 0 1 1 1 - 0 0 1 - 0 0 - 0 0 1 1 1 1 1 0 0 0 1 0 - 0 - 0 - - 1 0 0 0 0 0 1 1 0 1 1 0 1 0 1 1 - 0 0 - - 0 0 1 1 0 0 1 0 1 - 1 1 0 1 0 1 1 0 - 1 1 0 0 0 0 - 1 1 1 0 0 0 1 1 0 1 1 0 1 1 1 - 1 - 0 0 0 1 0 0 - 0 1 - - 1 0 1
  193.3      NODE_3450_PO _9811       1 1 1 0 0 1 0 0 0 1 1 1 0 0 0 1 - 0 0 - 0 0 1 1 1 1 1 0 0 0 1 0 - 0 - 0 1 - 1 0 0 0 0 0 1 1 0 1 1 0 1 0 1 - 1 0 0 1 - 0 0 1 1 0 0 1 0 1 0 1 1 0 1 0 1 1 0 0 1 1 0 0 0 0 - 1 1 1 0 0 0 0 1 0 1 1 0 1 1 1 0 1 - 0 0 0 1 0 0 - 0 1 1 - 1 0 1
  194.3      NODE_3671_PO _14854      1 1 1 0 0 1 0 0 0 1 1 1 0 0 0 1 1 0 0 - 0 0 1 1 1 1 1 0 0 0 1 0 - 0 - 0 1 0 1 0 0 0 0 0 1 1 0 1 1 0 1 0 1 1 1 0 0 1 - - 0 1 1 0 0 1 0 1 0 1 0 0 1 0 1 1 0 0 1 1 0 0 0 0 - 1 1 1 0 0 0 0 1 0 1 1 0 1 1 1 0 1 - 0 0 0 1 0 0 - 0 1 1 - 1 0 1
  199.9      NODE_5885_PO _10773      1 1 1 1 0 1 0 0 0 1 1 1 0 0 0 1 - 0 0 - 0 0 1 1 1 1 1 0 0 0 1 0 - 0 - 0 0 0 1 0 0 0 0 0 1 1 1 1 1 0 1 0 1 1 1 0 0 0 - 0 0 1 1 0 0 1 0 1 - 1 0 0 1 1 1 1 0 0 1 1 0 0 0 0 - 1 1 1 0 0 0 0 1 0 1 1 0 1 1 1 0 1 - 0 0 0 1 0 0 - 0 1 1 - 1 0 0
  201.8      NODE_1235_PO _16490      1 1 1 1 0 1 0 0 0 1 1 1 0 0 0 1 1 0 0 - 0 0 1 1 1 1 1 0 0 0 1 0 - 0 - 0 0 0 1 0 0 0 0 0 1 1 1 1 1 0 0 0 1 1 1 1 0 - - 0 0 1 1 0 0 1 0 1 0 1 0 0 1 1 1 1 0 0 1 1 0 0 0 0 - 1 1 1 0 0 0 0 1 0 1 1 0 1 1 1 0 1 - 0 0 0 1 0 0 - - 1 1 - 1 0 0
  202.8      NODE_2049_PO _4182       1 1 1 1 0 1 0 0 0 1 1 1 - 0 0 1 - 0 0 - 0 0 1 1 1 1 1 0 0 0 1 0 - 0 - 0 0 0 1 0 0 0 0 0 1 1 1 1 1 0 0 0 1 1 1 1 0 - - 0 0 1 1 0 0 1 0 1 0 1 0 0 0 1 1 1 0 0 1 1 0 0 0 0 - 1 1 1 0 0 0 0 1 0 1 1 0 1 1 1 - 1 - 0 0 0 1 0 0 - 0 1 1 - 1 0 0
  209.7      NODE_5951_PO _414        1 1 1 1 0 1 0 0 0 1 1 1 - 0 0 1 - 0 0 - 0 0 1 1 1 1 1 0 0 0 1 0 - 0 - 0 0 - 1 0 0 0 0 0 0 1 1 1 1 0 0 - 1 1 1 1 0 0 1 0 1 1 1 0 0 1 0 1 0 1 0 0 0 1 1 1 0 0 1 1 0 0 0 0 - 1 0 1 0 1 0 0 1 0 1 1 0 1 1 1 0 0 - 0 0 0 1 - 0 - 0 1 1 - 0 1 0
  210.7      NODE_5956_PO _9119       1 1 1 1 1 1 0 0 0 1 1 1 0 0 0 1 1 0 0 - 0 0 1 1 1 1 1 0 0 0 1 0 - 0 - 0 0 0 1 0 0 0 0 0 0 1 1 1 1 0 0 0 1 1 1 1 0 0 - 0 1 1 1 0 0 1 0 1 0 1 0 0 0 1 1 1 0 0 1 1 0 0 0 0 - 1 0 1 0 1 0 0 1 0 1 1 0 1 1 1 0 0 - 0 0 0 1 0 0 - 0 1 1 - 0 1 0
  211.6      NODE_952_PO _13107       1 1 1 1 1 1 0 0 0 1 1 1 0 0 0 1 - 0 0 - 0 0 1 1 1 1 1 0 0 0 1 0 - 0 - 0 0 0 1 0 0 0 0 0 0 1 1 1 1 0 0 0 1 1 1 1 0 0 - 0 1 1 1 0 0 1 0 1 0 1 0 0 0 1 1 1 0 0 1 1 0 0 0 0 - 1 0 1 0 1 0 0 1 0 1 1 1 1 1 1 0 0 - 0 0 0 1 0 0 - 0 1 1 - 0 1 0
  215.6      NODE_3434_PO _6216       1 1 1 1 1 1 0 0 0 1 1 1 - 0 0 1 - 0 0 - 0 - 1 1 0 1 1 - 0 0 1 0 - 0 - 0 - 0 1 0 0 0 0 0 - 1 1 1 1 0 0 1 1 1 1 1 0 0 - - 1 1 1 1 0 1 0 1 - 1 0 0 0 1 1 1 0 0 1 1 0 0 0 0 - 1 0 1 0 1 0 0 1 0 0 1 1 1 1 1 0 0 - - 0 0 1 0 0 - 0 1 1 - 0 1 0
  216.6      NODE_1834_PO _19315      1 1 1 1 1 1 0 0 0 1 1 1 - 0 0 1 1 0 0 - 0 0 1 1 0 1 1 0 0 0 1 0 - 0 - 0 0 0 1 0 0 0 1 0 - 1 1 1 1 0 0 1 1 1 1 1 0 0 0 0 1 1 1 1 0 1 0 1 0 1 0 0 0 1 1 1 0 0 1 1 0 0 0 0 - 1 0 1 0 1 0 0 1 0 0 1 1 1 1 1 0 0 - 0 0 0 1 0 0 - 0 1 1 - 0 1 0
  223.3      NODE_39_PO _77340        1 1 1 1 1 1 0 0 1 1 1 1 0 0 0 1 - 0 0 1 0 0 1 0 0 1 1 0 0 0 1 0 - 0 - 0 0 0 1 0 0 0 1 0 0 1 1 0 1 0 0 1 1 0 1 1 0 0 - - 1 1 1 1 0 1 0 1 0 1 0 0 0 1 1 1 1 0 1 1 0 0 0 0 - 1 0 1 0 1 0 0 0 0 0 1 1 1 1 1 0 0 - 0 1 0 1 0 0 - 0 1 1 - 0 1 0
  224.2      NODE_7924_PO _6657       1 1 1 1 1 1 0 0 1 1 1 1 0 0 0 1 1 0 0 - 0 0 1 0 0 1 1 0 0 0 1 0 0 0 - 0 0 0 1 0 0 0 1 0 0 1 1 0 1 0 0 1 1 0 1 1 0 0 - - 1 1 1 1 0 1 0 1 0 1 0 0 0 1 1 1 1 0 1 1 0 0 0 0 1 1 0 1 0 1 0 0 0 0 0 1 1 1 1 1 0 0 - 0 1 0 1 0 0 - 0 1 0 - 0 1 0
  228.9      NODE_2262_PO _10497      1 1 1 1 1 1 0 0 1 1 1 1 0 0 0 1 - 0 0 - 0 0 1 0 0 1 1 0 1 0 1 0 - 0 - 0 0 0 1 0 0 0 1 0 0 1 1 0 1 0 0 1 1 0 1 1 0 0 0 - 1 1 1 1 0 1 0 1 0 1 0 0 0 1 0 1 1 0 1 1 0 0 0 0 1 1 0 1 1 1 0 0 0 0 0 1 1 1 1 1 1 0 0 0 1 0 1 0 1 - 0 1 0 - 0 1 0
  231.6      NODE_6397_PO _1023       1 1 1 1 1 1 0 0 1 1 1 1 0 0 0 0 1 0 0 1 0 1 1 0 0 1 1 0 1 0 1 0 - 0 - 0 0 0 1 0 0 0 1 1 0 1 1 0 1 0 0 1 1 0 1 1 0 0 - 0 1 1 1 1 0 1 0 1 0 1 0 0 0 1 0 1 1 0 1 1 0 0 0 0 1 1 0 1 1 1 0 0 0 0 0 1 1 1 1 1 1 0 - 0 1 0 1 0 1 - 0 1 0 - 0 1 0
  232.7      NODE_427_PO _22648       1 1 1 1 1 1 0 0 1 1 1 1 - 0 0 - - 0 0 - 0 1 1 0 0 1 1 0 1 0 1 0 - 0 - 0 0 0 - 0 0 0 1 1 - 1 1 0 1 0 0 - 1 0 1 1 0 - - 0 - 1 1 1 0 1 0 1 - 1 0 0 0 1 0 1 1 0 1 1 0 0 0 0 - 1 0 1 1 1 0 0 0 0 - 1 1 1 1 - - - 0 0 1 1 1 0 1 - 0 1 0 - 0 1 0
  236.8      NODE_1410_PO _25921      1 1 1 1 1 1 0 0 1 1 1 1 0 0 0 0 - 0 0 - 0 1 1 0 0 1 1 0 1 0 1 0 - 1 - 0 0 0 1 0 0 1 1 1 0 1 1 0 1 0 0 1 1 0 1 1 0 0 - 0 1 1 1 1 0 1 0 1 0 1 0 0 1 1 0 1 1 0 1 0 0 0 0 0 - 1 0 1 1 1 0 0 0 0 0 1 1 1 1 1 1 0 - 0 1 1 1 0 1 - 0 1 0 - 0 1 0
  239.7      NODE_634_PO _26800       1 - 1 1 1 1 0 0 1 1 1 1 - 0 0 0 - 0 0 - 0 1 1 0 0 1 1 0 1 0 1 0 - 1 - 0 0 0 1 0 0 1 1 1 0 1 0 0 1 0 0 1 1 0 1 1 0 - - - 1 1 1 1 0 1 0 1 0 1 0 0 1 1 0 1 1 0 1 0 0 0 1 0 - 1 0 1 1 1 0 0 1 0 0 1 1 1 1 1 1 0 - 0 1 1 1 0 1 - 0 1 0 - 0 1 0
  241.8      NODE_699_PO _9157        1 0 1 1 1 1 0 0 1 1 1 1 - 0 0 0 1 0 0 1 0 1 1 0 0 0 1 0 1 0 1 - - 1 - 0 0 0 1 0 0 1 1 1 - 1 0 0 1 0 0 1 1 0 1 1 0 - - 0 1 1 1 1 - 1 0 1 - 1 1 0 1 1 0 1 1 0 1 0 0 0 1 0 1 1 0 1 1 1 0 0 1 0 0 1 1 1 1 1 - 0 - 0 1 1 1 - 1 - - 1 - - 0 1 0
  242.8      NODE_699_PO _40291       1 0 1 1 1 1 0 0 1 1 0 1 0 0 0 0 1 0 0 - 0 1 1 0 0 0 1 0 1 0 1 0 - 1 - 0 0 0 1 0 0 1 1 1 0 1 0 0 1 0 0 1 1 0 - 1 0 0 - - 1 1 1 1 0 1 0 1 0 1 1 0 1 1 0 1 1 0 1 0 0 0 1 0 1 1 0 1 1 1 0 0 1 0 0 1 1 1 1 1 1 0 0 0 1 1 1 0 1 - 0 1 0 - 0 1 0
  244.7      NODE_2838_PO _9580       1 0 1 1 1 1 0 0 1 1 0 1 0 0 0 0 1 0 0 - 0 1 1 0 0 0 1 0 1 0 1 0 - - - 0 0 0 1 0 0 1 1 1 0 1 0 0 1 0 1 1 1 0 1 1 0 0 - 0 1 1 1 1 0 1 0 1 1 1 1 0 1 1 0 1 1 0 1 0 0 0 1 0 1 1 0 1 1 1 0 0 1 0 0 1 1 1 1 1 1 0 - 0 1 1 1 0 1 - 0 1 - - 0 1 0
  246.6      NODE_1155_PO _10357      1 0 1 1 1 1 0 0 1 0 0 1 0 0 0 0 1 0 0 1 0 1 1 0 0 0 1 0 1 0 1 0 - 1 - 0 0 0 1 0 0 1 1 1 1 1 0 0 1 0 1 1 1 0 1 1 0 0 - 0 1 1 1 1 0 1 0 1 1 1 1 0 1 1 0 1 1 0 1 0 0 0 1 0 1 1 0 1 1 1 0 0 1 0 0 1 1 1 1 1 1 0 - 0 1 1 1 0 1 - 0 1 0 - 0 1 0
  248.5      NODE_1155_PO _34824      1 0 1 1 1 1 0 0 1 0 0 1 - 0 0 0 - 0 0 - 0 1 1 0 0 0 1 0 1 0 1 0 - 1 - 0 0 0 1 0 0 1 1 1 1 1 0 0 1 0 1 1 0 0 1 1 0 - - - - 1 1 1 0 1 0 1 - 1 1 0 1 1 0 1 1 0 1 0 0 0 1 0 - 1 0 1 1 1 1 0 1 0 0 1 1 1 1 1 1 0 - 0 1 - 1 0 1 - 0 1 0 - 0 1 0
  249.6      NODE_2038_PO _13665      1 0 1 1 1 1 0 0 1 0 0 1 - 0 0 0 - 0 0 - 0 1 1 0 0 0 1 0 1 0 1 - - 1 - 0 0 0 1 0 0 1 1 1 - 1 0 0 1 0 1 - 0 0 - 1 - 0 - 0 1 1 1 1 0 1 0 1 - 1 1 0 1 1 0 1 1 0 1 0 0 0 1 0 - 1 1 1 1 1 1 0 1 0 0 - 1 1 1 1 1 0 - 0 1 1 1 0 1 - - 1 0 - 0 1 0
  253.6      NODE_4033_PO _12572      1 0 1 0 1 1 0 0 1 0 0 1 - 0 0 0 - 0 0 - 0 1 1 0 0 0 1 0 1 0 1 - - 1 - 0 0 0 1 0 0 1 1 1 1 1 0 0 0 0 1 1 0 0 1 1 0 0 - 0 1 1 1 1 0 1 0 1 1 1 1 0 1 1 0 1 1 0 1 0 0 0 1 0 - 1 1 1 1 1 1 0 1 0 0 - 1 1 1 1 1 0 - 0 1 1 0 0 1 - 0 1 1 - 0 1 0
  254.6      NODE_919_PO _6130        1 0 1 0 1 1 0 0 1 0 0 1 0 0 0 0 - 0 0 1 0 1 1 0 0 0 1 0 1 0 1 0 - 1 - 0 0 0 1 0 0 1 1 1 1 1 0 0 0 0 1 1 0 0 1 1 0 0 - 0 1 1 1 1 0 1 0 1 1 1 1 0 1 1 0 1 1 0 1 0 0 0 1 0 0 0 1 1 1 1 1 0 1 0 0 1 1 1 1 1 1 0 - 0 1 1 0 0 1 - 0 1 1 - 0 1 0
  256.4      NODE_2917_PO _2834       1 0 1 0 1 1 0 0 0 0 0 1 0 0 0 0 1 0 0 - 0 1 1 0 0 0 1 0 1 0 1 0 - 1 - 0 0 0 1 0 0 1 1 1 1 1 0 0 0 0 1 1 0 0 1 1 0 - - 0 1 1 1 1 0 1 0 1 1 1 1 0 1 1 0 1 1 0 1 0 0 0 1 0 - 0 1 1 1 1 1 1 1 0 0 1 1 1 1 1 1 0 - 0 1 1 0 0 1 - - 1 1 - 0 1 0
  258.5      NODE_2468_PO _2578       1 0 1 0 1 1 1 0 0 0 0 1 - 1 0 - 1 0 0 - 0 - 1 0 0 0 1 0 1 0 1 0 - 1 - 0 0 - - 0 0 1 1 1 - 1 0 0 0 0 1 1 0 0 - 1 0 - - - 1 1 1 1 0 1 0 - - 1 1 0 1 1 0 1 - 0 1 0 0 0 1 0 - 0 1 1 1 1 1 1 1 0 0 1 1 1 1 1 1 0 - 0 1 1 0 - 1 - - 1 1 - 0 1 0
  259.6      NODE_1214_PO _26210      1 0 1 0 1 1 1 0 0 0 0 1 0 1 0 0 1 0 0 1 0 1 1 0 0 0 1 0 1 0 1 0 - 1 - 0 0 0 1 0 0 1 1 1 1 1 0 0 0 0 1 1 0 0 - 1 0 0 - 0 1 1 1 1 0 1 0 1 1 1 1 0 1 1 0 1 1 0 1 0 0 0 1 0 - 0 1 0 1 1 1 1 1 0 - 1 1 1 1 1 1 0 - 0 1 1 0 0 1 - 1 1 1 - 0 1 0
  261.7      NODE_8026_PO _1527       1 0 1 0 1 1 1 0 0 0 0 1 - 1 0 0 - 0 1 - 0 1 1 0 0 0 1 0 1 0 1 0 - 1 - 0 0 - 1 0 0 1 1 1 1 1 0 0 0 0 1 1 0 - - 1 0 - - - - 1 1 1 1 1 0 1 - 1 1 0 - 1 0 1 1 0 1 0 0 0 1 0 - 0 1 0 - 1 1 1 1 0 0 1 1 1 1 1 - 0 - 0 1 1 0 - 1 - 1 1 1 - 0 1 0
  262.8      NODE_2406_PO _14834      1 0 1 0 1 1 1 0 0 0 0 1 - 1 1 0 - 0 1 - 0 1 1 0 0 0 1 - 1 0 1 - - 1 - 0 0 0 1 0 0 1 1 1 1 1 0 0 0 0 1 1 0 0 1 1 0 - - - - 1 1 1 1 1 0 1 - 1 1 0 1 1 0 1 1 0 1 0 0 0 1 0 - 0 1 0 1 1 1 1 1 0 0 1 1 1 1 1 1 0 - 0 1 1 0 0 1 - 1 1 1 - 0 1 0
  264.9      NODE_1777_PO _23331      1 0 1 0 1 1 1 0 0 0 0 1 - 1 1 0 - 0 1 - 0 1 1 0 0 0 1 0 1 0 1 0 - - - 0 0 - 1 0 0 - 1 1 1 1 0 0 0 0 1 1 0 0 1 0 - - - - - 1 1 0 1 1 0 1 - 1 1 0 1 1 0 1 1 0 1 0 0 0 1 0 - 0 1 0 1 1 1 1 1 0 0 1 1 1 1 1 - - - 0 1 1 0 - 1 - 1 1 - - 0 1 0
  266.0      NODE_6169_PO _7504       1 0 1 0 1 1 1 1 0 0 0 1 0 1 1 0 - 0 1 - 0 1 1 0 0 0 1 0 1 0 1 0 - 1 - 0 0 - 1 0 0 1 1 1 1 1 0 0 0 0 1 1 0 - 1 0 0 0 - 0 1 1 1 0 1 1 0 1 1 1 1 0 1 1 0 1 1 0 1 0 0 0 1 0 - 0 1 0 1 1 1 1 1 0 0 1 1 1 1 1 1 0 - 0 1 1 0 0 1 - 1 1 1 - 0 1 0
  267.0      NODE_316_PO _41539       1 0 1 0 1 1 1 1 0 0 0 1 0 1 1 0 - 0 1 - 0 1 1 0 0 0 1 0 1 0 1 0 - 1 - 0 0 0 1 0 0 1 1 1 - 1 0 0 0 0 1 1 0 0 1 0 0 0 - - 1 1 1 0 - 1 0 1 1 1 1 0 1 1 0 1 1 0 1 0 0 0 1 0 - 0 1 0 0 1 1 1 1 0 0 1 1 1 1 1 - 0 - 0 1 1 0 0 1 - 1 1 1 - 0 1 0
  270.8      NODE_8195_PO _3519       1 0 1 0 1 1 1 1 0 0 0 1 1 1 1 0 0 0 1 - 0 1 1 0 0 0 1 1 1 0 1 0 - 1 - 0 0 0 1 0 0 1 1 1 1 1 0 0 0 0 1 1 0 0 1 0 0 0 - - 1 1 0 0 1 1 0 1 1 1 1 0 1 1 0 1 1 0 1 0 0 0 1 0 - 0 1 0 0 1 1 1 1 0 0 1 1 1 1 1 1 0 - 0 1 1 0 0 1 - 1 1 1 - 0 1 1
  272.7      NODE_6631_PO _9549       0 0 1 0 1 1 1 1 0 0 0 1 - 1 1 0 - 0 1 - 0 1 1 0 0 0 1 1 1 0 1 0 - 1 - 0 0 0 1 0 0 1 1 1 1 1 0 0 0 0 1 1 0 0 1 0 0 - - - 1 1 0 0 1 1 0 1 1 1 1 0 1 1 0 1 1 0 1 0 0 0 1 0 - 0 1 0 0 1 1 1 1 0 0 1 1 1 1 0 - 0 - 0 1 1 0 0 1 - 1 1 1 - 0 1 1
  273.7      NODE_125_PO _38891       0 0 1 0 1 1 1 1 0 0 0 1 - 1 1 0 0 0 1 - 0 1 1 0 0 0 1 1 1 0 1 0 0 1 - 0 0 0 1 0 0 1 1 1 - 1 1 0 0 0 1 1 0 0 1 0 0 0 1 0 1 1 0 0 1 1 0 1 1 1 1 0 1 1 0 1 1 0 1 0 0 0 1 0 0 0 1 0 0 1 1 1 1 0 0 1 1 1 1 0 1 0 - - 1 1 0 0 1 - 1 1 1 - 0 1 1
  278.6      NODE_23_PO _116275       0 0 1 1 1 1 1 1 0 0 0 1 - 1 1 0 0 0 1 - 0 1 1 0 0 0 1 1 1 0 1 0 - 1 - 0 0 0 1 0 1 0 1 1 1 1 1 0 0 0 1 1 0 0 - 0 0 - - - 1 1 0 0 1 1 0 1 1 1 1 0 1 1 0 1 1 0 1 0 0 0 1 0 - 0 1 0 0 1 1 1 1 0 0 1 1 1 1 0 1 0 - 0 0 1 0 0 0 - 1 1 1 - 0 1 1
  284.3      NODE_3869_PO _8962       0 1 1 1 1 1 1 0 0 0 0 1 1 1 1 0 0 0 1 - 1 1 1 0 0 0 1 1 1 0 1 0 - 1 - 0 0 0 1 0 1 0 1 1 1 1 1 0 0 0 1 1 0 0 1 0 0 0 - 0 1 1 0 0 1 1 0 0 1 1 1 0 1 1 0 1 1 0 1 0 0 0 1 0 - 0 1 0 0 1 1 1 1 0 0 1 1 0 1 0 1 1 - 0 0 1 0 0 0 - 1 1 1 - 0 1 1
  287.2      NODE_2890_PO _7341       0 1 1 1 1 1 1 0 0 0 0 1 - 1 1 0 - 0 1 - 1 1 1 0 0 0 1 - 0 0 1 0 - 1 - 0 0 0 1 0 1 0 1 1 - 1 1 0 0 0 1 1 0 0 1 0 0 0 - 0 1 1 0 0 1 1 0 0 - 1 1 0 1 1 0 1 1 0 1 0 0 0 1 0 - 0 1 0 0 0 1 1 1 0 0 0 1 0 1 0 - 1 - 0 0 1 0 0 0 - 1 1 - - 0 1 1
  290.3      NODE_1524_PO _33723      0 1 1 1 1 1 1 0 0 0 1 1 - 1 1 0 - 0 1 - 1 0 1 0 0 0 1 1 0 0 1 - - 1 - 0 0 0 1 0 1 0 1 0 1 1 1 0 0 0 1 1 0 0 1 0 0 - - - 1 1 0 0 1 1 0 0 - 1 1 0 1 1 0 1 1 0 - 0 0 0 1 0 - 0 1 0 0 0 1 1 1 0 0 0 1 0 1 0 1 1 - 0 0 1 0 0 0 - 1 1 1 - 0 1 1
  291.3      NODE_5947_PO _3827       0 1 1 1 1 1 1 0 0 0 1 1 - 1 1 0 - 0 1 - 1 0 1 1 0 0 1 1 0 0 1 - - 1 - 0 0 0 1 0 1 0 1 0 - 1 1 0 0 0 1 1 0 0 1 0 0 - - - 1 1 0 0 - 1 0 0 1 1 1 0 1 1 0 1 1 0 1 0 0 0 1 0 - 0 1 0 0 0 1 1 1 0 0 - 1 0 1 0 - 1 - 0 0 1 0 0 0 - - 1 1 - 0 1 1
  294.4      NODE_759_PO _3190        0 1 1 1 1 1 1 0 0 0 1 1 - 1 1 0 0 0 1 - 1 0 1 1 0 0 1 1 0 0 1 - - 1 - 0 0 1 1 0 1 0 1 0 1 1 1 0 0 0 1 1 0 0 1 0 0 0 - 0 1 1 0 0 1 1 0 0 1 1 1 1 1 1 0 1 1 0 1 0 0 0 1 1 - 0 1 0 0 0 1 1 1 0 0 0 1 0 1 0 1 1 - 0 0 1 0 0 0 - 1 1 1 - 0 1 1
  296.3      NODE_759_PO _17084       0 1 0 1 1 1 1 0 0 0 1 1 - 1 1 0 0 0 1 - 1 0 1 1 0 0 1 1 0 0 1 0 - 1 - 0 0 1 1 0 1 0 1 0 - 1 1 0 0 0 1 - 0 0 1 0 0 0 - 0 1 1 0 0 1 1 0 0 1 1 1 1 1 1 1 1 1 0 1 0 0 0 1 1 0 0 1 0 0 0 1 1 1 0 - 0 1 0 1 0 1 1 - 0 0 1 0 0 0 - 1 1 1 - 0 1 1
  297.2      NODE_1704_PO _28368      0 1 0 1 1 1 1 0 0 0 1 1 - 1 1 0 0 0 1 - 1 0 1 1 0 0 1 1 0 0 1 0 - 1 - 0 0 1 1 0 1 0 1 0 1 1 1 0 0 0 1 1 0 0 1 0 0 0 - 0 1 1 0 0 1 1 0 0 1 1 1 1 1 1 1 1 1 0 1 0 0 0 1 1 0 0 1 0 0 0 1 1 1 0 0 0 1 0 1 0 1 1 1 0 0 1 0 1 0 - 1 1 1 - 0 1 1
  299.1      NODE_3810_PO _16574      0 1 0 1 1 1 1 0 0 0 1 1 - 1 1 0 - 0 1 - 1 0 1 1 0 0 1 1 0 0 1 0 - 1 - 0 1 1 1 0 1 0 1 0 1 1 1 0 0 0 1 1 0 0 1 0 0 0 - 0 1 1 0 0 1 1 0 0 1 1 1 1 1 1 1 1 1 0 1 0 0 0 1 1 - 0 1 0 0 0 1 1 1 0 0 0 1 0 0 0 1 1 - 0 0 1 0 1 0 - 1 1 1 - 0 1 1
  301.3      NODE_2388_PO _25565      0 - 0 1 1 1 1 0 1 0 1 1 - 1 1 0 0 0 1 - 1 0 1 1 0 0 1 1 0 0 1 0 0 1 - 0 1 - 1 0 1 0 1 0 1 1 1 0 0 0 1 - 0 - - 0 - - - - - 1 0 0 1 1 0 0 - 1 1 1 1 1 1 1 1 0 1 0 0 0 1 1 - 0 1 0 0 0 1 1 1 0 0 - 1 0 0 0 - - - - 0 1 1 - 0 - 1 1 1 - 0 1 1
  302.3      NODE_1954_PO _2885       0 1 0 1 1 1 1 0 1 0 1 1 1 1 1 0 - 0 1 - 1 0 1 1 0 0 1 1 0 0 1 0 0 1 - 0 1 1 1 0 1 0 1 0 1 1 1 0 0 0 1 1 0 0 1 0 0 0 - 0 1 1 0 0 0 1 0 0 1 1 1 1 1 1 1 1 1 0 1 0 0 0 1 1 - 0 1 0 0 0 1 1 1 0 0 0 1 0 0 0 1 1 - 0 0 1 1 1 0 - 1 1 1 - 0 1 1
  305.2      NODE_3385_PO _3721       0 1 0 1 1 1 1 0 1 0 1 1 - 1 1 0 0 0 1 0 1 0 1 1 0 0 1 1 0 0 0 0 - 1 - 0 1 1 1 0 1 0 1 0 1 1 1 0 0 0 1 1 0 0 1 0 0 0 - - 1 0 0 0 0 1 0 0 1 1 1 1 1 1 1 1 1 0 1 0 0 0 1 1 - 0 1 0 0 0 1 1 1 0 0 0 1 0 0 0 1 1 - 0 0 1 1 1 0 - 1 0 1 - 0 1 1
  306.2      NODE_147_PO _16527       0 - 0 1 1 1 1 0 1 0 1 1 1 1 1 0 - 0 1 - 1 0 1 1 0 0 1 1 0 0 0 - - 1 - 0 1 1 1 0 1 0 1 0 - 1 1 0 0 0 1 1 0 0 1 0 0 0 - - 1 0 0 0 0 1 0 0 1 1 1 1 1 1 1 1 1 0 1 0 0 0 1 1 - 0 1 0 0 0 1 1 1 0 0 0 1 0 0 0 0 1 - 0 0 1 1 - 0 - - 0 1 - 0 1 1
