  0.0        NODE_2191_PO _12495      0 0 1 1 1 1 1 0 0 1 0 0 - 1 1 1 1 1 1 - 1 1 0 1 1 0 1 1 0 1 1 1 - 1 - 0 0 1 0 1 0 0 1 1 0 0 1 0 1 1 1 0 0 0 1 0 0 1 - 1 0 0 0 1 1 0 1 0 0 1 1 1 0 0 1 1 1 1 0 1 0 1 0 1 - 0 0 0 1 1 1 1 1 1 1 1 1 1 0 1 0 0 - 1 1 1 0 1 1 - 1 0 0 - 1 1 0
  7.4        NODE_2491_PO _10246      0 0 1 1 1 1 1 0 0 1 0 0 1 1 1 1 - 1 1 - 1 1 0 1 1 0 1 1 0 1 1 1 - - - 0 0 - 0 1 1 0 1 1 - 0 1 0 1 1 1 0 1 - - 0 - 1 - - - 0 0 1 1 0 1 0 - 0 1 1 0 0 1 1 1 1 0 1 1 0 0 1 - 0 0 1 1 1 1 1 1 1 1 1 1 1 1 1 0 0 - - 1 1 0 - 1 - - 0 0 - 1 1 0
  8.5        NODE_345_PO _22293       0 0 1 1 1 1 1 0 0 1 0 0 1 1 1 1 1 1 1 1 1 1 0 1 1 0 1 1 0 1 1 1 - 0 - 0 0 1 0 1 1 0 1 1 - 0 1 0 1 1 1 0 1 0 1 0 0 1 - 1 0 0 0 1 1 0 1 0 - 0 1 1 0 0 1 1 1 1 0 1 1 0 0 1 0 0 0 1 1 1 1 1 1 0 1 1 1 1 1 1 0 0 - 1 1 1 0 1 1 - 1 0 0 - 1 1 0
  9.4        NODE_345_PO _39157       0 0 1 1 1 1 1 0 0 1 1 0 1 1 1 1 - 1 1 - 1 1 0 1 1 0 1 1 0 1 1 1 - 0 - 0 0 1 0 1 1 0 1 1 0 0 1 0 1 1 1 0 1 0 1 0 0 1 - - 0 0 0 1 1 0 1 0 0 0 1 1 0 0 1 1 1 1 0 1 1 0 0 1 - 0 0 1 1 1 1 1 1 0 - 1 1 1 1 1 0 0 - 1 1 1 0 1 1 - 1 0 0 - 1 1 0
  12.4       NODE_4502_PO _3043       0 0 1 1 1 1 1 0 0 1 1 0 - 1 1 1 - 0 1 - 1 1 0 1 1 0 1 1 0 1 1 1 - 0 - 0 0 1 0 1 1 1 1 1 0 0 1 0 1 1 1 - 1 0 1 0 0 - - 1 - 0 0 1 1 0 1 0 0 0 1 1 0 0 1 1 1 1 0 1 1 0 0 1 - 0 0 1 1 1 1 1 1 0 1 0 1 1 1 1 0 0 - 1 1 1 0 1 1 - 1 0 0 - 1 1 0
  21.6       NODE_1123_PO _32729      1 0 1 1 1 1 1 0 0 1 1 0 1 1 1 1 - 0 1 - 1 1 1 1 1 0 1 1 0 1 1 - - 0 - 0 - 1 0 1 1 1 1 1 1 0 1 0 1 1 1 0 1 0 1 0 0 - - 0 0 0 0 1 1 0 1 0 1 0 1 1 0 0 1 1 1 1 0 1 1 - 0 1 - 0 0 1 1 1 1 1 0 0 0 0 1 1 1 - 1 0 - 1 1 1 0 - 1 - - 0 1 - 1 1 0
  26.8       NODE_789_PO _46210       1 0 1 1 1 1 1 0 0 1 1 0 - 1 1 1 - 0 1 - 0 1 1 0 1 0 1 1 0 1 1 - - 0 - 0 0 1 0 1 1 - 1 1 1 0 1 0 1 1 1 0 1 0 1 0 0 - - 0 0 1 0 1 1 0 1 1 - 0 1 1 0 0 1 1 1 1 0 1 1 - 0 1 - 0 0 1 1 1 1 1 0 0 0 0 0 1 1 1 1 0 - 1 1 - 0 1 1 - 1 0 1 - 1 1 0
  30.9       NODE_183_PO _70468       1 0 1 0 1 1 1 0 0 1 1 0 1 1 1 1 - 0 1 1 0 1 1 0 1 0 1 1 0 1 1 1 - 0 - 0 0 1 0 1 1 1 1 1 - 0 1 0 1 1 0 0 1 0 1 0 0 1 - - 0 1 0 1 1 0 0 1 - 0 1 1 0 0 1 1 1 1 0 1 1 0 0 1 - 0 1 1 1 1 1 1 0 0 0 0 0 1 1 1 1 0 - 1 1 1 0 - 1 - 1 0 1 - 1 1 0
  35.8       NODE_7946_PO _4406       1 0 1 0 1 1 1 0 0 1 1 0 - 0 1 1 1 0 1 - 0 1 1 0 1 0 1 1 0 1 1 1 0 0 - 0 0 1 0 1 1 1 0 1 - 0 1 0 1 1 0 1 1 - 1 0 0 1 - - 0 1 0 1 1 0 0 1 1 0 1 1 0 0 1 1 1 1 0 1 1 0 0 1 0 0 1 1 1 1 1 0 0 0 0 0 0 1 1 1 1 0 - 0 1 1 0 1 1 - 1 0 1 - 1 1 0
  40.6       NODE_697_PO _11642       1 0 1 0 0 1 1 0 0 1 1 0 - 0 1 1 1 0 1 - 0 1 1 0 1 0 1 0 0 1 1 1 1 0 - 0 0 1 1 1 1 1 0 1 1 0 1 0 1 1 0 1 1 0 1 0 0 - - 0 1 1 0 1 1 0 0 1 1 0 1 1 0 0 1 1 1 1 0 1 1 0 0 1 - 0 1 1 1 1 1 0 0 0 0 0 0 1 1 1 1 0 - 0 1 1 0 1 1 - 1 0 1 - 1 1 0
  41.5       NODE_1624_PO _9315       1 0 1 0 0 1 1 0 1 1 1 0 0 0 1 1 - 0 1 - 0 1 1 0 1 0 1 0 0 1 1 - - 0 - 0 0 1 1 1 1 1 0 1 1 0 1 0 1 1 0 1 1 0 1 0 0 - - 0 1 1 0 1 1 0 0 1 1 0 1 1 0 0 1 1 1 1 0 1 1 0 0 1 - 0 1 1 1 1 1 0 0 0 0 0 0 1 1 1 1 0 - 0 1 1 0 1 1 - 1 0 1 - 1 1 0
  49.4       NODE_25_PO _67800        1 - 1 0 0 1 0 0 1 1 1 0 - 0 1 0 1 0 1 - 0 1 1 0 0 0 1 0 0 1 1 1 - 0 - 0 0 1 1 1 1 1 0 1 0 0 1 0 1 1 0 1 1 0 1 0 1 1 - 0 1 1 0 0 1 0 0 0 1 0 1 1 0 0 1 1 1 1 0 1 1 0 0 1 - 0 1 1 1 1 1 0 0 0 0 0 0 1 0 1 1 0 - 0 1 1 0 1 1 - - 0 1 - 1 1 0
  50.3       NODE_5756_PO _1426       1 0 1 0 0 1 0 0 1 1 1 0 - 0 1 0 1 0 1 - 0 1 1 0 0 0 1 0 0 1 1 1 - 0 - 0 0 1 1 1 1 1 0 1 - 0 1 0 1 1 0 1 1 1 1 0 1 1 - - 1 1 0 0 1 0 0 0 1 0 1 1 0 0 1 1 1 1 0 1 1 0 0 1 - 0 1 1 1 1 1 0 0 0 0 0 0 1 0 1 1 0 - 0 1 1 0 1 1 - 1 0 1 - 1 1 0
  54.1       NODE_435_PO _24718       0 0 1 0 0 1 0 0 1 1 1 0 - 0 1 0 - 0 1 - 0 1 1 0 0 0 1 0 0 1 1 0 - 0 - 0 0 1 1 1 1 1 0 1 0 0 0 0 1 1 0 1 1 1 1 0 1 1 0 - 1 0 0 0 1 0 0 0 1 0 1 1 0 0 1 1 1 1 0 1 1 0 0 1 - 0 1 1 1 1 1 0 0 0 0 0 0 1 0 1 1 0 - 0 1 1 0 1 1 - 1 0 1 - 1 1 0
  56.1       NODE_1126_PO _21663      0 0 1 0 0 1 0 0 1 1 1 0 0 1 0 0 - 0 1 1 0 1 1 0 0 0 1 0 0 1 1 0 - 0 - 0 0 1 1 1 1 1 0 1 0 0 0 0 1 1 0 1 1 1 1 0 1 - - 0 1 0 0 0 1 0 0 0 1 0 1 1 0 0 1 1 1 1 0 1 1 0 0 1 - 0 1 1 1 1 1 0 0 0 0 0 0 1 0 1 1 0 - 0 1 1 0 - 1 - 1 0 1 - 1 1 0
  60.8       NODE_3703_PO _860        0 0 1 0 0 1 0 0 1 1 1 0 0 1 0 0 - 0 1 - 0 1 1 0 0 0 1 0 0 1 1 0 - 0 - 0 - 1 1 1 0 1 0 1 0 0 0 0 1 1 0 1 1 1 1 0 1 1 - 1 1 0 0 0 1 0 0 0 1 0 1 0 0 0 1 1 1 1 1 1 1 0 0 1 - 0 1 1 1 1 1 0 0 0 0 0 0 1 0 0 1 0 - 0 1 1 0 1 1 - 1 0 1 - 1 1 0
  65.6       NODE_617_PO _43990       0 0 1 0 0 1 0 0 1 1 1 0 - 1 0 0 1 0 0 1 0 1 1 0 0 0 1 0 0 1 1 0 - 0 - 0 0 1 0 1 0 1 0 1 0 0 0 0 1 1 0 1 0 1 1 1 1 1 - 1 1 0 0 0 1 0 0 0 1 0 1 0 0 0 1 1 1 1 1 1 1 0 0 1 - 0 1 1 1 1 0 0 0 0 0 0 0 1 0 0 1 0 - 0 1 1 0 1 1 - 1 0 1 - 1 1 0
  66.5       NODE_4884_PO _7245       0 0 1 0 0 1 0 0 1 1 1 0 - 1 0 0 1 0 0 1 0 1 1 0 0 0 1 0 0 1 1 0 1 0 0 0 0 1 0 1 0 1 0 1 0 0 0 0 1 1 0 1 0 1 1 1 1 1 - 1 1 0 0 0 1 0 0 0 1 0 1 0 0 0 1 1 1 1 1 1 1 0 0 1 - 0 1 1 1 1 0 0 0 0 0 0 0 1 0 0 1 0 0 0 1 1 0 1 - - 1 0 1 - 1 1 1
  68.4       NODE_2261_PO _8128       0 0 1 0 0 1 0 0 1 1 1 0 - 1 0 0 1 0 0 - 0 1 1 0 0 0 1 0 0 1 1 0 - 0 - 0 0 1 0 1 0 1 0 1 0 0 0 0 1 1 0 1 0 1 1 1 1 1 - 1 1 0 0 0 1 0 0 0 1 0 1 0 0 0 1 1 0 1 1 1 1 0 0 1 0 0 1 1 1 1 0 0 0 0 0 0 0 1 0 0 0 0 - 0 1 1 0 1 1 - - 0 1 - 1 1 1
  71.2       NODE_1871_PO _16214      0 0 0 0 0 1 0 0 1 1 1 1 - 1 0 0 1 0 0 - 0 1 1 0 0 0 1 0 0 1 1 0 1 0 - 0 0 1 0 1 0 1 0 1 0 0 0 0 1 1 0 1 0 1 1 1 1 1 - 1 0 0 0 0 1 0 0 0 1 0 1 0 0 0 1 1 0 1 1 1 1 0 0 1 0 0 1 1 1 1 0 0 0 0 0 0 0 1 0 0 0 0 0 - 1 1 0 - 1 - 1 0 1 - 1 1 1
  73.1       NODE_906_PO _7917        0 - 0 0 0 1 0 0 1 1 1 1 0 1 0 0 1 0 0 - 0 1 1 0 0 0 1 0 0 1 1 0 - 0 - 0 0 1 0 1 0 1 0 1 - 0 0 0 1 1 1 1 0 1 1 1 1 1 - 1 0 0 0 0 1 0 0 0 1 0 1 0 0 0 1 1 0 1 1 1 1 0 0 0 - 0 1 1 - 1 0 0 0 0 0 0 0 1 0 0 0 0 - 0 1 1 0 1 1 - 1 0 1 - 1 1 1
  75.1       NODE_3099_PO _12387      0 0 0 0 1 1 0 0 1 1 1 1 - 1 0 0 - 0 0 1 0 1 1 0 0 0 1 0 0 0 1 0 - 0 - 0 0 - 0 1 0 1 0 1 0 0 0 0 1 1 1 1 0 1 1 1 1 - - 1 0 0 0 0 1 0 0 0 1 0 1 0 0 0 1 1 0 1 1 1 1 0 0 0 - 0 1 1 - 1 0 0 0 0 0 0 0 1 0 0 0 0 - 0 1 1 0 1 1 - 1 0 1 - 1 1 1
  83.2       NODE_2201_PO _20206      0 0 0 0 1 0 0 0 1 1 1 1 0 1 0 0 - 0 0 - 0 1 1 0 0 0 1 0 0 0 1 0 - 0 - 0 0 - 0 1 0 1 0 1 0 1 0 0 1 1 1 - 0 1 1 1 1 0 - 1 - 0 0 0 0 0 0 0 - 1 1 0 0 0 1 1 0 1 1 1 1 0 0 0 - 0 1 1 1 1 0 1 0 0 0 1 0 1 0 0 0 1 - - 1 1 0 1 1 - - 0 0 - 1 1 1
  87.2       NODE_455_PO _11324       0 0 0 0 1 0 0 0 1 1 1 1 0 1 0 0 1 0 0 1 0 1 1 1 0 0 1 0 0 0 1 0 - - 0 0 0 0 0 1 0 1 0 1 0 1 0 0 1 1 1 1 0 1 1 1 1 0 1 1 0 0 0 0 0 0 0 1 1 1 1 0 0 0 1 1 0 1 1 1 1 0 1 0 0 0 1 1 1 1 0 1 0 0 0 1 0 0 0 0 0 1 - 1 1 1 0 1 1 - 1 0 0 - 1 1 1
  88.1       NODE_455_PO _35301       0 0 0 0 1 0 0 0 1 1 1 1 - 1 0 0 1 0 0 - 0 1 1 1 0 0 1 0 0 0 1 0 - 0 - 0 0 0 0 1 0 1 0 1 0 1 0 0 1 1 1 1 0 1 1 1 1 0 - 1 0 0 0 0 0 0 0 1 1 1 1 0 0 0 1 1 0 1 1 1 1 0 1 0 0 0 1 1 1 1 0 1 0 0 0 1 0 0 0 0 0 1 - 1 1 1 0 - 0 - 1 0 0 - 1 1 1
  90.0       NODE_2761_PO _17831      0 0 0 0 1 0 0 0 1 1 1 1 0 1 0 0 - 0 0 - 1 1 1 1 1 0 1 0 0 0 1 0 - 0 - 0 0 0 0 1 0 1 0 1 - 1 0 0 1 1 1 1 0 1 1 1 1 0 - 1 0 0 0 0 0 0 0 1 1 1 1 0 0 0 1 1 0 1 1 1 1 0 1 0 0 0 1 1 1 1 0 1 0 0 0 1 0 0 0 0 0 1 - 1 1 1 0 1 0 - 1 0 0 - 1 1 1
  91.9       NODE_495_PO _34909       0 0 0 0 1 0 0 0 1 0 1 1 0 1 0 0 1 0 0 - 1 1 1 1 1 0 1 0 0 0 1 0 1 0 - 0 0 0 0 1 0 1 0 1 1 1 0 0 1 1 1 1 0 1 1 1 1 0 - - 0 0 0 0 0 0 0 1 1 1 1 0 0 0 1 1 0 1 1 1 1 0 1 0 - 0 1 0 1 1 0 1 0 0 0 1 0 0 0 0 0 1 - 1 1 1 0 1 0 - 1 0 0 - 1 1 1
  93.9       NODE_470_PO _26764       0 1 0 0 1 0 0 0 1 0 1 1 - 1 0 0 - 0 0 - 1 1 1 1 1 0 1 0 0 0 1 0 - 0 - 0 0 - 0 1 0 1 0 1 - 1 0 0 1 1 1 1 0 - 1 1 1 0 1 0 0 0 0 0 0 0 0 1 1 1 1 0 0 0 1 1 0 1 1 1 1 0 1 0 - 0 1 0 1 1 0 1 0 0 0 1 0 0 0 0 0 1 - 1 1 1 1 - 0 - 1 0 0 - 1 1 1
  96.7       NODE_97_PO _25774        0 1 0 0 1 0 0 0 1 0 1 1 0 1 0 0 - 0 0 - 1 1 1 1 1 0 1 0 1 0 1 0 - 0 - 0 0 1 0 0 0 1 1 1 1 1 0 0 1 1 1 1 0 1 1 1 1 0 1 0 0 0 0 0 0 0 0 1 1 1 1 0 0 0 1 1 0 1 1 1 1 0 1 0 - 0 1 0 1 1 0 1 0 0 0 1 0 0 0 0 0 1 - 1 1 1 1 1 0 - 1 0 0 - 1 1 1
  99.5       NODE_15_PO _70795        0 1 0 0 1 0 0 0 1 1 0 1 0 1 0 0 1 0 0 0 1 1 1 1 1 0 1 0 1 0 1 0 1 0 - 0 0 1 0 0 0 1 1 1 1 1 0 0 1 1 1 1 0 1 1 1 1 0 1 0 0 0 0 0 0 0 0 1 1 1 1 0 0 0 1 1 0 1 1 1 1 0 1 0 0 0 0 0 1 1 0 1 0 0 0 1 0 0 0 0 0 1 - 1 1 1 1 - 0 - 1 0 0 - 1 1 1
  100.5      NODE_15_PO _111105       0 1 0 0 1 0 0 0 1 1 0 1 - 1 0 0 - 0 0 1 1 1 1 1 1 0 1 0 1 0 1 0 - 0 0 0 0 1 0 0 0 1 1 1 1 1 0 0 1 1 1 1 0 1 1 1 1 - - 0 0 0 0 0 - 0 0 1 1 1 1 0 0 0 1 1 0 1 1 1 1 0 1 0 0 0 0 0 1 1 0 1 0 0 0 1 0 0 0 0 0 1 - 1 1 1 1 - 0 - 1 0 0 - 1 1 1
  102.4      NODE_46_PO _101331       0 1 0 0 1 0 0 0 1 1 0 1 0 1 0 0 - 0 0 - 1 1 1 1 1 0 1 0 1 0 1 0 - 0 - 0 0 1 0 0 0 1 1 1 1 1 0 0 1 1 1 1 0 1 1 1 1 0 - - 0 0 0 0 0 0 0 1 1 1 1 0 0 0 1 1 0 1 1 1 1 0 1 0 0 0 0 0 1 1 0 1 0 0 0 1 0 0 1 0 0 1 - 1 1 1 1 1 0 - 1 0 0 - 1 1 0
  104.3      NODE_5132_PO _1761       0 1 0 0 1 0 0 0 1 1 0 1 0 1 0 0 - 0 0 - 1 1 1 1 1 0 1 0 1 0 1 0 - 0 - 0 0 1 0 0 0 1 1 1 1 1 1 0 1 1 1 1 0 1 1 1 1 0 - - 0 0 0 0 0 0 0 - - 1 0 0 0 0 1 1 - 1 1 1 1 0 1 0 - 0 0 0 1 1 0 1 0 0 0 1 0 0 1 0 0 1 1 1 1 1 1 1 0 - 1 0 0 - 1 1 0
  105.3      NODE_1442_PO _28535      0 1 0 0 1 0 0 0 1 1 0 1 - 1 0 0 1 0 0 - 1 1 1 1 1 0 1 0 1 0 1 0 - 0 - 0 0 1 0 0 0 1 1 1 1 1 1 0 1 1 1 1 0 1 1 1 1 0 - 0 0 0 0 0 0 0 0 1 1 1 0 0 0 0 1 1 0 1 1 1 1 0 1 0 0 0 0 0 1 1 0 1 0 0 0 1 0 0 1 0 0 1 - 1 1 1 1 0 0 - 1 0 0 - 1 1 0
  106.2      NODE_76_PO _88521        0 1 0 0 1 0 0 0 1 1 0 1 0 1 0 0 1 0 0 - 1 1 1 1 1 0 1 0 1 0 1 0 - 0 - 0 0 1 0 0 0 1 1 1 1 1 1 0 1 1 1 1 0 1 1 1 1 0 - 0 0 0 0 0 0 0 0 1 1 1 0 0 0 0 1 1 0 1 1 1 1 0 0 0 - 0 0 0 1 1 0 1 0 0 0 1 0 0 1 0 0 1 1 1 1 1 1 0 0 - 1 0 0 - 1 1 0
  113.9      NODE_44_PO _94385        0 1 0 0 1 1 0 0 1 1 0 1 - 1 0 0 1 0 0 0 1 0 1 1 1 0 0 0 1 0 1 0 0 1 - 0 1 1 0 0 0 1 1 0 - 1 1 0 1 1 1 1 0 1 - 1 1 0 1 - 0 0 0 1 0 0 0 1 1 0 0 0 0 0 1 1 0 1 1 1 1 0 0 0 - 0 0 0 1 1 0 1 0 0 0 1 0 0 1 0 0 1 - 1 1 1 1 0 0 - 1 0 0 - 1 1 0
  118.6      NODE_3257_PO _156        0 1 0 0 1 1 0 0 0 1 0 1 0 1 0 0 1 1 0 - 1 0 1 1 1 0 0 0 1 0 1 0 - 1 - 0 1 1 0 0 0 1 1 0 1 1 1 0 1 1 1 1 0 1 1 1 1 0 - 0 0 0 0 1 0 0 0 1 1 0 0 0 0 0 1 1 0 1 1 1 1 0 0 0 - 0 0 0 1 1 0 1 0 0 0 1 0 0 1 0 1 1 - 0 1 1 1 0 0 - 1 0 0 - 1 0 0
  130.4      NODE_453_PO _40607       0 1 0 0 1 1 0 0 0 1 0 1 0 1 0 0 - 1 0 - 1 0 1 1 1 0 0 1 1 0 1 0 - 1 - 0 1 1 0 0 1 1 1 0 - 1 1 1 1 1 1 - 0 1 1 1 1 - - - 0 0 0 1 0 0 0 1 1 0 0 0 0 0 1 1 0 1 0 1 0 0 0 0 - 0 0 0 1 1 0 1 0 0 0 0 0 1 1 1 1 1 - 0 0 1 1 0 0 - 1 1 1 - 0 0 0
  131.3      NODE_2434_PO _12165      0 1 0 0 1 1 0 0 0 1 0 1 - 1 0 0 1 1 0 - 1 0 1 1 1 0 0 1 1 0 1 0 - 1 - 0 1 1 0 0 1 1 1 0 1 1 1 1 1 1 1 1 0 1 1 1 0 0 - 0 0 0 0 1 0 0 0 1 1 0 0 0 0 0 1 1 0 1 0 1 0 0 0 0 - 0 0 0 1 1 0 1 0 0 0 0 0 1 1 1 1 1 - 0 0 1 1 0 0 - 1 1 1 - 0 0 0
  133.2      NODE_3926_PO _2865       0 1 0 0 0 1 0 0 0 1 0 1 - 1 0 0 - 1 0 - 1 0 1 1 1 1 0 1 1 0 1 0 - 1 - 0 1 1 0 0 1 1 1 0 1 1 1 1 1 1 1 1 0 1 1 1 0 0 - 0 0 0 0 1 0 0 0 1 1 0 0 0 0 0 1 1 0 1 0 1 0 0 0 0 0 - 0 0 1 1 0 1 0 0 0 0 0 1 1 1 1 1 - 0 0 1 1 0 0 - 1 1 1 - 0 0 0
  138.4      NODE_3236_PO _10696      0 1 0 0 0 1 1 0 0 1 0 1 - 1 0 0 - 1 0 - 0 - 1 1 1 1 0 - 1 0 1 0 - 1 - 0 1 0 0 0 1 1 1 0 1 1 1 1 1 1 1 1 0 1 1 1 0 - - - 0 0 0 1 0 0 0 1 1 0 0 0 0 0 1 1 0 1 0 1 0 0 0 0 - 0 0 0 1 1 0 1 1 - 0 0 0 1 1 1 1 1 - 0 0 - 0 - 0 - - 1 - - 0 0 0
  140.5      NODE_5689_PO _5480       0 1 0 0 0 1 1 0 0 1 0 1 - 1 0 0 - 1 0 - 0 0 1 1 1 1 0 1 0 0 1 0 - 1 - 0 1 0 0 0 1 1 1 0 1 0 1 1 1 1 1 1 0 1 1 1 0 - - - 0 0 0 1 - 0 0 1 1 0 0 0 0 0 1 1 0 1 0 1 0 0 0 0 - - 0 0 1 1 0 1 1 0 0 0 0 1 1 1 1 1 - 0 0 1 0 - 0 - - 1 - - 0 0 0
  141.5      NODE_9596_PO _3753       0 - 0 0 0 1 1 0 0 1 0 1 - 1 0 0 - 1 0 - 0 0 1 1 1 1 0 1 0 0 1 0 - 1 - 0 1 0 0 0 1 1 1 0 1 1 1 - 1 1 1 1 0 1 1 1 0 - - 0 0 0 0 1 0 0 0 1 1 0 0 0 0 0 1 1 0 1 0 1 0 0 0 0 - 0 0 0 1 1 0 1 1 0 0 0 0 1 1 1 - 1 - 0 0 1 0 0 0 - - 1 1 - 0 0 0
  153.6      NODE_5402_PO _9137       0 0 0 0 0 0 1 0 0 0 0 1 0 1 0 1 - 1 0 - 0 0 1 1 1 1 0 1 0 0 1 - - 1 - 0 1 0 0 0 1 1 1 1 0 0 1 1 1 1 1 0 0 1 1 1 0 1 - 0 0 0 0 1 0 0 0 0 1 0 1 1 0 1 1 1 0 1 0 1 0 0 1 0 - 0 0 0 1 1 0 1 1 0 0 0 0 1 1 1 0 1 - 0 0 1 0 0 0 - 1 1 1 - 0 0 0
  155.5      NODE_31994_PO _362       0 0 0 0 0 0 1 0 0 0 0 1 - 1 0 1 1 1 0 0 0 0 1 1 1 1 0 1 0 0 1 0 - 1 - 0 1 0 0 0 1 1 1 1 0 0 1 1 1 1 0 0 0 1 1 1 0 - - 0 0 0 0 1 0 0 0 0 1 0 1 1 0 1 1 1 0 1 0 1 1 0 1 0 - 0 0 0 1 1 0 1 1 0 0 0 0 1 1 1 0 1 - 0 0 1 0 0 0 - - 1 1 - 0 0 0
  160.3      NODE_535_PO _33056       1 0 0 0 0 0 1 0 0 0 0 1 0 1 0 1 1 1 0 0 0 0 1 1 1 1 0 1 0 0 1 0 - 1 - 0 1 0 0 0 1 1 1 1 0 0 1 1 1 1 0 0 0 - 0 1 0 1 - 0 0 0 0 1 0 0 0 0 1 0 1 1 0 1 0 1 0 1 0 0 1 0 1 0 0 0 0 0 1 1 0 1 1 0 0 0 0 1 1 1 0 1 - 0 0 1 0 - 1 - 1 1 1 - 0 0 0
  165.0      NODE_5809_PO _3440       1 0 0 0 0 0 1 0 0 0 0 1 - 1 0 1 - 1 0 - 0 0 1 1 1 1 0 1 0 0 1 0 - 1 - 0 1 0 0 0 1 1 1 1 0 0 1 1 1 1 0 1 0 1 0 1 0 1 - 0 0 0 0 1 0 1 0 0 1 0 1 1 0 1 0 1 0 1 0 0 1 0 1 0 0 1 0 1 1 0 0 1 1 0 0 0 0 1 1 1 0 1 - 0 0 1 0 - 1 - 1 1 1 - 0 0 0
  179.9      NODE_2041_PO _5895       1 0 0 0 0 0 1 0 0 0 0 1 0 1 0 1 - 1 0 0 1 0 1 1 1 1 0 1 0 1 0 0 0 1 - 1 0 0 0 1 1 1 0 1 - 0 1 1 1 1 1 1 0 1 0 1 0 1 - 1 0 0 0 1 0 1 0 - 1 0 1 1 0 1 0 1 0 0 0 0 1 0 1 1 - 1 0 1 1 0 0 0 1 1 0 1 0 0 1 1 0 1 0 0 0 1 0 - 1 - 1 1 1 - 0 0 0
  187.9      NODE_2219_PO _10825      1 0 0 0 0 0 1 0 0 0 0 1 - 1 0 1 - 1 0 - 1 0 1 1 1 1 0 0 0 1 0 - - 1 - 1 0 0 0 1 1 1 0 1 0 1 1 1 0 1 1 1 0 1 1 1 0 - - - 0 0 0 1 0 1 1 1 1 0 1 1 0 1 0 1 0 0 0 0 1 0 1 1 - 1 0 1 1 0 0 0 1 1 0 1 0 0 1 1 1 1 - 1 0 1 0 1 1 - 1 0 1 - 0 0 0
  194.1      NODE_7329_PO _3770       1 0 0 0 0 0 1 0 0 0 0 1 - 1 0 1 - 1 1 - 1 0 1 0 0 1 0 0 0 1 0 - - 1 - 1 0 0 0 1 1 1 0 - 0 1 1 1 0 1 1 1 0 - - 1 0 - - - - 0 0 1 - 1 1 1 - 0 1 1 0 1 0 1 0 0 0 1 1 0 1 1 - 1 1 1 1 0 0 0 1 1 - 1 0 0 0 1 1 1 - 1 0 1 0 - 1 - 1 0 1 - 0 0 0
  197.3      NODE_12427_PO _1793      1 0 0 0 0 0 1 0 1 0 0 1 0 1 0 1 1 1 1 - 1 0 1 0 0 1 0 0 0 1 0 0 - 1 - 1 0 0 0 1 1 1 0 1 0 1 1 1 0 1 1 1 0 1 1 1 0 1 - 1 0 0 0 1 0 1 1 1 1 0 1 1 0 1 0 1 0 0 0 0 1 0 1 1 0 1 1 1 1 0 0 0 1 1 0 1 0 0 0 1 1 0 - 1 0 1 0 1 1 - 1 0 1 - 0 0 0
  198.3      NODE_5567_PO _9554       1 0 0 0 0 0 1 0 1 0 0 1 1 1 0 1 - 1 1 - 1 0 1 0 0 1 0 0 0 1 0 - - 1 - 1 0 - 0 1 1 1 0 1 0 1 1 1 0 1 1 1 0 1 1 1 - - - 1 0 0 0 1 0 1 1 1 - 0 1 1 0 1 0 1 0 0 0 0 1 0 1 1 0 1 1 1 1 0 0 0 1 1 0 1 0 0 0 1 - 0 - 1 0 1 0 - 1 - - 0 1 - 0 0 0
