  0.0        NODE_1977_PO _7985       1 - 1 0 0 0 0 0 1 0 0 1 1 0 0 0 - 1 0 - 0 - 0 1 0 1 0 0 0 0 1 0 - 1 - 0 0 1 1 0 1 0 1 1 - 1 1 1 1 1 0 0 1 1 - 1 0 - - 0 - 0 1 0 0 0 0 0 0 0 0 1 1 0 0 0 0 1 1 1 0 0 1 0 0 1 0 0 0 0 1 0 1 0 1 1 0 0 1 1 0 1 - 0 0 0 1 1 0 - - 1 1 - 0 0 1
  1.1        NODE_1393_PO _10985      1 0 1 0 0 0 0 0 1 0 0 1 - 0 0 0 - 1 0 - 0 0 0 1 0 1 0 0 0 0 1 0 - - - 0 0 1 1 0 1 0 1 1 - 1 1 1 1 1 0 0 1 1 0 1 0 0 - - 0 0 1 0 0 0 0 0 - 0 0 1 1 0 0 0 0 1 1 1 0 0 1 0 - 1 0 0 0 0 1 0 1 0 1 1 1 0 1 1 - 1 - 0 0 - 1 1 0 - - 1 1 - 0 0 1
  7.2        NODE_111_PO _77783       1 0 1 0 0 0 0 0 1 0 0 1 0 0 0 0 1 1 0 - 0 0 0 1 0 1 0 0 0 1 1 0 - 1 - 0 0 0 1 0 1 0 1 0 0 1 1 - 1 0 0 0 1 - 0 1 0 0 - 0 0 0 0 0 0 0 0 0 0 0 0 1 1 0 0 0 0 1 1 1 0 0 1 0 - 1 0 0 0 0 1 0 1 0 1 1 1 0 1 1 0 1 - 0 1 0 1 1 0 - - 1 1 - 0 0 1
  12.0       NODE_2526_PO _22186      1 0 1 1 0 0 0 0 1 0 0 1 0 0 0 0 - 1 0 - 0 0 0 1 0 1 0 0 0 1 1 0 - 1 - 0 0 0 0 0 1 0 1 0 0 1 1 0 1 0 0 0 1 1 0 1 0 0 1 0 0 0 0 0 0 0 0 0 0 0 0 1 1 0 0 0 0 1 1 1 0 0 1 0 0 1 0 0 0 0 1 0 1 0 1 1 1 0 1 0 0 1 - 0 1 1 1 0 0 - 1 1 1 - 0 0 1
  17.5       NODE_9716_PO _339        1 0 1 1 0 0 0 0 1 0 0 1 0 0 0 0 1 1 0 - 0 0 0 1 0 1 0 0 0 1 1 1 - 1 - 0 0 0 0 0 1 0 0 0 0 1 1 0 1 0 0 0 1 1 0 1 0 0 - 0 0 0 0 0 0 0 1 0 0 1 1 1 1 0 0 0 0 1 1 1 0 0 1 0 - 1 0 0 1 0 1 0 1 0 1 1 1 0 1 0 0 1 - 0 1 1 1 0 0 - 1 1 1 - 0 0 1
  19.5       NODE_3381_PO _2073       1 0 1 1 0 0 0 0 1 0 0 1 - 0 0 0 - 1 0 - 0 0 0 1 0 1 0 0 0 1 1 - - 1 - 0 0 - 0 0 1 0 0 0 - 1 1 0 1 0 0 0 1 1 0 1 0 0 - - 0 0 0 0 0 0 1 0 - 1 1 1 1 0 0 0 0 1 0 1 0 0 1 0 - 1 0 0 1 0 1 0 1 0 1 1 1 0 1 0 0 0 - 0 1 1 1 0 0 - - 1 1 - 0 0 1
  25.7       NODE_105_PO _45451       1 0 1 1 0 0 0 0 1 0 0 1 - 0 0 0 - 1 0 - 0 0 0 0 1 1 0 0 0 1 1 - - 1 - 0 0 - 0 0 0 0 0 0 0 1 1 0 1 0 0 0 1 1 0 1 0 - - - 0 0 0 0 0 0 1 0 - 1 1 1 1 0 0 0 0 1 0 1 1 0 1 0 - 1 0 0 1 0 1 1 1 0 1 1 1 1 1 0 - 0 1 0 1 1 1 - - - 1 1 1 - 0 0 1
  26.8       NODE_105_PO _47918       1 0 1 1 0 0 0 0 1 0 0 1 - 0 0 0 1 1 0 - 0 0 0 0 1 1 0 0 0 1 1 1 - 1 - 0 0 0 0 0 0 0 0 0 0 1 1 - 1 0 0 - 1 1 0 1 0 0 - - 0 0 0 0 0 0 1 0 0 1 1 1 1 0 0 0 0 1 0 1 1 0 1 0 - 1 0 0 1 1 1 1 1 0 1 1 1 1 1 0 0 0 1 0 1 1 1 0 0 - 1 1 1 - 0 0 1
  29.8       NODE_4281_PO _10012      1 0 1 1 0 0 0 0 1 0 0 1 - 0 0 0 - 1 0 - 0 0 0 0 1 1 0 0 0 1 1 1 - 1 - 0 0 0 0 0 0 0 0 0 0 1 1 0 1 0 0 0 1 - 0 1 0 0 1 - 0 1 0 0 0 0 1 0 0 1 1 1 1 0 0 0 0 1 0 1 1 1 1 0 - 1 0 1 1 1 1 1 1 0 1 1 1 1 1 0 0 0 - 0 1 1 1 - 0 - - 1 - - 0 0 1
  30.7       NODE_386_PO _31080       1 0 1 1 0 0 0 0 1 0 0 1 0 0 0 0 - 1 0 - 0 0 0 0 1 1 0 0 0 1 1 1 - 1 - 0 0 0 0 0 0 0 0 0 0 1 1 0 1 0 0 0 1 1 0 1 0 0 - 0 0 1 0 0 0 0 1 0 0 1 1 1 1 0 0 0 0 1 0 1 1 1 1 0 0 1 1 1 1 1 1 1 1 0 1 1 1 1 1 0 0 0 1 0 1 1 1 - 0 - 1 1 1 - 0 0 1
  31.7       NODE_498_PO _4655        1 1 1 1 0 0 0 0 1 0 0 1 0 0 0 0 1 1 0 - 0 0 0 0 1 1 0 0 0 1 1 1 0 1 - 0 0 0 0 0 0 0 0 0 0 1 1 0 1 0 0 0 1 1 0 1 0 - - - 0 1 0 0 0 0 1 0 0 1 1 1 1 0 0 0 0 1 0 1 1 1 1 0 0 1 1 1 1 1 1 1 1 0 1 1 1 1 1 0 0 0 1 0 1 1 1 - 0 - 1 1 1 - 0 0 1
  34.6       NODE_113_PO _60358       1 - 1 1 0 0 0 0 1 0 0 1 - 1 0 0 - 1 0 - 0 0 0 0 1 1 0 0 0 1 1 1 - - - 0 0 0 0 0 0 0 0 0 0 1 1 0 0 0 0 - 0 1 - 1 0 0 - 0 0 1 0 0 0 0 1 0 0 1 1 1 1 0 0 0 0 1 0 1 1 1 1 0 0 1 1 1 1 1 1 1 1 0 1 1 1 1 1 0 0 0 - 0 1 1 1 0 0 - 1 1 1 - 0 0 1
  38.8       NODE_441_PO _38962       1 1 1 1 0 0 0 0 1 1 0 1 - 1 0 0 1 1 0 - 0 0 0 0 1 0 0 0 0 1 1 1 - 1 - 0 - 0 0 0 0 0 0 0 0 1 0 0 0 0 0 0 0 1 - 1 0 - - - 0 1 0 0 0 0 1 0 0 1 1 - 1 0 0 0 0 1 0 1 1 1 1 0 - 1 1 1 1 1 1 1 1 0 1 1 1 1 0 0 0 0 - 0 1 1 1 - 0 - - 1 1 - 0 0 1
  42.7       NODE_613_PO _24051       1 1 1 0 0 0 0 0 1 1 0 1 0 1 0 0 1 1 0 0 0 0 0 0 1 0 0 0 0 1 1 1 0 1 - 0 0 0 0 0 0 0 0 0 1 1 0 0 0 0 0 0 0 1 0 1 0 1 1 - 0 1 0 0 0 0 1 0 0 1 1 1 1 0 0 0 0 1 0 1 1 1 1 1 0 1 1 1 1 1 1 1 1 0 1 1 0 1 0 0 0 0 1 0 1 1 1 0 0 - 1 1 1 - 0 0 1
  47.4       NODE_1016_PO _23841      1 1 1 0 0 1 0 0 1 1 0 0 0 1 0 0 - 1 0 - 0 0 0 0 1 0 0 0 0 1 1 1 - 1 - 0 0 0 0 0 0 0 0 0 1 1 0 0 0 0 0 0 0 1 0 1 0 1 - - 0 1 0 0 0 0 1 0 0 1 1 1 1 0 0 0 0 1 0 1 1 1 1 1 0 1 1 1 1 1 0 1 1 0 1 0 0 1 0 0 0 0 - 0 1 1 1 0 0 - 1 0 1 - 0 0 1
  49.2       NODE_1294_PO _34578      1 1 1 0 0 1 0 0 0 1 0 0 0 1 0 0 - 1 0 - 0 0 0 0 1 0 0 0 0 1 1 1 - 1 - 0 0 0 0 0 0 0 0 0 1 1 0 0 0 0 0 0 0 1 0 1 0 1 - 1 0 1 0 0 0 0 1 0 0 1 1 0 1 0 0 0 0 1 0 1 1 1 1 1 0 1 1 1 1 1 0 1 1 0 1 0 0 1 0 0 0 0 - 0 1 1 1 0 0 - 1 0 1 - 0 0 1
  52.2       NODE_1819_PO _7955       1 1 1 0 0 1 0 0 0 1 0 0 - 1 0 0 - 1 0 - 0 0 0 0 1 0 0 - 0 1 1 1 - 1 - 0 0 - 0 0 0 1 0 0 1 1 0 0 0 1 0 0 0 1 - 1 0 1 - - - 1 0 0 0 0 1 0 - 1 1 0 1 0 0 0 0 1 0 1 1 1 1 1 - 1 0 1 1 1 0 1 1 0 1 0 0 1 0 0 0 0 - 0 1 1 1 - 0 - 1 0 1 - 0 0 1
  54.3       NODE_6945_PO _2606       1 1 0 0 0 1 0 0 0 1 0 0 - 1 0 0 - 1 0 - 0 0 0 0 1 0 0 0 0 1 1 1 - 1 - 0 0 0 0 0 0 1 0 0 1 1 0 0 0 1 0 0 0 1 0 1 0 - - - 0 1 0 0 0 0 1 0 1 1 1 0 1 0 0 0 0 1 0 1 1 1 1 1 - 1 0 1 1 1 0 1 1 0 1 0 0 1 0 0 0 0 - 0 1 - 1 0 0 - 1 0 0 - 0 0 1
  61.7       NODE_2448_PO _6744       1 1 0 0 0 1 0 0 0 1 0 0 1 1 0 0 - 1 0 - 0 0 0 0 1 0 0 0 0 1 1 - - 1 - 0 0 0 0 0 1 1 0 0 1 1 0 - 0 0 1 1 0 - - 1 0 - - - 0 0 0 0 0 0 1 0 - 1 1 0 1 0 - 0 - 1 0 1 1 - 1 1 0 1 0 1 1 0 0 1 1 0 1 0 0 1 0 0 0 0 - 0 1 1 0 - 0 - 1 0 0 - 0 0 1
  63.8       NODE_107_PO _42139       1 1 0 0 0 1 0 0 0 1 0 0 1 1 0 0 0 1 0 - 0 0 1 0 1 0 0 0 0 1 1 1 - 1 - 0 0 0 0 0 1 1 0 0 1 1 0 0 0 0 1 1 0 1 0 1 0 1 - 1 0 0 0 0 0 0 1 0 1 1 1 0 1 0 0 0 0 1 0 1 1 1 1 1 - 0 0 1 1 0 0 1 1 0 1 0 0 1 0 0 0 0 - 0 1 1 0 0 0 - 1 0 0 - 0 0 1
  65.6       NODE_5523_PO _8020       1 1 0 0 0 1 0 0 0 1 0 0 - 1 0 0 0 1 0 - 0 0 1 1 1 0 0 0 0 1 1 1 - 1 - 0 0 0 0 0 1 1 0 0 1 1 0 0 0 0 1 1 0 1 0 1 0 1 1 1 0 0 0 0 0 1 1 0 1 1 1 0 1 0 0 0 0 1 0 1 1 1 1 1 0 0 0 1 1 0 0 1 1 0 1 0 0 1 0 0 0 0 - 0 1 1 0 0 0 - 1 0 0 - 0 0 1
  66.6       NODE_1945_PO _18958      1 1 0 0 0 1 0 0 0 1 0 0 - 1 0 0 - 1 0 - 0 0 1 1 1 0 0 0 0 1 1 1 - 1 - 0 0 0 0 0 1 1 0 0 1 1 0 0 0 0 1 1 0 1 0 1 0 - - 1 0 0 0 0 0 1 1 0 - 1 1 0 1 0 0 0 0 1 0 1 1 1 1 1 - 0 0 1 0 0 0 1 1 0 1 0 0 1 0 0 0 0 1 0 1 1 0 0 0 - 1 0 0 - 0 0 1
  67.6       NODE_1945_PO _12479      1 1 0 0 0 1 0 0 0 1 0 0 - 1 0 0 - 1 0 0 0 0 1 1 0 0 0 0 0 1 1 1 - 1 - 0 0 0 0 0 1 1 0 0 - 1 0 0 0 0 1 - 0 - - 1 0 - - - 0 0 0 0 0 1 1 0 - 1 1 0 1 0 0 0 0 1 0 1 1 1 1 1 - 0 0 1 0 0 0 1 1 0 1 0 0 1 0 0 0 0 - - 1 1 0 0 0 - 1 0 0 - 0 0 1
  68.6       NODE_1225_PO _13288      1 1 0 0 0 1 0 0 0 1 0 0 1 1 0 0 - 1 0 0 0 0 1 1 0 0 0 0 0 1 1 1 0 1 - 0 0 0 0 0 1 1 0 0 1 1 0 0 0 0 1 1 0 1 1 1 0 1 - 1 0 0 0 0 0 1 1 0 1 1 1 0 1 0 0 0 0 1 0 1 1 1 1 1 0 0 0 1 0 0 0 1 1 0 1 0 0 1 0 0 0 0 - 0 0 1 0 0 0 - 1 0 0 - 0 0 1
  75.1       NODE_304_PO _15945       1 1 0 1 0 1 0 0 0 1 0 0 1 1 0 0 0 1 0 - 0 1 1 1 0 0 0 0 0 1 1 1 0 1 1 1 0 1 0 0 1 1 0 0 1 1 0 0 0 0 1 1 0 1 1 1 0 1 - - 0 0 0 0 0 1 1 0 1 1 1 0 1 0 0 1 0 1 1 1 1 1 1 1 - 0 0 1 0 0 0 1 1 0 1 0 0 1 0 0 0 0 1 0 0 1 0 0 0 - 1 0 0 - 0 0 0
  76.0       NODE_304_PO _50141       1 1 0 1 0 1 0 0 0 1 0 0 - 1 0 0 0 1 0 - 0 1 1 1 0 0 0 - 0 1 1 1 - 1 - 1 0 1 0 0 1 1 0 0 - 1 0 0 0 0 1 1 0 1 1 1 0 1 - 1 0 0 0 0 1 1 1 0 1 1 1 0 1 0 0 1 0 1 1 1 1 1 1 1 - 0 0 1 0 0 0 1 1 0 1 0 0 1 0 - - 0 1 0 0 1 0 0 0 - - 0 0 - 0 0 0
  78.0       NODE_1667_PO _17063      1 1 0 1 0 1 0 0 0 1 0 0 1 1 0 0 - 1 0 - 0 1 1 1 0 0 0 0 0 1 1 1 - 1 1 1 0 1 0 0 1 1 0 0 1 1 0 0 0 0 1 1 0 1 1 1 0 - - 1 0 0 0 0 1 1 1 0 1 1 0 0 1 0 0 1 0 1 1 1 1 1 1 1 - 0 0 1 0 0 0 1 1 0 1 0 0 1 0 0 1 0 - 0 0 1 0 - 1 - 0 0 0 - 0 0 0
  80.0       NODE_334_PO _38653       1 1 0 1 0 1 0 0 0 1 0 0 1 1 0 0 0 1 0 - 0 1 1 1 0 1 0 0 0 1 1 1 - 1 - 1 0 1 0 0 1 1 0 0 1 1 0 0 0 0 1 - 0 1 1 1 0 1 - 1 0 0 0 1 1 1 1 0 1 1 0 0 1 0 0 1 0 1 1 1 1 1 1 1 - 0 0 1 0 0 0 1 1 0 1 0 0 1 0 0 1 0 - 0 0 1 0 0 1 - 0 0 0 - 0 0 0
  82.8       NODE_253_PO _49122       1 1 0 1 0 1 0 1 0 1 0 0 1 1 0 0 0 1 0 0 0 1 1 1 0 1 0 0 0 1 1 - - 1 - 1 0 1 0 0 1 1 0 0 1 1 0 0 0 0 1 1 0 1 1 0 0 1 - 1 0 0 0 1 1 1 1 0 - 1 0 0 1 1 0 1 0 1 1 1 1 1 1 1 - 0 0 1 0 0 0 1 1 0 1 0 0 1 0 0 1 0 - 0 0 1 0 0 1 - 0 0 0 - 0 0 0
  84.6       NODE_2578_PO _17936      1 1 0 1 0 1 0 1 0 1 0 0 1 1 0 0 0 1 0 0 0 1 1 1 0 1 0 0 0 1 1 1 0 1 - 1 0 1 0 0 1 1 0 0 1 1 0 0 0 0 1 1 0 1 1 0 0 1 - 1 0 0 0 1 1 1 1 0 1 1 0 0 1 1 0 1 0 1 1 1 1 1 0 1 0 0 0 1 0 0 0 1 1 0 1 0 0 1 0 0 1 0 - 0 0 1 0 0 1 - 0 1 0 - 0 0 0
  89.3       NODE_4243_PO _2157       1 1 0 1 0 1 0 1 0 1 0 0 1 1 0 0 - 1 0 - 0 1 1 1 0 1 0 0 0 1 1 1 - 1 - 1 0 1 0 0 1 1 0 1 1 1 0 0 0 0 1 1 0 1 1 0 0 1 - - 0 0 0 1 1 1 1 0 1 1 0 0 1 1 1 1 0 0 1 1 1 1 0 1 1 0 0 0 0 0 0 1 1 0 1 0 0 1 0 0 1 0 1 0 0 1 0 0 1 - 0 1 0 - 0 0 0
  90.2       NODE_1594_PO _2470       1 1 0 1 0 1 0 1 0 1 0 0 1 1 0 0 0 1 0 0 0 - 1 1 0 1 0 0 0 1 1 0 1 1 1 1 0 1 0 0 1 1 0 1 1 1 0 0 0 0 1 1 0 1 1 0 0 1 1 1 0 0 0 1 1 1 1 0 1 1 0 0 1 1 1 1 0 0 1 1 1 1 0 1 1 0 0 0 0 0 0 1 1 0 1 0 0 1 0 0 1 0 - 0 0 1 0 0 1 - 0 1 0 - 0 0 0
  95.7       NODE_1391_PO _20518      1 1 0 1 0 1 0 1 0 1 0 0 1 1 1 0 0 1 0 - 0 1 1 1 0 1 0 0 0 0 1 0 1 1 - 1 0 1 0 0 1 1 0 1 1 1 0 0 0 0 1 1 0 1 1 0 1 1 - 1 0 0 0 1 1 1 1 0 1 1 0 0 1 1 1 1 0 0 1 1 0 1 0 1 0 0 0 0 0 0 0 1 1 0 1 0 0 1 0 1 1 0 1 0 0 1 0 - 1 - 0 1 0 - 0 0 0
  96.7       NODE_6393_PO _7285       1 1 0 1 0 1 0 1 0 1 0 0 - 1 1 0 - 1 0 - 0 1 1 1 0 1 0 1 0 0 1 0 - - - 1 0 - 0 0 1 1 0 1 1 1 0 0 0 0 1 1 0 1 - 0 1 - - - - 0 0 1 1 1 1 0 - 1 0 0 1 1 1 1 0 0 1 1 0 1 0 1 - 0 0 0 0 0 0 1 1 0 1 0 0 1 0 1 1 0 - 0 0 1 0 - 1 - 0 1 0 - 0 0 0
  102.8      NODE_4640_PO _12402      0 1 0 1 0 1 0 1 0 1 0 0 1 1 1 0 - 1 0 - 0 1 1 0 0 0 0 1 0 0 1 0 - 0 - 1 0 0 0 1 1 1 0 1 1 1 0 0 0 0 1 1 0 1 1 0 1 1 - 1 0 0 0 1 1 1 1 0 1 0 0 0 1 1 1 1 0 0 1 1 0 1 0 0 1 0 0 0 0 0 0 1 1 0 1 0 0 1 0 1 1 0 - 0 0 1 0 0 1 - 0 1 0 - 0 0 0
  109.6      NODE_413_PO _2553        0 - 0 1 0 1 0 1 0 1 0 0 - 1 1 0 - 1 0 - 0 1 1 0 0 0 0 1 0 0 1 0 - 0 - 1 0 0 1 1 1 0 0 1 - 1 0 0 1 0 1 1 0 1 1 0 1 1 - 1 0 0 0 1 1 1 1 0 0 0 0 0 0 1 1 1 0 0 1 0 0 1 0 0 1 0 0 0 0 0 0 1 1 0 - 0 0 1 0 1 - 0 - 0 0 1 0 0 1 - 0 1 0 - 0 0 1
  114.8      NODE_3965_PO _13710      0 1 0 1 0 1 0 1 0 1 0 0 1 1 1 0 - 1 0 - 0 0 1 0 0 0 1 1 0 0 0 0 - 0 - 1 0 0 1 1 1 0 0 1 - 1 0 0 1 0 1 1 0 - - 0 - 1 - - 0 0 0 1 1 1 1 - - 0 0 0 0 1 1 1 0 0 1 0 0 1 0 0 - 0 0 0 0 0 0 1 1 1 - 0 0 1 0 1 0 0 - 0 1 1 0 - 1 - 0 1 0 - 0 0 1
  119.0      NODE_3322_PO _7768       0 - 0 1 1 1 0 1 0 1 0 0 - 1 1 0 1 1 0 - 0 0 1 0 0 0 1 1 0 0 0 0 - 0 - 1 1 0 1 1 1 0 0 1 1 1 0 0 1 0 1 - 0 1 1 1 1 1 - 1 0 0 0 1 1 1 1 0 0 0 0 0 0 1 1 1 0 0 1 0 0 1 0 0 - 0 0 0 0 0 0 1 1 1 0 0 0 1 1 1 0 0 - 0 1 1 0 0 1 - 0 1 0 - 0 0 1
  121.9      NODE_6836_PO _3444       0 1 1 1 1 1 0 1 0 1 0 0 0 1 1 0 1 1 0 1 0 0 1 0 0 0 1 1 0 0 0 0 - 0 - 1 1 0 1 1 1 0 0 1 1 1 0 0 1 0 1 1 0 1 1 1 1 - - 1 0 0 0 1 1 1 1 0 - 0 0 0 0 1 1 1 0 0 1 0 1 1 0 0 - 0 0 0 0 0 0 1 1 1 0 0 1 1 1 1 0 0 - 0 1 1 0 0 1 - 0 1 0 - 0 0 1
  122.8      NODE_10745_PO _1554      0 1 1 1 1 1 0 1 0 1 0 0 - 1 1 0 - 1 0 - 0 0 1 0 0 0 1 1 0 0 0 0 - 0 - 1 1 - 1 1 1 0 0 1 1 1 0 0 1 0 1 1 0 1 1 1 1 1 - - 0 0 0 1 1 1 1 0 0 0 0 0 0 1 1 1 0 0 1 0 1 1 0 0 1 0 0 0 0 0 1 1 1 1 0 0 1 1 1 1 0 0 - 0 1 1 0 0 1 - 0 1 0 - 0 0 1
  124.8      NODE_8843_PO _3296       0 1 1 1 1 1 0 1 0 1 0 0 - 1 1 0 - 1 0 - 0 0 1 0 0 0 1 - 0 0 0 0 - 0 - 1 1 - 1 1 1 0 0 1 1 1 0 0 1 0 0 1 0 1 1 1 1 - - - 0 0 0 0 1 1 1 0 - 0 0 0 0 1 1 1 0 0 1 0 1 1 0 0 - 0 0 0 0 0 1 1 1 1 0 0 1 1 1 1 - 0 - 0 1 1 0 0 1 - 0 1 0 - 0 0 1
  125.9      NODE_4899_PO _9369       0 1 1 1 1 1 0 1 0 1 0 0 - 1 1 0 - 0 0 - 0 0 1 0 0 0 1 - 0 0 0 0 - - - 1 1 0 1 1 1 0 0 1 - 1 0 - 1 0 0 1 0 - 1 1 1 - 1 - - 0 0 0 1 1 1 0 0 0 0 - 0 1 1 1 0 0 1 0 1 1 0 0 - 0 0 0 0 0 1 1 1 1 0 0 1 1 1 1 - 0 - 0 1 - 0 - 1 - - 1 0 - 0 0 1
  136.8      NODE_5939_PO _4844       0 1 1 1 1 0 0 1 0 1 0 0 - 0 1 0 - 0 0 - 1 0 1 0 0 0 1 1 0 0 0 0 - 0 - 1 1 0 1 1 1 0 0 1 1 1 0 0 1 0 0 1 0 0 1 1 0 - - - 1 0 0 0 1 1 1 0 - 0 1 0 0 1 1 1 0 1 1 0 1 1 0 0 - 0 0 0 0 1 1 1 1 1 0 1 1 1 1 0 0 0 0 0 1 1 0 0 1 - 0 1 0 - 1 0 1
  140.7      NODE_2490_PO _21270      0 1 1 1 1 0 0 1 0 1 0 0 - 0 1 1 - 0 0 - 1 0 1 0 0 0 1 1 0 0 0 0 - 0 - 1 1 0 1 1 1 0 1 0 1 1 0 0 1 0 0 - 0 0 1 1 0 - - - 1 0 0 0 1 1 1 0 - 0 1 0 0 1 1 1 0 1 1 0 1 1 0 0 1 0 0 0 0 1 1 1 1 1 0 1 1 1 1 0 0 0 - 0 1 1 1 0 1 - 0 1 0 - 1 0 1
  144.7      NODE_6132_PO _9373       0 1 1 1 1 0 0 1 0 1 0 0 - 0 1 1 1 0 0 - 1 0 1 0 0 0 1 1 0 0 0 0 1 0 - 1 1 0 1 1 0 0 1 0 1 1 0 0 1 0 0 0 0 0 1 1 0 1 1 1 1 0 0 0 0 1 1 0 0 0 1 0 0 1 1 1 0 1 1 0 1 1 0 0 - 0 0 0 0 1 1 1 0 1 0 1 1 1 1 0 - 0 - 0 1 1 1 - 0 - - 1 0 - 1 0 1
