  0.0        NODE_2437_PO _21849      0 1 1 0 0 1 1 1 0 1 0 1 - 0 0 0 0 0 0 0 0 1 0 0 0 0 1 1 1 1 0 0 1 1 - 0 1 1 0 1 0 0 0 0 0 0 1 1 1 1 0 0 1 1 1 1 1 0 - 1 0 0 0 1 1 0 1 0 1 1 1 1 1 1 0 1 1 0 1 1 1 1 1 0 - 1 1 1 1 0 0 1 0 0 1 1 0 1 0 0 1 0 - 1 1 1 0 1 0 - 0 1 1 - 1 0 0
  1.9        NODE_8668_PO _841        0 1 1 0 0 1 1 1 1 1 0 1 1 0 0 0 0 0 0 - 0 1 0 0 0 0 1 1 1 1 0 0 - 1 - 0 1 1 0 1 0 0 0 0 0 0 1 1 1 1 1 0 1 1 1 1 1 0 - - 0 0 0 1 1 0 1 0 1 1 1 1 1 1 0 1 1 0 1 1 1 1 1 0 1 1 1 1 1 0 0 1 0 0 1 1 0 1 0 0 1 0 - 1 1 1 0 1 0 - 0 1 1 - 1 0 0
  2.8        NODE_47_PO _109015       0 1 1 0 0 1 1 1 1 1 0 1 1 0 0 0 - 0 0 - 0 1 0 0 0 0 1 1 1 0 0 0 - 1 - 0 1 1 0 1 0 0 0 0 - 0 1 1 1 1 1 0 1 1 - 1 1 - - - 0 0 0 1 1 0 1 0 1 1 1 1 1 1 0 1 1 0 1 1 1 1 1 0 - 1 1 1 - 0 0 1 0 0 1 1 0 1 0 0 - 0 - 1 1 1 0 1 0 - 0 1 1 - 1 0 0
  6.8        NODE_2901_PO _11025      0 1 1 0 0 1 1 1 1 1 0 1 1 0 0 0 0 0 0 0 0 1 0 0 0 0 1 1 0 0 0 0 - - - 0 1 1 0 1 0 0 0 0 - 0 1 1 1 1 1 0 1 1 1 1 0 0 - - 0 0 0 1 1 0 1 0 1 1 1 1 1 1 0 1 0 0 1 1 1 1 1 0 1 1 1 1 1 0 0 1 1 0 1 1 0 1 0 0 1 0 - 1 1 1 0 - 0 - 0 1 1 - 1 0 0
  12.7       NODE_3371_PO _13461      0 1 1 0 0 1 1 1 1 1 0 1 1 0 0 0 - 0 0 - 0 1 0 0 0 0 1 1 0 0 0 0 - 0 - 0 1 1 0 1 1 0 0 0 0 0 1 1 1 1 1 0 1 1 1 1 0 - - 0 0 0 0 1 1 1 1 0 1 1 1 1 0 1 0 1 0 1 1 1 1 1 1 0 - 1 1 1 1 0 0 1 1 1 1 1 0 1 0 0 1 0 1 1 0 1 0 1 0 - 0 1 1 - 1 0 0
  15.6       NODE_1059_PO _34834      0 1 1 0 0 1 1 1 1 1 0 1 1 0 0 0 0 0 0 0 0 1 0 0 0 0 1 1 0 0 0 0 - 0 - 0 1 1 0 1 1 0 0 0 0 0 1 1 1 1 1 0 1 1 1 1 0 - - - 0 0 0 1 1 1 1 0 1 1 1 1 0 1 0 1 0 1 1 1 1 0 1 0 - 1 1 1 0 0 0 1 1 1 1 1 0 1 0 0 1 0 - 1 0 1 0 - 0 - - 1 1 - 0 0 0
  27.2       NODE_12408_PO _1210      0 1 1 1 0 1 1 1 1 1 0 0 1 1 0 0 0 0 0 - 0 1 0 0 0 0 0 0 0 0 0 0 - 0 - 1 1 1 0 1 1 0 0 1 0 0 1 1 1 1 1 0 0 1 1 1 0 0 - 0 1 0 0 0 1 1 1 0 1 1 1 1 0 1 0 1 0 1 1 1 1 0 1 0 1 1 1 1 0 0 0 1 1 1 1 1 0 1 0 0 1 0 - 1 0 1 0 1 0 - 0 1 0 - 0 1 0
  29.0       NODE_175_PO _13335       0 1 1 1 0 1 1 1 1 1 0 0 1 1 0 0 0 0 0 - 0 1 0 0 0 0 0 0 0 0 1 0 - 0 - 1 1 1 0 1 1 0 0 1 0 0 1 1 1 1 1 0 0 1 - 1 0 1 - 0 1 0 0 0 1 1 1 0 1 1 1 1 0 1 0 1 0 1 1 1 1 0 1 0 1 1 1 1 0 0 0 1 1 1 1 1 0 1 0 0 1 0 - 1 0 1 0 1 0 - 0 1 0 - 0 1 0
  32.8       NODE_175_PO _59659       0 1 1 1 0 1 1 1 1 1 0 0 - 1 0 0 0 0 0 0 0 1 0 0 0 1 0 0 0 0 1 0 - 0 - 1 1 0 0 1 1 0 1 1 0 0 1 1 1 1 1 0 0 1 1 1 0 1 1 0 1 0 0 0 1 1 1 0 1 1 1 1 0 1 0 1 0 1 1 1 1 0 1 0 1 0 1 1 0 0 0 1 1 1 1 1 0 1 0 0 1 0 - 1 0 1 0 - 0 - 0 1 0 - 0 1 0
  40.2       NODE_3426_PO _6060       1 1 1 1 0 1 1 1 1 1 0 0 1 1 0 0 0 0 0 1 0 1 0 0 1 1 0 0 0 0 1 0 - 0 - 1 1 0 0 1 1 1 1 1 0 0 1 1 1 1 1 0 0 1 1 1 0 1 - 0 1 0 0 0 1 1 1 0 1 1 1 1 0 1 0 1 0 1 0 1 1 0 1 0 1 0 1 1 0 0 1 0 1 1 1 0 0 1 0 0 1 0 - 1 0 1 0 1 0 - 0 1 0 - 0 1 0
  46.7       NODE_477_PO _30349       1 1 1 1 1 1 1 1 1 1 0 0 1 1 0 0 - 0 0 - 0 1 1 0 1 1 0 0 0 0 1 0 - 0 - 1 1 0 1 1 1 1 1 1 0 0 1 1 1 1 1 0 0 1 1 1 0 1 - - 1 0 0 0 1 1 1 1 1 1 1 1 0 1 0 0 0 1 0 1 1 0 1 0 - 0 1 1 0 0 1 0 1 1 1 0 0 0 0 0 1 0 - 1 0 0 0 1 0 - 0 1 0 - 0 1 0
  48.8       NODE_1947_PO _23977      1 1 1 1 1 1 1 1 1 1 0 0 - 1 0 0 0 0 0 - 0 1 1 0 1 1 0 0 0 0 1 - - 0 - 1 1 - 1 1 1 1 1 1 - 0 1 1 1 1 1 - 0 1 1 1 0 - - - 1 0 0 0 1 1 1 1 1 1 1 0 0 0 0 0 0 1 0 1 1 0 1 0 - 0 1 1 0 0 1 0 1 1 1 0 0 0 0 0 1 - - 1 0 0 0 - - - - 1 0 - 0 1 0
  54.0       NODE_677_PO _41401       1 1 1 1 1 1 1 1 0 1 0 0 0 1 0 0 - 0 0 - 0 1 1 1 1 1 0 0 0 0 1 0 - 0 - 1 1 0 1 1 1 1 1 1 0 0 1 1 1 0 1 0 0 1 1 1 0 - - 0 1 0 0 0 1 1 1 1 1 0 1 0 0 0 0 0 0 1 0 1 1 0 1 0 - 0 1 1 0 0 1 0 1 1 1 0 0 0 0 0 1 0 - 1 0 0 1 1 0 - 0 1 0 - 0 1 0
  55.8       NODE_2869_PO _17377      1 1 1 1 1 1 1 1 0 1 0 0 0 1 0 0 0 0 0 1 0 1 1 1 1 1 0 0 0 0 1 0 1 0 - 1 1 0 1 1 1 1 1 1 0 0 1 1 1 0 1 0 0 1 0 1 0 1 - 0 1 0 0 0 1 1 1 1 1 0 1 0 0 0 0 0 0 1 0 1 1 0 1 0 1 0 1 1 0 0 1 0 1 1 1 0 0 0 1 0 1 0 - 1 0 0 1 1 0 - 0 1 0 - 0 1 0
  57.7       NODE_749_PO _13937       1 1 1 1 1 1 1 1 0 1 0 0 - 1 0 0 - 0 0 - 0 1 1 1 1 1 0 0 0 0 1 0 1 0 - 1 1 0 1 1 1 1 1 1 0 0 1 1 1 0 0 0 0 1 0 1 0 1 1 1 1 0 0 0 1 1 1 1 1 0 1 0 0 0 0 0 0 1 0 1 1 0 1 0 1 0 1 1 0 0 1 0 1 1 1 0 0 0 1 0 1 0 - 1 0 0 1 1 0 - 0 1 0 - 0 1 0
  58.6       NODE_9250_PO _2751       1 1 1 1 1 1 1 1 0 1 0 0 1 1 0 0 - 0 0 - 0 1 1 1 1 1 0 0 0 0 1 0 - 0 - 1 1 0 1 1 1 1 1 1 - 0 1 1 1 0 0 0 0 1 0 1 0 1 - - 1 0 0 0 1 1 1 1 1 0 1 0 0 0 0 0 0 1 0 1 1 0 1 0 - 0 1 1 0 0 1 0 1 1 1 0 0 0 1 0 1 0 - 1 0 0 1 1 0 - - 1 0 - 0 0 0
  59.6       NODE_172_PO _53393       1 1 1 1 1 1 1 1 0 1 0 0 0 1 0 0 0 0 0 - 0 1 1 1 1 1 0 0 0 0 1 0 1 0 - 1 1 0 1 1 1 1 1 1 0 0 1 1 1 0 0 0 0 1 0 1 0 1 - 1 1 0 0 0 1 1 1 1 1 0 1 0 0 0 0 0 0 1 0 1 1 0 1 0 1 0 1 1 0 0 1 0 1 1 1 0 0 0 1 0 1 0 0 1 0 0 1 - 0 - 0 1 0 - 0 0 0
  61.4       NODE_1651_PO _5501       1 1 1 1 1 1 1 1 0 1 0 0 0 1 0 0 0 0 0 1 0 1 1 1 1 1 0 0 0 0 1 0 - 0 - 1 1 0 1 1 1 1 1 1 1 0 0 1 1 0 0 0 0 1 0 1 0 1 - 1 1 0 0 0 1 1 1 1 1 0 1 0 0 0 0 0 0 1 0 1 1 0 1 0 - 0 1 1 0 0 1 0 1 1 1 0 0 0 1 0 1 0 - 1 0 0 1 1 0 - 0 1 0 - 0 0 0
  62.3       NODE_18_PO _43551        1 1 1 1 1 1 1 1 0 1 0 0 0 1 0 0 - 0 0 1 0 1 1 1 1 1 0 1 0 0 1 0 - 0 - 1 1 0 1 1 1 1 1 1 1 0 0 1 1 0 0 0 0 1 0 1 0 1 - - 1 0 0 0 1 1 1 1 1 0 1 0 0 0 0 0 0 1 0 1 1 0 1 0 - 0 1 1 0 0 1 0 1 1 1 0 0 0 1 0 1 0 - 1 0 0 1 1 0 - 0 1 0 - 0 0 0
  64.2       NODE_18_PO _24275        1 1 1 1 1 1 1 1 0 1 0 0 0 1 0 0 0 0 0 - 0 1 1 1 1 1 0 1 0 0 1 0 1 0 - 1 1 0 1 1 1 1 1 1 1 0 0 1 0 0 0 0 0 1 0 1 0 1 - 1 1 0 0 0 0 1 1 1 1 0 1 0 0 0 0 0 0 1 0 1 1 0 1 0 1 0 1 1 0 0 1 0 1 1 1 0 0 0 1 0 1 0 0 1 0 0 1 1 0 - 0 1 0 - 0 0 0
  65.1       NODE_8034_PO _4033       1 1 1 1 1 1 1 1 0 1 0 0 - 1 0 0 0 0 0 - 0 1 1 1 1 1 0 1 0 0 1 0 - 0 - 1 1 0 1 1 1 1 1 1 1 0 0 1 0 0 0 0 0 1 0 1 0 - - - 1 0 0 1 0 1 1 1 1 0 1 0 0 0 0 0 0 1 0 1 1 0 1 0 1 0 1 1 0 0 1 0 1 1 1 0 0 0 1 0 1 0 - 1 0 0 1 1 0 - 0 1 0 - 0 0 0
  68.9       NODE_110_PO _23046       1 1 1 1 1 1 1 1 0 1 0 0 - 1 0 0 0 0 0 - 0 1 1 1 1 1 0 1 0 0 1 0 1 0 - 1 1 0 1 1 1 1 1 1 1 0 0 1 0 0 0 0 0 1 0 1 0 1 - 1 1 0 0 1 0 1 1 1 1 0 1 1 0 0 0 0 1 1 0 1 1 0 1 0 1 0 1 1 0 0 1 0 1 1 1 0 0 1 1 0 1 0 0 1 0 0 1 1 0 - 0 1 1 - 0 0 0
  69.8       NODE_3943_PO _10036      1 1 1 1 1 1 1 1 0 1 0 0 0 1 0 0 0 0 0 1 0 1 1 1 1 1 0 1 0 0 1 0 1 0 - 1 1 0 1 1 1 1 1 1 1 0 0 1 0 0 0 0 0 1 0 1 0 1 - 1 1 0 0 1 0 1 1 1 1 0 1 1 0 0 0 0 1 1 0 1 1 0 1 0 1 0 1 1 0 0 1 0 1 1 1 0 0 1 1 0 1 0 0 1 0 0 1 1 0 - 0 1 1 - 1 0 0
  71.6       NODE_3766_PO _8633       1 1 1 1 1 1 1 1 0 1 0 0 0 1 0 0 0 0 0 - 0 1 1 1 1 1 0 1 0 0 1 0 - 0 - 1 1 0 1 1 1 1 1 1 1 0 0 1 0 0 0 0 0 1 0 1 0 1 - 1 1 0 0 1 0 1 1 0 1 0 1 1 0 0 0 0 1 1 0 1 1 0 1 0 - 1 1 1 0 0 1 0 1 1 1 0 0 1 1 0 1 0 0 1 0 0 1 1 0 - 0 1 1 - 1 0 0
  78.1       NODE_3780_PO _4972       1 1 1 1 1 1 0 0 0 1 0 0 0 1 0 0 - 0 0 - 0 1 1 1 1 1 0 1 0 0 1 0 - 0 - 1 1 1 1 1 1 1 1 1 - 0 0 1 0 0 0 0 0 1 0 1 1 1 - 1 1 0 0 1 0 1 1 0 1 0 1 1 1 0 0 0 1 1 0 0 1 0 1 0 1 1 1 1 0 0 1 0 1 1 1 0 0 1 1 0 1 0 0 1 0 0 1 1 0 - 0 0 1 - 1 0 0
  80.0       NODE_98_PO _13907        1 1 1 1 1 1 0 0 0 1 0 0 - 1 0 0 - 0 0 - 0 1 1 1 1 1 0 1 0 0 1 0 - 0 - 1 1 1 1 1 1 1 0 1 1 0 0 1 0 0 0 0 0 1 0 0 1 1 - 1 1 0 0 1 0 1 1 0 1 0 1 1 1 0 0 0 1 1 0 0 1 0 1 0 1 1 1 1 0 0 1 0 1 1 1 0 0 1 1 0 1 0 - 1 0 0 1 1 0 - 0 0 1 - 1 0 0
  80.9       NODE_98_PO _47979        1 1 1 1 1 1 0 0 0 1 0 0 0 1 0 0 0 0 0 1 0 1 1 1 1 1 0 1 0 0 1 0 1 0 - 0 1 1 1 1 1 1 0 1 1 0 0 1 0 0 0 0 0 1 0 0 1 1 1 1 1 0 0 1 0 1 1 0 1 0 1 1 1 0 0 0 1 1 0 0 1 0 1 0 1 1 1 1 0 0 1 0 1 1 1 0 0 1 1 0 1 0 - 1 0 0 1 1 0 - 0 0 1 - 1 0 0
  88.3       NODE_793_PO _12006       0 1 1 1 1 1 0 0 0 1 0 1 - 1 0 0 0 0 1 - 0 1 1 1 1 1 0 1 0 0 1 0 - 0 - 0 1 1 1 1 1 1 0 0 1 0 0 1 0 0 0 0 0 1 0 0 1 1 - 1 1 0 0 1 0 1 1 0 1 1 1 1 1 0 0 0 1 1 0 0 1 0 1 0 1 1 1 1 0 0 1 0 1 1 1 0 0 0 0 0 1 0 1 1 0 1 1 1 0 - 0 0 1 - 1 0 0
  91.1       NODE_1286_PO _3482       0 1 1 1 1 1 0 0 0 1 0 1 0 1 0 0 - 0 1 - 0 1 1 1 1 0 0 1 0 0 1 0 - 0 - 0 1 1 0 1 1 1 0 0 1 0 0 0 0 0 0 0 0 1 0 0 1 1 - - 1 0 0 1 0 1 1 0 1 1 1 1 1 0 0 0 1 1 0 0 1 0 1 0 1 1 1 1 0 0 1 0 1 1 1 0 0 0 0 0 1 0 - 1 0 1 1 1 0 - 0 0 1 - 1 0 0
  96.7       NODE_7389_PO _3758       0 1 1 1 0 1 0 0 0 1 0 1 - 1 0 1 0 0 1 - 0 1 1 1 1 0 1 1 0 0 1 0 - 1 - 0 1 1 0 1 0 1 0 0 1 0 0 0 0 0 0 0 0 1 0 0 1 1 - 1 1 0 0 1 0 1 1 0 1 1 1 1 1 0 0 0 1 1 0 0 1 0 1 0 1 1 1 1 0 0 1 0 0 1 1 0 0 0 0 0 1 0 - 1 0 1 1 1 0 - 0 0 1 - 1 0 0
  100.4      NODE_4853_PO _14337      0 1 1 1 0 0 0 0 0 1 0 1 - 1 0 1 0 0 1 - 0 1 1 1 1 0 1 1 0 0 1 0 - 1 - 0 1 1 0 1 0 1 0 0 1 0 0 0 0 0 0 0 0 1 0 0 1 1 - 1 1 0 0 1 0 1 1 0 1 1 1 1 1 0 0 0 1 1 0 1 1 0 1 0 - 1 1 0 0 0 1 0 0 1 0 0 0 0 0 0 1 0 0 1 0 1 1 1 0 - 0 0 1 - 1 0 0
  102.3      NODE_443_PO _44247       0 1 1 1 0 0 0 0 0 1 0 1 0 1 0 1 0 0 1 1 0 1 1 1 1 0 1 1 0 0 1 0 0 1 0 0 1 1 0 1 0 1 0 0 1 0 0 0 0 0 0 0 0 1 0 0 1 1 1 0 1 0 0 1 0 1 1 0 - 1 1 1 1 0 0 0 1 1 1 1 1 0 1 0 1 1 1 0 0 0 1 0 0 1 0 0 0 0 0 0 - 0 0 1 0 1 1 1 0 - 0 0 1 - 1 0 0
  105.0      NODE_1811_PO _2198       0 1 1 1 0 0 0 0 0 1 0 1 0 1 0 1 0 0 1 1 0 1 1 1 1 0 1 1 0 0 1 0 0 1 - 0 1 1 0 1 0 1 0 0 1 0 0 0 0 0 0 1 0 1 0 0 1 1 - 1 1 0 0 1 0 1 1 0 1 1 1 1 1 0 0 0 1 1 1 1 1 0 1 0 - 1 1 0 0 0 1 0 0 1 0 0 0 0 0 0 1 1 - 1 0 1 1 1 0 - 0 0 1 - 1 0 0
  107.8      NODE_476_PO _37167       0 1 1 1 0 0 0 0 0 1 0 1 - 1 0 1 0 0 1 - 0 1 1 1 1 0 1 1 0 0 1 0 0 1 - 0 1 1 0 1 0 1 0 0 1 0 0 0 0 0 0 1 0 1 - 0 1 1 - 1 1 0 0 1 0 1 1 0 1 1 1 1 1 1 0 0 1 1 1 1 1 1 1 0 - 1 1 0 0 0 1 0 0 1 0 0 0 0 0 0 1 1 - 1 0 1 1 - 0 - 0 0 1 - 1 0 1
  108.8      NODE_333_PO _21548       0 1 1 0 0 0 0 0 0 1 0 1 0 1 0 1 0 0 1 1 0 1 1 1 1 0 1 1 0 0 1 0 - 1 0 0 1 1 0 1 0 1 0 0 - 0 0 0 0 0 0 1 0 1 0 0 1 - - 1 1 0 0 1 0 1 1 0 1 1 1 1 1 1 0 0 1 1 1 1 1 1 1 0 - 1 1 0 0 0 1 0 0 1 0 0 0 0 0 0 1 1 - 1 0 1 1 - 0 - 0 0 1 - 1 0 1
  110.7      NODE_804_PO _504         0 1 1 0 0 0 0 0 0 1 0 1 - 1 0 1 0 0 1 1 0 1 1 1 1 0 1 1 0 0 1 0 - 1 - 0 0 1 0 1 0 1 0 0 1 0 0 0 0 0 0 1 0 1 0 0 1 1 - 1 1 0 0 1 0 1 1 0 1 1 1 1 1 1 0 0 1 1 1 1 1 1 1 0 1 1 1 0 1 0 1 0 0 1 0 0 0 0 0 0 1 1 - 1 0 1 1 - 0 - 0 0 1 - 1 0 1
  111.6      NODE_882_PO _43857       0 1 1 0 0 0 0 0 0 1 0 1 0 1 0 1 - 0 1 - 0 1 1 1 1 0 1 1 0 0 1 0 - 1 - 0 0 1 0 1 0 1 0 0 1 0 0 0 0 0 0 1 0 1 0 0 1 1 1 - 1 0 0 1 0 1 1 0 1 1 0 1 1 1 0 0 1 1 1 1 1 1 1 0 - 1 1 0 1 0 1 0 0 1 0 0 0 0 0 0 1 1 - 1 0 1 1 0 0 - 0 0 1 - 1 0 1
  112.5      NODE_6084_PO _7199       0 1 1 0 0 0 0 0 0 1 0 1 0 0 0 1 0 0 1 - 0 1 1 1 1 0 1 1 0 0 1 0 - 1 - 0 0 1 0 1 0 1 0 0 1 0 0 0 0 0 0 1 0 1 0 0 1 1 - 1 1 0 0 1 0 1 1 0 1 1 0 1 1 1 0 0 1 1 1 1 1 1 1 0 - 1 1 0 1 0 1 0 0 1 0 0 0 0 0 0 1 1 - 1 0 1 1 0 0 - 0 0 1 - 1 0 1
  114.4      NODE_197_PO _28298       0 1 1 0 0 0 0 0 0 1 0 1 0 0 0 1 - 0 1 - 0 1 1 0 1 0 1 1 0 0 1 0 - 1 - 0 0 1 0 1 0 1 0 0 1 0 0 0 0 0 1 1 0 1 0 0 1 - - - 1 0 0 1 0 1 1 0 1 1 0 1 1 1 0 0 1 1 1 1 1 1 1 0 - 1 1 0 1 0 1 0 0 1 0 0 0 0 0 0 1 1 0 1 0 1 1 0 0 - 0 0 1 - 1 0 1
  118.3      NODE_3666_PO _11250      0 0 1 0 0 0 0 0 0 1 0 1 - 0 0 1 0 0 1 0 0 1 1 0 1 0 1 1 0 1 1 0 - 1 1 0 0 1 0 1 0 1 0 0 - 0 0 1 0 0 1 1 0 1 0 0 1 1 1 - 1 0 0 1 0 1 1 0 1 1 0 1 1 1 0 0 1 1 1 1 1 1 1 0 - 1 1 0 1 0 1 0 0 0 0 0 0 0 0 0 1 1 - 1 0 1 1 0 0 - 0 0 1 - 1 0 1
  125.9      NODE_3654_PO _2974       0 0 1 0 0 0 0 0 0 1 0 1 0 0 1 1 - 0 1 0 0 0 1 0 1 0 1 1 0 1 1 0 - 1 - 0 0 1 0 1 0 1 1 0 1 0 0 1 1 0 1 1 0 1 0 0 0 1 - 1 1 0 1 1 0 1 1 1 1 1 0 1 1 0 0 0 1 1 1 1 1 1 1 0 - 1 1 0 1 0 1 0 0 0 0 0 0 0 0 0 1 1 0 1 0 1 1 - 0 - 0 0 1 - 1 0 1
  126.9      NODE_150_PO _51302       0 0 0 0 0 0 0 0 0 1 0 1 - 0 1 1 - 0 1 - 0 0 1 0 1 0 1 1 0 1 1 0 - 1 - 0 0 - 0 1 0 1 1 0 1 0 0 1 1 0 1 1 0 1 0 0 0 1 - 1 1 0 1 1 0 1 1 1 1 1 0 1 1 0 0 0 1 1 1 1 1 1 1 0 - 1 1 0 1 0 1 0 0 0 0 0 0 0 0 - 1 1 - 1 0 1 1 - 0 - 0 0 1 - 1 0 1
  128.8      NODE_150_PO _18105       0 0 0 0 0 0 0 0 0 0 0 1 0 0 1 1 - 0 1 - 0 0 1 0 1 0 1 1 0 1 1 0 - 1 - 0 0 1 0 1 1 1 1 0 1 0 0 1 1 0 1 1 0 1 0 0 0 1 - - 1 0 1 1 0 1 1 1 1 1 0 1 1 0 0 0 1 1 1 1 1 1 1 0 - 1 1 0 1 0 1 0 0 0 0 0 0 0 0 0 1 1 - 1 0 1 1 0 0 - 0 0 1 - 1 0 1
  129.8      NODE_1824_PO _27086      0 0 0 0 0 0 0 0 0 0 0 1 0 0 1 1 0 0 1 - 0 0 1 0 1 0 1 1 0 1 1 0 - 1 - 0 0 1 0 1 1 1 1 0 1 0 0 1 1 0 1 1 0 1 0 0 0 1 1 1 1 0 1 1 0 1 1 1 1 1 0 1 1 0 0 0 1 1 1 1 1 1 1 0 - 1 1 0 1 0 1 0 1 0 0 0 0 0 0 0 1 1 - 1 0 1 1 0 0 - 0 0 1 - 1 0 1
  131.6      NODE_165_PO _33876       0 0 0 0 0 0 0 0 0 0 0 1 0 0 1 1 0 0 1 - 0 0 0 0 1 0 1 1 0 1 1 0 0 1 - 0 0 0 0 1 1 1 1 0 1 0 0 1 1 0 1 1 0 1 0 0 0 1 - 1 1 0 1 1 0 1 1 1 1 1 0 1 1 0 0 0 1 1 1 1 1 1 1 0 1 1 1 0 1 0 1 0 1 0 0 0 0 0 0 0 1 1 0 1 0 1 1 0 0 - 0 0 1 - 1 0 1
  139.1      NODE_883_PO _41863       0 0 0 0 0 0 0 0 0 0 0 1 - 0 1 1 0 0 1 - 0 0 0 0 1 1 1 1 0 1 1 0 0 0 - 0 0 0 0 1 1 1 1 0 - 1 0 1 1 0 1 1 0 1 0 1 0 1 - 1 1 0 1 1 0 1 1 1 1 1 0 1 1 0 0 0 1 1 1 1 1 1 1 0 - 0 1 0 1 1 0 0 1 0 0 0 1 0 0 0 1 1 - 1 0 1 1 0 0 - 0 0 1 - 1 0 1
  142.8      NODE_352_PO _906         1 0 0 0 0 0 0 0 0 0 0 1 0 0 1 1 0 0 1 0 0 0 0 0 1 1 1 0 0 1 1 0 0 0 - 0 0 0 0 1 1 1 1 0 - 1 0 1 1 1 1 1 0 1 0 1 0 1 - - 1 0 1 0 0 1 1 1 1 1 0 1 1 0 0 0 1 1 1 1 1 1 1 0 - 0 1 0 1 1 0 0 1 0 0 0 1 0 0 0 1 1 0 1 0 1 1 0 0 - 0 0 1 - 1 0 1
  145.6      NODE_30_PO _34156        1 0 0 0 0 0 0 1 0 0 0 1 - 0 1 1 - 0 1 - 0 0 0 0 1 1 1 0 0 1 1 0 0 0 - 0 0 0 0 1 1 1 1 0 1 1 1 1 1 1 1 1 0 1 0 1 0 1 - 1 1 0 1 0 0 1 1 1 1 1 0 1 1 0 0 0 1 1 1 0 1 1 1 0 0 0 1 0 1 1 0 0 1 0 0 0 1 0 0 0 1 1 - 1 0 1 1 0 0 - 0 0 1 - 1 0 1
  146.6      NODE_30_PO _67478        1 0 0 0 0 0 0 1 0 0 0 1 - 0 1 1 - 0 1 - 0 0 0 0 1 1 1 0 0 1 1 0 - 0 - 0 0 0 0 1 1 1 1 0 1 1 1 1 1 1 0 1 0 1 0 1 0 1 - 1 1 0 1 0 0 1 1 1 - 1 0 1 1 0 0 0 1 1 1 0 1 1 1 0 - 0 1 0 1 1 0 0 1 0 0 0 1 0 0 0 1 1 1 1 0 1 1 0 0 - 0 0 1 - 1 0 1
  147.5      NODE_30_PO _76811        1 0 0 0 0 0 0 1 0 0 0 1 0 0 1 1 0 0 1 - 0 0 0 0 1 1 1 0 0 1 1 0 0 0 1 0 0 0 0 1 1 1 1 0 - 1 1 1 1 1 0 1 0 1 0 1 0 1 1 1 1 0 1 0 0 1 1 1 1 1 0 1 1 0 0 0 1 1 1 0 1 1 1 0 - 0 1 0 1 1 0 0 1 0 0 1 1 0 0 0 1 1 - 1 0 1 1 - 0 - - 0 1 - 1 0 1
  148.5      NODE_30_PO _82384        1 0 0 0 0 0 0 1 0 0 0 1 0 0 1 1 0 0 1 0 0 0 0 0 1 1 1 0 0 1 1 0 - 0 - 0 0 0 0 1 1 1 1 0 1 1 1 1 1 1 0 1 0 1 0 1 0 - 1 1 1 0 1 0 0 1 1 1 1 1 0 1 0 0 0 0 1 1 1 0 1 1 1 0 - 0 1 0 1 1 0 0 1 0 0 1 1 0 0 0 1 1 0 1 0 1 1 0 0 - 0 0 1 - 1 0 1
  149.4      NODE_7231_PO _5596       1 0 0 0 0 0 0 1 0 0 0 1 0 0 1 1 0 0 1 - 0 0 0 0 1 1 1 0 0 1 1 0 - 0 - 0 0 0 0 1 1 1 1 0 0 1 1 1 1 1 0 1 0 1 0 1 0 1 - 1 1 0 1 0 0 1 1 1 1 1 0 1 0 0 0 0 1 1 1 0 1 1 1 0 1 0 1 0 1 1 0 0 1 0 0 1 1 0 0 0 1 1 0 1 0 1 1 0 0 - - 0 1 - 1 0 1
  150.4      NODE_6819_PO _5451       1 0 0 0 0 0 0 1 0 0 0 1 0 0 1 1 - 0 1 - 0 0 0 0 1 1 1 0 0 1 1 0 - - - 0 0 - 0 1 1 1 1 0 0 1 1 1 1 1 0 1 0 - - 1 0 - - - 1 0 1 0 0 0 1 1 1 1 0 1 0 0 0 0 1 1 1 0 1 1 1 0 - 0 1 0 1 1 0 0 1 0 0 1 1 0 0 0 1 1 - 1 0 1 1 - 0 - 1 0 1 - 1 0 1
  151.4      NODE_4577_PO _5242       1 0 0 0 0 0 0 1 0 0 0 1 0 0 1 1 0 1 1 0 0 0 0 0 1 1 1 0 0 1 1 0 - 0 - 0 0 0 0 1 1 1 1 0 0 1 1 1 1 1 0 1 0 0 0 1 0 1 - 1 1 0 1 0 0 0 1 1 1 1 0 1 0 0 0 0 1 1 1 0 1 1 1 0 - 0 1 0 1 1 0 0 1 0 0 1 1 0 0 0 1 1 - 1 0 1 1 0 0 - 1 0 1 - 1 0 1
  153.4      NODE_1196_PO _25951      1 - 0 0 0 0 0 1 0 0 0 1 - 0 1 1 0 1 1 - 0 0 0 0 1 1 1 0 0 1 1 - - 0 - 0 0 0 - 1 1 1 1 1 - 1 1 1 1 1 0 1 0 0 - 1 0 - 1 - 1 0 1 0 0 0 1 1 1 1 0 1 0 0 0 0 - 1 1 0 1 1 1 0 - 0 1 0 1 1 0 0 1 0 - 1 1 0 0 0 - 0 - 1 0 1 1 - 0 - 1 0 1 - 1 0 1
  156.6      NODE_4581_PO _11263      1 0 0 0 0 0 0 1 0 0 0 1 0 1 1 1 - 1 1 - 0 0 0 0 1 1 1 0 0 1 1 0 0 0 - 0 0 - 0 1 1 1 1 1 0 1 1 1 1 1 0 1 0 0 0 1 0 1 - - 1 0 1 0 0 0 1 1 0 0 0 1 0 0 0 0 0 1 1 0 1 1 1 0 - 0 1 0 1 1 0 0 1 0 0 1 1 0 0 0 1 0 - 1 0 1 1 0 0 - 1 0 1 - 1 0 1
  166.2      NODE_7247_PO _675        1 0 0 0 0 0 1 1 0 0 0 0 - 1 1 1 - 1 1 - 0 1 0 0 1 1 1 0 0 1 1 0 - - - 0 0 0 0 1 1 0 1 1 - 1 1 1 0 1 0 - 0 0 0 1 0 - - - 1 0 0 1 0 0 0 1 - 0 1 1 0 0 0 0 0 1 1 0 1 1 1 0 - 0 1 0 1 1 0 0 1 0 - - 1 0 0 0 1 0 - 1 0 1 1 - 0 - - 0 - - 1 0 1
  168.3      NODE_5016_PO _4334       1 0 0 0 0 0 1 1 0 0 0 0 - 1 1 1 - 1 1 - 0 1 0 0 1 1 1 0 0 1 0 0 - 0 1 0 0 0 0 1 1 0 1 1 0 1 1 0 0 1 0 1 0 0 0 1 0 1 - - 1 0 0 1 0 0 0 1 - 0 1 1 0 0 0 0 0 1 1 0 1 1 1 0 - 0 1 0 1 1 0 0 1 0 0 0 1 0 0 0 - 0 - 1 0 1 1 0 0 - 1 0 1 - 1 0 1
  175.1      NODE_565_PO _33165       1 0 0 0 0 0 1 1 0 0 0 0 0 1 1 1 0 1 1 0 0 1 0 0 1 1 1 0 0 1 0 0 - 0 - 0 0 0 0 1 1 0 0 1 0 1 1 0 0 1 0 1 0 0 0 1 0 1 - - 1 0 0 1 0 0 0 1 0 0 1 1 0 1 0 0 0 1 1 0 1 0 1 0 1 0 1 0 1 1 0 0 1 0 0 0 0 1 0 0 1 0 - 1 1 1 1 0 0 - 1 0 1 - 0 0 1
  177.0      NODE_8150_PO _4785       1 0 0 0 0 0 1 1 0 0 0 0 0 1 1 1 - 1 1 - 0 1 0 0 1 1 1 0 0 1 0 0 - 0 - 0 0 0 0 1 1 0 0 1 - 1 1 0 0 1 0 1 0 - 0 1 0 1 - 1 1 0 0 1 0 0 0 1 0 0 1 0 0 1 0 0 0 1 1 0 1 0 1 0 - 1 1 0 1 1 0 0 1 0 0 0 0 1 0 0 1 0 - 1 1 1 1 0 0 - - 0 - - 0 0 1
  181.1      NODE_4296_PO _464        1 0 0 0 0 0 1 1 0 0 0 0 - 1 1 1 - 1 1 - 0 1 0 0 1 1 1 - 0 1 0 - - 0 - 0 0 0 0 0 1 0 0 1 - 1 1 0 0 1 1 1 0 0 0 1 - 1 - 1 1 0 0 1 0 0 0 0 - 0 1 0 0 1 0 0 0 1 1 0 1 0 1 0 1 1 1 0 1 1 0 1 1 0 0 0 0 1 0 0 - 0 - 1 1 1 1 0 0 - - 0 1 - 0 0 1
  185.3      NODE_726_PO _31843       1 0 0 0 0 0 1 1 0 0 1 0 1 1 1 1 - 1 1 - 0 1 0 1 1 1 1 0 0 1 0 0 - 0 - 0 0 0 0 0 0 - 0 1 - 1 1 0 0 1 1 1 0 0 - 1 1 1 - 1 1 0 0 1 0 0 0 0 - 0 1 0 1 1 0 0 0 1 1 0 1 0 1 0 - 1 1 0 1 1 0 1 1 0 0 - 0 1 0 0 1 0 - 1 1 1 1 - 0 - 1 0 - - 0 0 1
  188.4      NODE_2149_PO _1808       1 0 1 0 0 0 1 1 0 0 1 0 - 1 1 1 - 1 1 - 0 1 0 1 1 1 1 0 0 1 0 0 - 0 - 0 0 - 0 0 0 0 0 1 0 1 1 0 0 1 1 1 0 0 - 1 1 - - - 1 1 0 1 0 0 0 0 - 0 1 0 1 1 0 0 0 1 1 0 1 0 1 0 - 1 1 0 1 1 0 1 0 0 0 0 0 1 0 0 1 0 - 1 1 1 1 0 0 - 1 0 0 - 0 0 1
  190.4      NODE_3982_PO _13430      1 0 1 0 0 0 1 1 0 0 1 0 0 1 0 1 0 1 1 - 0 1 0 1 1 1 1 0 0 1 0 0 0 0 - 0 1 0 0 0 0 0 0 1 0 1 1 0 0 1 1 1 0 0 0 1 1 1 1 1 1 1 0 1 0 0 0 0 0 0 1 0 1 1 0 0 0 1 1 0 1 0 1 0 - 1 1 0 1 1 0 1 0 0 0 0 0 1 0 0 1 0 - 1 1 1 1 0 0 - 1 0 0 - 0 0 1
  191.3      NODE_7451_PO _312        1 0 1 0 0 0 1 1 0 0 1 0 1 1 0 1 - 1 1 - 0 1 0 1 1 1 1 0 0 1 0 0 - 0 - 0 1 0 0 0 0 0 0 1 0 1 1 0 0 1 1 1 0 0 0 1 1 1 - - 1 1 0 1 0 0 0 0 0 0 1 0 1 1 0 0 0 1 1 0 1 0 1 0 1 1 1 0 1 1 0 1 0 0 0 0 0 1 0 0 - 0 1 1 1 1 1 - 0 - 1 0 0 - 0 0 1
  201.1      NODE_6251_PO _8662       1 0 1 1 0 0 1 1 0 0 1 0 - 1 0 1 - 0 1 0 0 1 0 1 1 1 1 1 0 0 0 0 - 1 - 0 1 0 1 0 0 0 0 1 0 1 1 0 0 1 1 1 0 0 0 1 1 - - 1 1 1 0 1 0 0 0 0 0 0 1 0 1 1 0 0 0 1 1 0 1 0 1 0 - 1 0 0 1 1 1 1 0 0 0 0 0 1 1 1 0 0 - 1 1 1 1 0 0 - 1 0 0 - 0 0 1
  207.8      NODE_5138_PO _1753       1 0 1 1 0 0 1 1 1 0 1 0 - 1 0 1 1 0 1 - 0 1 1 1 1 1 1 1 0 0 0 1 - 1 1 0 1 0 1 0 0 0 0 1 0 1 1 0 0 1 1 0 0 0 0 1 1 1 - - 1 1 0 1 0 0 1 0 0 0 1 0 1 1 0 0 0 1 1 0 1 0 1 0 1 1 0 0 1 1 1 1 0 0 0 0 0 1 1 1 0 0 1 1 1 1 1 0 0 - 0 0 0 - 0 0 0
