  0.0        NODE_2000_PO _13211     1 1 0 0 1 0 1 1 1 1 1 0 1 0 1 1 0 1 1 - 1 1 1 0 1 1 1 0 0 1 0 1 - 0 - 1 0 1 0 1 1 1 0 1 0 1 1 1 0 0 1 0 1 1 1 1 1 - - - 1 0 0 0 1 0 1 0 0 0 0 1 0 0 1 1 1 1 0 1 0 0 0 0 - 1 0 0 0 0 1 1 1 0 0 0 0 1 1 0 1 1 0 0 1 0 1 1 0 - 1 0 1 - 1 1 1
  1.0        NODE_711_PO _40863      1 1 0 0 1 0 1 1 1 1 1 0 - 0 1 1 - 1 1 - 1 1 1 0 1 1 1 0 0 1 0 1 - 0 - 1 0 - 0 1 1 1 0 1 - 1 1 1 0 0 1 0 1 - 1 1 1 - - 0 - 0 0 0 1 0 1 0 - 0 0 0 0 0 1 1 1 1 0 1 0 0 0 0 - 1 0 0 0 0 1 1 1 0 0 0 0 1 - 0 1 1 - 0 1 0 1 1 0 - - 0 1 - 1 1 1
  8.1        NODE_1888_PO _5675      1 1 1 0 1 0 1 1 1 1 1 0 1 0 0 1 - 1 1 - 1 1 1 0 1 1 1 0 0 1 1 1 - 0 - 1 0 1 0 1 1 1 0 1 0 1 1 1 0 0 1 0 1 1 0 1 1 0 - 0 1 0 0 0 1 1 1 0 0 0 0 0 0 0 1 1 1 1 0 0 0 0 0 0 - 1 0 0 0 0 1 1 1 0 0 0 0 1 1 0 1 1 - 0 1 0 1 1 0 - - 0 1 - 1 1 0
  14.9       NODE_4864_PO _11792     1 1 1 0 1 0 0 1 1 1 1 0 - 0 0 1 0 1 1 1 1 1 1 0 1 1 1 0 0 1 1 1 1 0 - 0 0 1 0 1 1 1 0 1 - 1 1 1 0 0 1 0 1 1 0 1 1 - - 0 1 0 0 0 1 1 1 0 0 0 0 0 0 0 0 1 1 1 0 0 0 1 1 0 1 1 0 0 0 0 1 1 1 1 0 0 0 1 0 0 1 1 - 0 1 0 1 1 0 - 1 0 1 - 1 1 0
  16.9       NODE_4702_PO _6918      1 1 1 0 1 0 0 1 1 1 1 0 0 0 0 1 - 1 1 - 1 1 1 0 1 1 1 0 0 1 1 1 - 0 - 0 0 1 - 1 1 1 0 1 0 1 1 1 0 0 1 0 1 1 0 1 1 0 - - 1 1 0 0 1 1 1 0 - 0 0 0 0 0 0 1 - 1 0 0 0 1 1 0 - 1 0 1 0 0 1 1 1 1 0 0 0 1 0 0 - 1 - 0 1 0 1 1 0 - - 0 1 - 1 1 0
  19.9       NODE_2017_PO _27404     1 1 1 0 1 0 0 1 1 1 1 0 - 0 0 1 - 1 1 1 1 1 1 0 1 1 1 0 0 1 1 1 - 0 - 0 0 1 0 1 1 1 1 1 0 1 1 1 0 0 1 0 1 1 0 1 1 0 - 0 1 1 0 0 1 1 1 0 0 0 0 0 1 0 0 1 1 1 0 0 0 1 1 0 - 1 0 1 0 0 1 1 1 1 0 0 0 0 0 0 - 1 - 0 1 0 1 1 0 - 1 0 1 - 1 1 0
  23.6       NODE_4335_PO _14424     1 1 1 0 1 0 0 1 0 1 1 0 - 0 0 1 0 1 1 1 1 1 1 0 1 1 1 0 0 1 1 1 - 0 - 0 0 1 0 1 1 1 1 1 0 1 1 1 0 0 1 0 1 1 0 0 1 0 - 0 1 1 0 0 1 1 1 0 1 0 0 0 1 0 0 1 1 0 0 0 0 1 1 0 - 1 0 1 0 0 1 1 1 1 0 0 0 0 0 0 1 1 - 0 1 0 1 1 0 - 1 0 1 - 1 1 0
  26.6       NODE_5679_PO _1106      1 1 1 0 1 0 0 1 0 1 1 0 0 0 0 1 - 1 1 - 1 1 1 0 1 1 1 - 0 1 1 - - 0 - 0 0 1 0 1 1 1 1 1 0 1 1 1 0 0 0 0 1 1 - 0 1 0 - - 1 1 0 0 1 1 1 0 1 0 0 0 1 0 0 1 1 0 0 0 0 1 1 0 - 1 0 1 0 0 1 1 1 1 1 0 0 0 0 0 1 0 1 0 1 0 1 - 0 - 1 0 1 - 1 1 0
  27.6       NODE_5262_PO _6508      1 1 1 0 1 0 0 1 0 1 1 0 0 0 0 1 - 1 1 1 1 1 1 0 1 1 1 0 0 1 1 1 - 0 - 0 0 1 0 1 1 1 1 1 - 1 1 1 0 0 0 0 1 1 0 0 1 0 - 0 1 1 0 0 1 1 1 0 1 0 0 0 1 0 0 1 1 0 0 0 0 1 1 0 - 1 0 1 0 0 1 1 1 1 1 0 0 0 0 0 1 0 - 0 1 0 1 - 0 - - 1 1 - 1 1 0
  28.5       NODE_2793_PO _8686      1 1 1 0 1 0 0 1 0 1 1 0 0 0 0 1 - 1 1 - 1 1 1 0 1 1 1 0 0 1 1 1 - 0 - 0 0 1 0 1 1 1 1 1 0 1 1 1 0 0 0 0 1 1 0 0 1 0 - 0 1 1 0 0 1 1 1 0 1 0 0 0 1 0 0 1 1 0 0 0 0 1 1 0 0 1 0 1 0 0 1 1 1 1 1 0 0 0 0 0 1 0 - 0 1 0 1 - 0 - 1 1 1 - 1 0 0
  30.4       NODE_5463_PO _8272      1 1 1 0 1 0 0 1 0 1 1 0 - 0 0 1 - 1 1 1 1 1 1 0 1 1 1 0 0 1 1 1 1 0 - 0 0 1 0 1 1 1 1 1 0 1 1 1 0 0 0 0 0 1 0 0 1 0 - 0 1 1 0 0 1 1 1 0 1 0 0 0 1 0 0 1 1 0 0 0 0 1 1 0 0 1 0 1 0 0 1 1 1 1 1 0 0 0 0 0 1 0 - 0 1 0 1 0 1 - 1 1 1 - 1 0 0
  31.4       NODE_1681_PO _11742     1 1 1 0 1 0 0 1 0 1 1 0 - 0 0 1 - 1 1 - 1 1 1 0 1 1 1 0 0 0 1 1 - 0 - 0 0 1 0 1 1 1 1 1 - 1 1 1 0 0 0 0 0 1 0 0 1 0 - 0 1 1 0 0 1 1 1 0 1 0 0 0 1 0 0 1 1 0 0 0 0 1 1 0 0 1 0 1 0 0 - 1 1 1 1 0 0 0 0 0 - 0 - 0 1 0 1 - 1 - - 1 1 - 1 0 0
  32.3       NODE_6591_PO _1944      1 1 1 0 1 0 0 1 0 1 1 0 0 0 0 1 0 1 1 - 1 1 1 0 1 1 1 0 0 0 1 1 - 0 - 0 0 1 0 1 1 1 1 1 0 1 1 1 0 0 0 0 0 1 0 0 1 0 - 0 1 1 0 0 1 1 1 0 1 0 0 0 1 0 0 1 1 0 0 0 0 1 1 0 0 1 0 1 0 1 1 1 1 1 1 0 0 0 0 0 1 0 1 0 1 0 1 0 1 - 1 1 1 - 1 0 0
  33.3       NODE_5899_PO _8815      1 1 1 0 1 0 0 1 0 1 1 0 0 0 0 1 - 1 0 - 1 1 1 0 1 1 1 0 0 0 1 1 - 0 - 0 0 1 0 1 1 1 1 1 0 1 1 1 0 0 0 0 0 1 0 0 1 0 - 0 1 1 0 0 1 1 1 0 1 0 0 0 1 0 0 1 1 0 0 0 0 1 1 0 - 1 0 1 0 1 1 1 1 1 1 0 0 0 0 0 1 0 - 0 1 0 1 - 1 - 1 1 1 - 1 0 0
  35.2       NODE_299_PO _34965      1 1 1 0 1 0 0 1 0 1 1 0 0 0 0 1 - 1 0 - 1 1 1 0 1 1 1 0 0 0 1 1 - 0 - 0 0 - 0 1 1 1 1 1 0 1 1 0 0 0 0 0 0 1 0 0 1 0 - - 1 1 0 0 1 1 1 0 1 0 0 0 1 0 0 1 1 0 0 0 0 1 1 0 - 1 0 1 0 1 1 0 1 1 1 0 0 0 0 0 1 0 - 0 1 0 1 0 1 - - 1 1 - 1 0 0
  36.2       NODE_672_PO _49755      1 1 1 0 1 0 0 1 0 1 1 0 - 0 0 1 0 1 0 - 1 1 1 0 1 1 1 0 0 0 1 1 - 0 - 0 0 1 0 1 1 1 1 1 0 1 1 0 1 0 0 0 0 1 0 0 1 0 - - 1 1 0 0 1 1 1 - - 0 0 0 1 0 0 1 1 0 0 0 0 1 1 0 0 1 0 1 0 1 1 0 1 1 1 0 0 0 0 0 1 0 - 0 1 0 1 - 1 - 1 1 1 - 1 0 0
  37.1       NODE_672_PO _20358      1 1 1 0 1 0 0 1 0 1 1 0 0 0 0 1 0 1 0 - 1 1 1 0 1 1 1 0 0 0 1 0 - 0 - 0 0 1 0 1 1 1 1 1 0 1 1 0 1 0 0 0 0 1 0 0 1 0 - 0 1 1 0 0 1 1 1 0 - 0 0 0 1 0 0 1 1 0 0 0 0 1 1 0 0 1 0 1 0 1 1 0 1 1 1 0 0 0 0 0 1 0 1 0 1 0 1 0 1 - 1 1 1 - 1 0 0
  38.0       NODE_2348_PO _16552     1 1 1 0 1 0 0 1 0 1 1 0 0 0 0 1 0 1 0 - 1 1 1 0 1 0 1 0 0 0 1 0 - 0 - 0 0 1 0 1 1 1 1 1 0 1 1 0 1 0 0 0 0 1 0 0 1 0 - 0 1 1 0 0 1 1 1 0 1 0 0 0 1 0 0 1 1 0 0 0 0 1 1 0 0 1 0 1 0 1 1 0 1 1 1 0 0 0 - 0 1 0 1 0 1 0 1 0 1 - 1 1 1 - 1 0 0
  38.9       NODE_2348_PO _24024     1 1 1 0 1 0 0 1 0 1 1 0 0 0 0 1 0 1 0 - 1 1 1 0 1 0 1 0 0 0 1 0 - 0 - 0 0 1 0 1 1 1 1 1 0 1 1 0 1 0 0 0 0 1 0 0 1 0 - 0 1 1 0 0 1 1 1 0 1 0 0 0 1 0 0 1 1 0 0 0 0 1 1 1 0 1 0 1 0 1 1 0 1 1 1 0 0 0 0 0 1 0 - 0 1 0 1 0 1 - 1 1 1 - 1 0 0
  41.7       NODE_2141_PO _993       1 1 1 0 1 0 0 1 0 1 1 0 0 0 0 1 0 1 0 0 1 1 1 0 1 0 1 0 0 0 1 0 1 0 - 0 0 0 0 1 1 1 1 1 0 1 1 0 1 0 0 0 0 1 0 0 1 0 - 0 0 1 0 0 1 1 1 0 1 0 0 0 1 0 0 0 1 0 0 0 0 1 1 1 0 1 0 1 0 1 1 0 1 1 1 0 0 0 0 0 1 0 1 0 1 0 1 - 1 - 1 1 1 - 1 0 0
  42.6       NODE_277_PO _31020      1 1 1 0 1 0 0 1 0 1 1 0 - 0 0 1 - 1 0 - 1 1 1 0 1 0 1 0 0 0 1 0 - 0 - 0 0 0 0 1 1 1 1 1 0 1 1 0 1 0 0 0 0 1 0 0 1 0 - 0 - 1 0 0 1 1 1 0 1 0 0 0 1 0 0 0 1 0 0 0 0 1 1 1 - 1 0 1 0 1 1 0 1 1 1 0 0 0 0 0 1 0 - 1 1 0 1 0 1 - 1 1 1 - 1 0 0
  43.6       NODE_277_PO _64019      1 1 1 0 1 0 0 1 0 1 1 0 0 0 0 1 0 1 0 0 1 1 1 0 1 0 1 0 0 0 1 0 1 0 - 0 0 0 0 1 1 1 1 1 0 1 1 0 1 0 0 1 0 1 0 0 1 0 - - 0 1 0 0 1 1 1 0 1 0 0 0 1 0 0 0 1 0 0 0 0 1 1 1 0 1 0 1 0 1 1 0 1 1 1 0 0 0 0 0 1 0 1 1 1 0 1 0 1 - 1 1 1 - 1 0 0
  44.6       NODE_386_PO _61239      1 1 1 0 1 0 0 1 0 1 1 0 - 0 0 1 - 1 0 - 1 1 1 0 1 0 1 0 0 0 1 - - 0 - 0 0 0 0 1 1 - 1 1 0 1 0 0 1 0 0 1 0 1 0 0 1 - - 0 0 1 0 0 1 1 1 0 1 0 0 0 1 0 0 0 1 0 0 0 0 1 1 1 0 1 0 1 0 1 1 0 1 1 1 0 0 0 0 0 1 0 - 1 1 0 1 0 1 - - 1 1 - 1 0 0
  45.6       NODE_6443_PO _4258      1 1 1 0 1 0 0 1 0 1 1 0 - 0 0 1 - 1 0 - 1 1 1 0 1 0 1 0 0 0 1 0 - 0 - 0 0 0 0 1 1 - 1 1 0 1 0 1 1 0 0 1 0 - 0 0 1 - - 0 - 1 0 0 1 1 1 0 - 0 0 - 1 0 0 0 1 0 0 0 0 1 1 1 - 1 0 1 0 1 1 0 1 1 1 0 0 0 0 0 1 0 - 1 1 - 1 0 1 - 1 1 1 - 1 0 0
  52.9       NODE_3305_PO _20569     1 1 1 0 1 0 0 1 0 1 1 0 - 0 0 0 - 0 0 - 1 1 1 0 1 0 1 0 0 0 1 - 1 0 - 0 0 - 0 1 1 1 0 1 1 1 0 - 1 0 0 1 0 - 0 0 0 - 1 0 0 1 0 0 1 1 1 0 - 0 0 0 1 0 0 0 1 0 0 0 0 1 1 1 0 0 0 1 0 1 1 0 1 1 1 0 0 0 0 0 0 0 - 1 1 0 1 - 1 - 1 1 1 - 1 0 0
  54.9       NODE_2430_PO _14982     1 1 1 0 1 0 0 1 0 1 1 0 - 0 0 0 0 0 0 - 1 1 1 0 1 0 1 0 0 0 1 0 - 0 1 0 0 0 0 1 1 1 0 1 - 1 0 1 1 0 0 1 0 1 0 0 0 - - 0 0 1 0 0 1 0 1 0 1 0 0 0 1 0 0 0 1 0 0 0 0 1 1 1 0 0 0 1 0 1 1 0 1 1 1 0 0 0 0 0 0 0 - 1 1 0 0 - 1 - 1 1 1 - 1 0 0
  55.9       NODE_8923_PO _5609      1 1 1 0 1 0 0 1 0 1 1 0 0 0 0 0 - 0 0 - 1 1 1 0 1 0 1 0 0 0 1 0 - 0 - 0 0 - 1 1 1 1 0 1 1 1 0 1 1 0 0 1 0 1 0 0 0 - - - 0 1 0 0 1 0 1 0 - 0 0 0 1 0 0 0 1 0 0 0 0 1 1 1 - 0 0 1 0 1 1 0 1 1 1 0 0 0 0 0 0 0 - 1 1 0 0 - 1 - 1 1 1 - 1 0 0
  56.9       NODE_102_PO _49336      1 1 1 0 1 0 0 1 0 1 1 0 0 0 0 0 0 0 0 - 1 1 1 0 1 0 1 0 0 0 1 0 - 0 - 0 0 0 1 1 1 1 0 1 1 1 0 1 1 0 0 1 0 1 0 0 0 0 - 0 0 1 0 0 1 0 1 0 1 0 0 0 1 0 0 0 1 0 0 0 0 1 1 1 0 0 0 1 0 1 1 0 1 1 1 0 0 0 0 0 0 1 - 1 1 0 0 0 1 - 1 1 1 - 1 0 0
  59.6       NODE_6830_PO _5570      1 1 1 0 1 0 0 1 0 1 1 0 0 0 0 0 0 0 0 0 1 1 1 0 1 0 1 0 0 0 1 0 - 0 - 0 0 0 1 1 1 1 0 0 1 1 0 1 1 1 0 1 0 1 0 0 0 0 - 0 0 1 0 0 1 0 1 0 1 0 0 0 1 0 0 0 1 0 0 0 0 1 1 1 0 0 0 1 0 1 1 0 1 1 1 0 0 0 0 0 0 1 - 1 1 0 0 - 1 - 1 0 1 - 1 0 0
  60.6       NODE_1536_PO _30403     1 1 1 0 1 0 0 1 0 1 1 0 0 0 0 0 - 0 0 - 1 1 1 0 1 0 1 0 0 0 1 0 - 0 - 0 - 0 1 1 1 1 0 0 - 1 0 1 1 1 0 1 0 1 0 0 0 0 - 0 0 1 0 0 1 0 0 0 1 0 0 0 1 0 0 0 1 0 0 0 0 1 1 1 0 0 0 1 0 1 1 0 1 1 1 0 0 0 0 0 0 1 - 1 1 0 0 - 1 - 1 0 1 - 1 0 0
  62.5       NODE_1536_PO _24735     1 1 1 0 1 0 0 1 0 1 1 0 0 0 0 0 0 0 0 0 1 1 1 0 1 0 1 0 0 0 1 0 - 0 - 0 0 0 1 1 1 1 0 0 1 0 0 1 1 1 0 1 0 1 0 0 0 0 - 0 0 1 0 0 1 0 0 0 1 0 0 0 1 0 0 0 1 0 0 0 0 1 1 1 0 0 0 0 0 1 1 0 1 1 1 0 0 0 0 0 0 1 1 1 1 0 0 - 1 - 1 0 1 - 1 0 0
  67.3       NODE_12176_PO _2098     1 1 1 0 1 0 0 1 1 1 1 1 - 0 0 0 0 0 0 - 1 1 1 0 1 0 1 0 0 0 1 0 - 0 - 1 0 0 1 1 1 1 0 0 - 0 0 1 1 1 0 1 1 1 0 0 0 - - 0 0 1 0 0 1 0 0 0 1 0 0 0 1 0 0 0 1 0 0 0 0 1 1 1 - 0 0 0 0 1 1 0 1 1 1 0 1 0 0 0 - 1 - 1 1 0 0 1 1 - - 0 1 - 1 0 0
  82.3       NODE_2664_PO _6314      1 0 1 0 1 0 0 1 1 1 1 1 0 0 0 0 - 0 0 - 0 1 1 0 0 0 1 0 0 0 1 1 - 0 - 1 0 0 1 1 1 1 0 0 - 0 0 0 1 1 0 0 1 1 0 0 0 0 - 0 0 0 0 0 0 0 0 0 1 1 0 1 1 0 0 1 1 0 0 0 1 1 1 1 0 0 0 0 0 0 1 0 1 1 0 1 1 0 0 0 0 1 1 1 1 0 0 1 1 - 1 0 1 - 1 0 0
  83.3       NODE_1587_PO _19910     1 0 1 0 1 0 0 1 1 1 1 1 0 0 0 0 0 0 0 - 0 1 1 0 0 0 1 0 0 0 1 1 - 0 - 1 0 0 1 1 1 1 0 0 - 0 0 0 1 1 0 0 1 1 0 0 0 - - - 0 0 0 0 0 0 0 0 1 1 0 1 1 0 0 1 1 0 0 0 1 1 1 1 0 0 0 0 0 0 1 0 1 1 - 1 1 0 0 0 0 1 1 1 1 0 0 - 1 - 1 0 1 - 1 1 0
  87.0       NODE_5215_PO _9833      1 0 0 0 1 0 0 1 1 1 1 1 0 0 0 0 0 1 0 - 0 1 1 0 0 0 1 0 0 0 1 1 - 0 - 1 0 0 1 1 1 0 0 0 1 0 0 0 1 1 0 0 1 1 0 0 0 0 - 0 0 0 0 0 0 0 0 0 1 1 0 1 1 0 0 1 1 0 0 0 1 1 1 1 0 1 0 0 0 0 1 0 1 1 0 1 1 0 0 0 0 1 1 1 1 0 0 - 1 - 1 0 1 - 1 1 0
  95.5       NODE_1962_PO _5957      0 0 0 0 1 0 1 0 1 1 1 1 0 0 0 0 - 1 0 0 0 1 1 0 0 0 1 0 1 0 1 1 - 0 - 1 0 0 1 1 1 0 0 0 1 0 0 0 0 1 0 0 1 1 0 0 0 1 - 1 0 0 0 0 0 0 0 0 1 1 0 1 1 1 0 1 1 0 0 0 1 1 1 1 - 1 0 0 0 0 1 0 1 1 0 1 1 0 0 0 0 1 - 0 1 0 0 1 1 - 1 0 1 - 1 1 0
  97.6       NODE_5916_PO _6749      0 0 0 0 1 0 1 0 0 1 1 1 - 0 0 0 - 1 0 - 0 1 1 0 0 0 1 - 1 0 1 - - 0 - 1 0 0 1 1 1 0 0 0 - 0 0 0 0 1 0 - 1 1 0 0 0 1 - - 0 0 0 0 0 0 0 0 - 1 0 - 0 1 0 1 1 0 0 0 1 1 1 1 - 1 0 0 0 0 1 0 1 1 0 1 1 0 0 0 0 1 - 0 1 0 0 - 1 - 1 0 - - 1 1 0
  99.6       NODE_4165_PO _4930      0 0 0 0 1 0 1 0 0 1 1 1 - 0 0 0 0 1 0 - 0 1 1 0 0 0 1 0 1 0 1 - - 0 - 1 0 0 1 1 1 0 0 0 0 0 0 0 0 1 0 0 1 1 0 0 0 1 - 1 0 0 0 0 0 0 0 0 - 1 0 1 0 1 0 1 0 0 0 0 1 1 1 1 0 1 0 0 0 0 1 0 1 1 0 1 1 0 0 0 1 1 - 0 1 0 0 1 1 - 1 0 1 - 1 1 0
  103.4      NODE_393_PO _8650       0 0 0 0 1 0 1 0 0 1 1 1 0 0 1 0 - 1 0 - 0 1 1 0 0 1 1 0 1 0 1 1 1 0 - 0 0 0 1 1 1 0 0 0 0 0 0 0 0 1 0 0 1 1 0 0 0 1 0 1 0 0 0 0 0 0 0 1 1 1 0 1 0 1 0 1 0 0 0 0 1 1 1 1 0 1 0 0 0 0 1 0 1 1 0 1 1 0 0 0 1 1 1 0 1 0 0 1 1 - 1 0 1 - 1 1 0
  104.3      NODE_661_PO _27884      0 0 0 0 1 0 1 0 0 1 1 1 - 0 1 0 - 1 0 - 0 1 1 0 0 1 1 0 1 0 1 1 1 0 - 0 0 0 1 1 1 0 0 0 0 0 0 0 0 1 0 0 1 1 0 0 0 1 - 1 0 0 0 0 0 0 0 1 1 1 0 1 0 1 0 1 0 0 0 0 1 1 1 1 0 1 0 0 0 0 1 0 1 1 0 1 1 0 1 0 1 1 1 0 1 0 0 1 1 - 1 0 1 - 1 1 0
  108.0      NODE_1988_PO _16341     0 0 0 0 1 0 1 0 0 1 1 1 - 0 1 1 0 1 0 - 0 1 1 0 0 1 1 0 1 0 1 1 - 0 - 0 0 0 1 1 1 0 0 0 0 0 0 0 0 1 0 0 0 1 0 0 0 1 - 1 0 0 0 0 1 0 0 1 1 1 0 1 0 1 0 1 0 0 0 0 1 0 1 1 0 1 0 0 0 0 1 0 1 1 0 1 1 0 1 0 1 1 1 0 1 0 0 1 1 - 1 0 1 - 1 1 0
  111.6      NODE_514_PO _36642      0 0 0 0 1 0 1 0 0 0 1 1 0 0 1 1 0 1 1 0 0 1 1 0 0 1 1 0 1 0 1 1 1 0 - 0 0 0 1 1 1 1 0 0 0 0 0 0 0 1 0 1 0 1 0 0 0 1 - 1 0 0 0 0 1 0 0 1 1 1 0 1 0 1 0 1 0 0 0 0 1 0 1 1 0 1 0 0 0 0 1 0 1 1 0 1 1 0 1 0 1 1 1 0 1 0 0 - 1 - 1 0 1 - 1 1 0
  113.5      NODE_1314_PO _9261      0 0 0 1 1 0 1 0 0 0 1 1 0 0 1 1 - 1 1 - 0 1 1 0 0 1 1 0 1 0 1 1 - 0 - 0 0 0 1 1 1 1 0 0 - 0 0 0 0 1 0 1 0 1 - 0 0 - - 1 0 0 0 0 1 0 0 1 1 1 0 1 0 1 0 1 0 0 0 0 1 0 1 1 0 1 0 0 0 0 1 0 1 1 0 1 1 0 1 0 1 1 - 0 1 0 0 1 1 - 1 0 0 - 1 1 0
  116.4      NODE_942_PO _24489      0 0 0 1 1 0 1 0 0 0 1 1 0 0 1 1 - 1 1 - 0 1 1 0 0 1 1 0 1 0 1 1 - 1 - 0 0 0 1 1 1 1 0 0 0 0 0 0 0 1 0 1 0 1 0 0 0 - - 1 0 0 0 0 1 0 0 1 1 1 0 1 0 1 0 1 0 0 0 0 1 0 1 1 - 1 0 0 0 0 1 0 1 1 0 0 1 1 1 0 1 1 - 0 1 0 0 1 1 - 1 0 0 - 1 1 0
  117.4      NODE_4421_PO _12935     0 0 0 1 1 0 1 0 0 0 1 1 0 0 1 1 - 1 1 - 0 1 1 0 0 1 1 0 1 0 1 - - 1 - 0 0 0 1 1 1 1 0 0 - 0 0 0 0 1 0 1 0 1 0 0 0 1 - - 0 0 0 0 1 1 0 1 1 1 0 1 0 1 0 1 0 0 0 0 1 0 1 1 0 1 0 0 - 0 1 0 1 1 0 0 1 1 1 0 1 1 - 0 1 0 0 1 1 - 1 0 0 - 1 1 0
  121.2      NODE_5201_PO _8481      0 0 0 1 1 0 1 0 0 0 1 1 1 0 1 1 - 1 1 - 0 1 0 1 0 1 1 0 1 0 1 1 - 1 - 0 0 0 1 1 1 1 0 0 0 0 0 0 0 0 0 1 0 1 0 0 0 1 - 1 0 0 0 0 1 1 0 1 1 1 0 1 0 1 0 1 0 0 0 0 1 0 1 1 0 1 0 0 0 0 1 0 1 1 0 0 1 1 1 0 1 1 0 0 1 0 0 - 1 - 1 0 0 - 1 1 0
  122.2      NODE_269_PO _35106      0 0 0 1 1 0 1 0 0 0 1 1 - 0 - 1 - 1 1 - 0 1 0 1 0 1 1 0 1 0 1 - - 1 - 0 0 0 1 1 1 1 0 0 - 0 0 0 0 0 0 1 0 1 - 0 0 1 - - 0 0 0 0 1 1 0 1 - 1 0 1 0 1 0 1 0 0 0 0 1 0 0 1 - 1 0 0 0 0 1 0 1 1 0 0 1 1 1 0 - 1 - 0 1 - 0 1 1 - - 0 0 - 1 1 0
  123.3      NODE_1249_PO _33095     0 0 0 1 1 0 1 0 0 0 1 1 1 0 1 1 - 1 1 0 0 1 0 1 0 1 1 0 1 0 1 1 1 1 - 0 0 0 1 1 1 1 0 0 0 0 1 0 0 0 0 1 0 1 0 0 0 - - 1 0 0 0 0 1 1 0 1 1 1 0 1 0 1 0 1 0 0 0 0 1 0 0 1 0 1 0 0 0 0 1 0 1 1 0 0 1 1 1 0 - 1 0 0 1 0 0 - 1 - 0 0 0 - 1 1 0
  124.2      NODE_2710_PO _13226     0 0 0 1 1 0 1 0 0 0 1 1 - 0 1 1 - 1 1 - 0 1 0 1 0 1 1 0 1 0 1 1 - 1 - 0 0 1 1 1 1 1 0 0 - 0 1 0 0 0 0 1 0 1 0 0 0 1 - 1 - 0 0 0 1 1 0 1 1 1 0 1 0 1 0 1 0 0 0 0 1 0 0 1 0 1 0 0 0 0 1 0 1 1 0 0 1 1 1 0 1 1 - 0 1 0 0 1 1 - 0 0 0 - 1 1 0
  126.1      NODE_3165_PO _1668      0 0 0 1 1 0 1 0 0 0 1 1 1 0 1 1 - 1 1 - 0 1 0 1 0 1 1 0 1 0 1 1 - 1 - 0 0 1 1 1 1 1 0 0 - 0 1 0 0 0 0 1 0 1 0 0 0 1 - 1 0 0 0 0 1 1 0 1 1 1 0 1 0 1 0 1 0 0 0 1 1 0 0 1 0 1 0 0 0 0 1 0 1 1 0 0 1 1 1 0 1 1 - 0 1 0 0 1 1 - 0 0 0 - 1 1 1
  131.9      NODE_6426_PO _715       0 0 0 1 1 0 1 0 0 0 1 1 1 1 1 0 - 1 1 - 0 1 0 1 0 1 1 0 1 0 1 1 - 1 - 0 0 1 1 1 1 1 0 0 0 0 1 0 0 0 0 1 0 1 0 0 0 - - 1 0 0 0 0 1 1 0 1 0 1 1 1 0 1 0 1 0 0 0 1 1 0 0 1 0 1 0 0 1 0 1 0 1 1 0 0 1 1 1 0 - 0 - 0 1 0 0 - 1 - - 0 0 - 1 1 1
  134.8      NODE_547_PO _14425      1 0 0 1 1 0 1 0 0 0 1 0 - 1 1 0 0 1 1 - 0 1 0 1 0 1 1 0 1 0 1 - 1 1 - 0 0 1 1 1 1 1 0 0 0 1 1 0 0 0 0 1 0 1 0 0 0 1 - 1 0 0 0 0 1 1 0 1 0 1 1 1 0 1 0 1 0 0 0 1 1 0 0 1 0 1 0 0 1 0 1 0 1 1 0 0 1 1 1 0 1 0 - 0 1 0 0 1 1 - 0 0 0 - 1 1 1
  135.8      NODE_547_PO _21786      1 0 0 1 1 0 1 0 0 0 1 0 - 1 1 0 - 1 1 - 0 1 0 1 0 1 1 0 1 0 1 1 - 1 - 0 0 1 1 1 1 1 0 0 0 1 1 0 0 0 0 1 0 1 0 0 0 1 - 1 0 0 0 0 1 1 0 1 - 1 1 1 0 1 0 1 0 0 0 1 1 0 0 1 0 1 0 0 1 0 1 0 1 1 0 0 1 1 1 0 0 0 - 0 1 0 0 1 1 - 0 0 0 - 1 1 1
  138.6      NODE_547_PO _46948      1 0 0 1 1 0 1 0 0 0 1 0 - 1 1 0 - 1 1 - 0 1 0 1 0 1 1 0 1 0 1 1 1 1 - 0 0 1 1 1 1 1 0 0 0 1 1 0 0 0 0 1 0 1 0 0 0 1 - 1 0 0 0 1 1 0 0 1 0 1 1 1 0 1 0 1 0 0 0 1 1 0 0 1 0 1 0 0 1 0 1 0 1 1 0 0 1 1 1 0 0 0 - 0 1 0 0 1 1 - 0 1 0 - 1 1 1
  141.5      NODE_2427_PO _9166      1 0 0 1 1 0 1 0 0 0 1 0 - 1 1 0 - 1 1 - 0 1 0 1 0 1 0 0 1 0 1 1 - 1 - 0 1 - 1 1 1 1 0 0 0 1 1 0 0 0 0 1 0 1 0 0 0 - - - 0 0 0 1 1 0 0 1 - 1 1 1 0 1 0 1 0 1 0 1 1 0 0 1 - 1 0 0 1 0 1 0 1 1 0 0 1 1 1 0 0 0 - 0 1 0 0 - 1 - 0 1 0 - 1 1 1
  142.5      NODE_402_PO _21851      1 0 0 0 1 0 1 0 0 0 1 0 1 1 1 0 - 1 1 - 0 1 0 1 0 1 0 0 1 0 1 1 - 1 - 0 1 1 1 1 1 1 0 0 0 1 1 0 0 0 0 1 0 1 0 0 0 - - 1 0 0 0 1 1 0 0 1 - 1 1 1 0 1 0 1 0 1 0 1 1 0 0 1 - 1 0 0 1 0 1 0 1 1 0 0 1 1 1 0 0 0 - 0 1 0 0 1 1 - 0 1 0 - 1 1 1
  143.5      NODE_573_PO _37520      1 0 0 0 1 0 1 0 0 0 1 0 - 1 1 0 - 1 1 - 0 1 0 1 0 1 0 0 1 0 1 1 - 1 - 0 1 1 1 1 1 1 0 - 0 1 1 1 0 0 0 1 0 1 0 0 0 - - 1 - 0 0 1 1 0 0 1 0 1 1 1 0 1 0 1 0 1 0 1 1 0 0 1 - 1 0 0 1 0 1 0 1 1 0 0 1 1 1 0 - 0 - 0 1 0 0 1 1 - 0 1 - - 1 1 1
  145.4      NODE_1184_PO _1477      1 0 0 0 1 0 1 0 0 0 1 0 1 1 1 0 0 1 1 0 0 1 0 1 0 1 0 0 1 0 1 1 1 1 - 0 1 1 1 1 1 1 0 0 0 1 1 1 0 0 0 1 0 1 0 0 0 1 - 1 1 0 0 1 1 0 0 0 0 1 1 1 0 1 0 1 0 1 0 1 1 0 0 1 0 1 0 0 1 1 1 0 1 1 0 0 1 1 1 0 0 0 0 0 1 0 0 1 1 - 0 1 0 - 1 1 1
  149.1      NODE_3650_PO _14611     1 0 0 0 1 0 1 0 0 0 1 0 1 1 1 0 - 1 1 - 0 1 0 1 0 1 0 0 1 1 1 1 - 1 - 0 1 1 0 1 1 1 0 0 0 1 1 1 0 0 0 1 0 1 0 0 0 1 - 1 1 0 0 1 1 0 0 0 0 1 1 1 0 1 0 1 0 1 0 1 1 0 0 1 - 1 0 0 1 1 1 0 1 1 0 0 1 1 1 0 0 0 - 0 1 0 0 0 0 - 0 1 0 - 1 1 1
  150.1      NODE_2623_PO _6431      1 0 0 0 1 0 1 0 0 0 1 0 1 1 1 0 0 1 1 - 0 1 1 1 0 1 0 0 1 1 1 1 - 1 - 0 1 1 0 1 1 1 0 0 - 1 1 1 0 0 0 1 0 1 0 0 0 1 1 - 1 0 0 1 1 0 0 0 0 1 1 1 0 1 0 1 0 1 0 1 1 0 0 1 - 1 0 0 1 1 1 0 1 1 0 0 1 1 1 0 0 0 - 0 1 0 0 - 0 - 0 1 0 - 1 1 1
  151.0      NODE_5998_PO _1128      1 0 0 0 1 0 1 0 0 0 1 0 1 1 1 0 0 1 1 - 0 1 1 1 0 1 0 0 1 1 1 1 - 1 - 0 1 0 0 1 1 1 0 0 0 1 1 1 0 0 0 1 0 1 0 0 0 - - 1 1 0 0 1 1 0 0 0 0 1 1 1 0 1 0 1 0 1 0 1 1 0 0 1 0 1 0 0 1 1 1 0 1 1 0 0 1 1 1 0 0 0 - 0 1 0 0 0 0 - 0 1 0 - 1 1 1
  153.8      NODE_978_PO _11934      1 0 0 0 1 0 1 1 0 0 1 0 1 1 0 0 - 1 1 - 0 1 1 1 0 1 1 0 1 1 1 1 - 1 - 0 1 0 0 1 1 1 0 0 0 1 1 1 0 0 0 1 0 1 0 0 0 1 1 1 1 0 0 1 1 0 0 0 - 1 1 1 0 1 0 1 0 1 0 1 1 0 0 1 0 1 0 0 1 1 1 0 1 1 0 0 1 1 1 0 0 0 - 0 1 0 0 0 0 - 0 1 0 - 1 1 1
  154.9      NODE_564_PO _50230      1 0 0 0 1 0 1 1 0 0 1 0 - 1 0 0 - 1 1 - 0 1 1 1 0 1 1 0 1 1 1 - - - - 0 1 0 0 1 1 1 0 0 0 1 1 - 0 0 0 1 0 - - 0 0 - - - - 0 0 1 1 0 0 0 0 1 1 1 0 1 0 1 0 1 - 1 1 0 0 1 - 1 1 0 1 1 1 0 1 1 0 0 1 1 1 0 - 0 - 0 1 0 0 - 0 - - 1 0 - 1 1 1
  156.0      NODE_564_PO _41413      1 0 0 0 1 0 1 1 0 0 1 0 1 1 0 0 - 1 1 - 0 1 1 1 0 1 1 0 1 1 1 1 - 0 - 0 1 0 0 1 1 1 0 0 0 1 1 1 0 0 0 1 0 1 0 0 0 1 - 1 1 0 0 1 1 0 0 0 0 1 1 1 0 1 0 1 0 1 0 1 1 0 0 1 0 0 1 0 1 1 1 0 1 1 0 0 1 1 1 0 0 0 - 0 1 0 0 0 0 - 0 1 0 - 1 1 1
  158.8      NODE_564_PO _1574       1 0 0 1 1 0 1 1 0 0 1 0 - 1 0 0 - 1 1 - 0 1 1 1 0 1 1 0 1 1 1 1 0 0 - 0 1 0 0 1 1 1 0 0 0 1 1 1 0 0 0 1 0 1 0 0 0 1 - - 1 0 0 1 1 0 0 0 0 1 1 1 0 1 1 1 0 1 1 1 1 0 0 1 - 0 1 0 1 1 1 0 1 1 0 0 1 1 1 0 0 0 - 0 1 0 0 0 0 - 0 1 0 - 1 1 1
  159.7      NODE_3132_PO _7804      1 0 0 1 1 0 1 1 0 0 1 0 1 1 0 0 0 1 1 - 0 1 1 1 0 1 1 0 1 1 1 1 0 0 - 0 1 0 0 1 1 1 0 0 0 1 1 1 0 0 0 1 0 1 0 0 0 1 - 1 1 0 0 1 1 0 0 0 0 1 1 1 0 1 1 1 1 1 1 1 1 0 0 1 - 0 1 0 1 1 1 0 1 1 0 0 1 1 1 0 0 0 - - 1 0 0 - 0 - 0 1 0 - 1 1 1
  160.7      NODE_306_PO _26392      1 0 0 1 1 0 1 1 0 0 1 0 - 1 0 0 0 1 1 0 0 1 1 1 0 1 1 0 1 1 1 1 - 0 0 0 1 0 0 1 1 0 0 0 0 1 1 1 0 0 0 1 0 1 0 0 0 1 1 1 1 0 0 1 1 0 0 0 0 1 1 1 0 1 1 1 1 1 1 1 1 0 0 1 0 0 1 0 1 1 1 0 1 1 0 0 1 1 1 0 0 0 - 1 1 0 0 0 0 - 0 1 0 - 1 1 1
  161.6      NODE_458_PO _12185      1 0 0 1 1 0 1 1 0 0 1 0 1 1 0 0 0 1 1 - 0 1 1 1 0 1 1 0 1 1 1 1 - 0 - 0 1 0 0 1 1 0 0 0 0 1 1 1 0 0 0 1 0 1 0 0 1 - - - 1 0 0 1 1 0 0 0 0 1 1 1 0 1 1 1 1 1 1 1 1 0 0 1 0 0 1 0 1 1 1 0 1 1 0 0 1 1 1 0 0 0 - 1 1 0 0 0 0 - - 1 0 - 1 1 1
  162.6      NODE_458_PO _49287      1 0 0 1 1 0 1 1 0 0 1 0 - 1 0 0 - 1 1 - 0 1 1 1 0 1 1 0 1 1 1 1 - - - 0 1 0 0 1 1 0 0 0 0 1 1 1 0 0 0 1 0 1 0 0 1 - - - 1 0 0 1 0 0 0 0 - 1 1 1 0 1 1 1 1 1 1 1 1 0 0 1 - 0 1 0 1 1 1 0 1 1 0 0 1 1 1 0 0 0 - 1 1 - 0 0 0 - 0 1 0 - 1 1 1
  167.5      NODE_732_PO _32859      1 0 0 1 1 0 1 1 0 0 1 0 - 1 0 0 0 1 1 - 0 1 1 0 0 1 1 0 1 1 1 0 0 0 - 0 1 0 0 1 1 0 0 0 1 1 1 1 0 0 0 1 0 1 0 1 1 1 - 1 1 0 0 1 0 0 0 0 0 1 1 1 0 1 1 1 1 1 1 1 1 0 0 1 0 0 1 0 1 1 1 0 1 0 0 0 1 1 1 0 0 0 0 1 1 0 0 0 0 - 0 1 0 - 1 1 1
  174.1      NODE_612_PO _30857      1 0 0 1 0 0 1 1 0 0 1 0 - 1 0 0 - 1 1 0 0 1 1 0 0 1 1 0 1 0 1 0 - 0 - 0 1 1 0 1 1 0 0 0 1 1 1 1 0 0 0 1 0 0 0 1 1 1 - 1 1 1 0 1 0 0 0 0 0 1 1 1 0 1 1 0 1 0 1 1 1 - 0 1 0 0 1 0 1 1 1 0 1 0 0 0 1 1 1 0 0 0 - 1 1 0 0 0 0 - 0 1 0 - 1 1 1
  176.9      NODE_2647_PO _15287     1 0 0 1 0 0 1 1 0 0 1 0 - 1 0 0 0 1 1 0 0 1 1 0 0 1 1 0 1 0 0 0 - 0 - 0 1 1 0 1 1 0 0 0 1 1 1 1 0 0 0 1 0 0 0 1 1 1 - 1 1 1 0 1 0 0 0 0 0 1 1 1 0 1 1 0 1 0 1 1 1 0 0 1 0 0 1 0 1 1 1 0 1 0 0 0 1 1 1 0 0 0 0 1 1 0 0 0 0 - 0 1 1 - 1 0 1
  177.8      NODE_983_PO _23979      1 0 0 1 0 0 1 1 0 0 1 0 1 1 0 0 0 1 1 0 0 1 1 0 0 1 1 0 1 0 0 0 - 0 - 0 1 1 0 1 1 0 0 0 1 1 1 1 0 0 0 1 0 0 0 1 1 1 - 1 1 1 0 1 0 0 0 0 0 1 1 1 0 1 1 0 1 0 1 1 1 0 0 1 0 0 1 0 1 1 1 0 1 0 0 0 1 1 1 0 - 0 - 1 1 0 1 0 0 - - 1 1 - 1 0 1
  178.7      NODE_983_PO _36844      1 0 0 1 0 0 1 1 0 0 1 0 - 1 0 0 0 1 1 0 0 1 1 0 0 1 1 0 1 0 0 0 - 0 - 0 1 1 0 1 1 0 0 0 - 1 0 1 0 0 0 1 0 0 0 1 1 1 0 1 - 1 0 1 0 0 0 0 0 1 1 1 0 1 1 0 1 0 1 1 1 0 0 1 0 0 1 0 1 1 1 0 1 0 0 0 1 1 1 0 0 0 - 1 1 0 1 0 0 - 0 1 1 - 1 0 1
  179.7      NODE_872_PO _12155      1 0 0 1 0 0 1 1 0 0 1 0 - 1 0 0 - 1 1 - 0 1 1 0 0 1 1 0 1 0 0 0 - 0 - 0 1 1 0 1 1 0 0 0 - 1 0 1 0 0 0 0 0 0 0 1 1 1 - - 1 1 0 1 0 0 0 0 - 1 1 1 0 1 1 0 1 0 1 1 1 0 0 1 - 0 1 0 1 1 1 0 1 0 - 0 1 1 1 0 0 0 - 1 1 0 1 0 0 - 0 1 1 - 1 0 1
  183.7      NODE_872_PO _34272      1 0 0 1 0 0 1 1 0 0 1 1 0 1 0 0 - 1 1 0 0 1 1 0 0 1 1 - 1 0 0 0 - 0 - 0 1 1 0 1 1 0 0 0 - 1 0 1 0 0 0 0 0 0 - 1 1 1 - 1 1 1 0 1 0 0 0 1 1 1 1 1 0 1 1 0 1 0 1 1 1 0 0 1 0 0 1 0 1 1 1 1 1 0 0 0 1 1 1 0 0 1 0 1 1 0 1 - 0 - 0 1 1 - 1 0 1
  184.7      NODE_4495_PO _5926      1 0 0 1 0 0 1 1 0 0 1 1 0 1 0 0 0 1 1 - 0 1 1 0 0 1 1 0 1 0 0 0 - 0 - 0 1 1 0 1 1 0 0 0 1 1 0 1 0 0 0 0 0 0 0 1 1 1 0 1 1 1 0 1 0 0 0 1 1 1 1 1 0 1 1 0 1 0 1 1 1 0 0 1 0 0 1 0 0 1 1 1 1 0 0 0 1 1 1 0 0 1 0 1 1 0 1 0 0 - 0 1 1 - 1 0 1
  186.4      NODE_5301_PO _3248      1 0 0 1 0 0 1 1 0 0 1 1 0 0 0 0 0 1 1 - 0 1 1 0 0 1 1 0 1 0 0 0 0 0 - 0 1 1 0 1 1 0 0 0 1 1 0 1 0 0 0 0 0 0 0 1 1 1 0 1 1 1 0 1 0 0 0 1 1 1 1 1 0 1 1 0 1 0 1 1 1 0 0 1 0 0 1 0 0 1 1 1 1 0 0 1 1 1 1 0 0 1 0 1 1 0 1 0 0 - 0 1 1 - 1 0 1
  187.3      NODE_2985_PO _16241     1 0 0 1 0 0 1 1 0 0 1 1 0 0 0 0 0 1 1 - 0 1 1 0 0 1 1 0 1 0 0 0 0 0 - 0 1 1 0 1 1 0 0 0 1 0 0 1 0 0 0 0 0 0 0 1 1 1 - 1 1 1 0 1 0 0 0 1 1 1 1 1 0 1 1 0 1 0 1 1 1 0 0 1 0 0 1 0 0 1 1 1 1 0 0 1 1 1 1 0 0 1 - 1 1 0 1 - 0 - 0 1 1 - 1 0 1
  188.3      NODE_18_PO _147585      1 0 0 1 0 0 1 1 0 0 1 1 - 0 0 0 0 1 1 0 0 1 1 0 0 1 1 0 1 0 0 0 - 0 - 0 1 1 0 1 1 0 0 0 1 0 0 1 0 0 0 0 0 0 0 1 1 - - 1 1 1 0 1 0 0 0 1 1 1 1 1 0 1 1 0 1 0 1 1 1 0 0 1 - 0 1 0 0 1 1 1 1 0 0 1 1 1 1 0 0 1 0 0 1 0 1 1 0 - 0 1 1 - 1 0 1
  192.1      NODE_18_PO _83355       1 0 0 1 0 0 1 1 0 0 1 1 0 0 0 0 - 1 1 - 0 1 1 0 0 1 1 0 1 0 0 0 - 0 - 0 1 1 0 1 1 0 0 0 1 0 0 1 0 0 0 0 0 0 0 1 1 0 - - 1 1 0 1 0 0 0 1 1 1 1 1 0 1 1 0 1 0 1 0 1 0 0 1 0 0 1 0 0 1 1 1 1 0 0 1 0 1 1 0 1 1 - 1 1 0 1 1 0 - 0 1 1 - 1 0 1
  195.1      NODE_72_PO _61672       1 0 1 1 0 0 1 1 0 0 1 1 - 0 0 0 0 0 1 0 0 1 1 0 0 1 1 0 1 0 0 0 - 0 - 0 1 1 0 1 1 0 0 0 1 0 0 1 0 0 0 0 0 0 0 1 - 0 0 0 1 1 0 1 - 0 0 1 1 1 1 1 0 1 1 0 1 0 1 0 1 0 0 1 - 0 1 0 - 1 1 1 1 0 0 1 0 1 1 0 1 1 - 1 1 0 1 - 1 - - 1 1 - 1 0 1
  200.4      NODE_72_PO _24433       1 - 1 1 0 0 1 1 0 0 1 1 - 0 0 1 - 0 1 - 1 1 1 0 0 1 1 0 1 0 0 - - 0 - 0 1 1 0 1 1 0 0 1 - 0 0 1 0 0 0 - 0 0 0 1 1 - - 0 - 1 0 1 0 0 0 1 1 0 1 1 0 1 1 0 1 0 1 0 1 0 0 1 - 0 1 0 0 0 1 1 1 0 0 1 0 1 1 0 - 1 - - 1 0 1 - 1 - 0 1 1 - 1 0 1
  203.5      NODE_6418_PO _7261      1 0 1 1 0 0 1 1 0 0 1 1 - 0 0 1 - 0 1 0 1 1 1 0 0 1 1 0 1 0 0 0 - 0 - 0 1 1 0 1 1 0 1 1 1 0 0 1 0 0 0 0 0 0 0 1 1 - 0 0 1 1 0 1 0 0 0 1 1 0 1 1 0 1 1 0 1 0 1 0 1 1 0 1 0 0 1 0 0 0 1 1 1 0 0 1 0 1 1 0 1 1 - 1 1 0 1 1 1 - 0 1 1 - 0 0 1
  204.4      NODE_10662_PO _2084     1 0 1 1 0 0 1 1 0 0 1 1 0 0 0 1 - 0 1 - 1 1 1 0 0 1 1 0 1 0 0 0 - 0 - 0 1 1 0 1 1 0 1 1 1 0 0 1 0 0 0 0 0 0 0 1 1 0 0 0 1 1 0 0 0 0 0 1 1 0 1 1 0 1 1 0 1 0 1 0 1 1 0 1 - 0 1 0 0 0 1 1 1 0 0 1 0 1 1 0 1 1 - 1 1 0 1 1 1 - 0 1 1 - 0 0 1
  208.2      NODE_10637_PO _1068     1 0 1 1 0 0 0 1 0 0 1 1 0 0 0 1 0 0 1 - 1 1 1 0 0 1 1 0 1 0 0 0 - 0 - 0 1 1 0 1 1 0 1 1 1 0 0 1 0 0 0 0 0 0 0 1 1 0 - - 1 1 0 0 0 0 0 1 - 0 1 0 1 1 1 0 1 0 1 0 1 1 0 1 - 0 1 1 0 0 1 1 1 0 0 1 0 1 1 0 1 1 - 1 1 0 1 1 1 - - 1 1 - 0 0 1
  210.1      NODE_7938_PO _1243      1 0 1 1 0 0 0 1 0 0 1 1 0 0 0 1 0 0 1 - 1 1 1 0 0 1 0 0 1 0 0 0 - 0 - 0 1 1 0 1 1 0 1 1 1 0 0 1 0 0 0 0 0 0 0 1 1 0 - 0 1 1 0 0 0 0 0 0 1 0 1 0 1 1 1 0 1 0 1 0 1 1 0 1 - 0 1 1 0 0 1 1 1 0 0 1 0 1 1 0 1 1 - 1 1 0 1 1 1 - 0 1 1 - 0 0 1
  211.1      NODE_496_PO _15122      1 0 1 1 0 0 0 1 0 0 1 1 - 0 0 1 - 0 1 - 1 1 1 0 0 1 0 0 0 0 0 0 - - - 0 - 1 - 1 1 0 1 1 1 0 0 1 0 0 0 - 0 - 0 1 - 0 - - 1 1 0 0 0 0 0 0 - 0 1 0 1 1 1 0 - 0 1 0 1 - 0 1 0 0 1 1 0 0 1 1 1 0 0 1 0 1 1 - 1 1 - 1 1 0 1 - 1 - 0 1 1 - 0 0 1
  212.2      NODE_212_PO _6951       1 0 1 1 0 0 0 1 0 0 1 1 - 0 0 1 - 0 1 - 1 1 1 0 0 1 0 0 0 0 0 0 - 1 - 0 1 1 - 1 1 0 1 1 1 0 0 1 0 0 0 0 0 0 0 1 1 - - - 1 1 0 0 0 0 0 0 - 0 1 0 1 1 1 0 1 0 1 0 1 1 0 1 - 0 1 1 0 0 1 1 1 0 - 1 0 1 1 0 1 1 - 1 1 0 1 - - - - 1 1 - 0 0 0
  214.2      NODE_212_PO _36285      1 0 1 1 0 0 0 0 0 0 1 1 - 0 0 1 - 0 1 - 1 1 1 0 0 1 0 0 0 0 0 0 - 1 - 0 1 1 0 1 1 0 1 1 1 0 0 1 0 0 0 0 0 0 0 1 1 0 - 0 1 1 0 0 0 0 0 0 1 0 1 0 1 1 1 0 1 0 1 0 1 1 0 1 - 0 1 1 0 0 1 1 1 0 0 1 0 1 1 0 1 0 - 1 1 0 1 1 1 - - 1 1 - 0 0 0
  218.1      NODE_1265_PO _3954      1 0 1 1 0 0 0 0 1 0 1 1 1 0 1 1 - 0 1 - 1 1 1 0 0 1 0 0 0 0 0 0 - 1 - 0 1 1 0 1 1 0 1 1 - 0 0 1 0 0 0 0 0 0 0 1 1 - - 0 1 0 0 0 0 0 0 0 - 0 1 0 1 1 1 0 1 0 1 0 1 1 0 1 - 0 1 1 0 0 1 1 1 0 0 1 0 1 1 0 1 0 - 1 0 0 1 1 1 - 0 1 1 - 0 0 0
  219.1      NODE_2575_PO _5610      1 0 1 1 0 0 0 0 1 0 1 1 0 0 1 1 0 0 1 - 1 1 1 0 0 1 0 0 0 0 0 0 - 1 - 0 1 1 0 1 1 0 1 1 0 0 0 1 0 0 0 0 0 0 0 1 1 0 - 0 1 0 0 0 0 0 0 0 1 0 1 0 1 1 1 0 1 0 1 0 1 1 0 1 - 0 1 1 0 0 1 1 1 0 0 1 0 1 1 0 1 0 - 1 0 0 1 - 1 - 0 1 1 - 0 0 0
  224.0      NODE_1802_PO _12121     1 0 1 1 0 0 0 0 1 0 1 1 0 0 1 1 - 0 1 0 1 1 1 0 0 1 0 0 0 0 0 0 - 1 - 0 1 - 0 1 1 0 1 1 - 0 0 1 0 0 1 0 0 0 0 1 1 0 - 0 - 0 0 0 0 0 0 0 - 0 1 0 1 1 1 0 1 0 1 0 1 1 0 0 0 0 0 1 - 0 1 1 1 0 0 1 0 1 1 0 1 0 - 0 0 0 1 1 1 - 0 1 0 - 0 0 0
  226.1      NODE_10075_PO _1632     1 0 1 1 0 0 0 0 1 0 1 1 - 0 1 1 - 0 1 - 1 1 1 0 0 1 0 0 0 0 0 1 - 1 - 0 1 1 0 1 1 0 1 1 - 0 1 1 0 0 1 0 0 0 - 1 1 0 - - 1 0 0 0 0 0 0 0 - 0 1 0 1 1 1 0 1 0 1 0 1 1 0 0 0 0 0 1 0 0 1 1 1 0 - 1 0 1 - 0 1 0 - - 0 - 1 - 1 - - 1 0 - 0 0 0
  233.4      NODE_5203_PO _4497      1 0 1 1 0 0 0 0 1 0 1 1 0 0 1 1 0 0 1 - 1 0 1 1 0 0 0 0 0 0 0 1 - 1 - 0 1 1 0 1 1 1 1 1 0 0 1 1 1 0 1 0 0 0 0 1 1 0 0 0 1 1 0 0 0 0 0 0 1 0 1 0 1 1 1 0 1 0 1 0 1 1 0 0 - 0 0 1 0 0 1 1 0 0 1 1 0 1 1 0 1 0 0 0 0 0 1 1 1 - 0 1 0 - 0 0 0
  234.3      NODE_3715_PO _9948      1 0 1 1 0 0 0 0 1 0 1 1 - 0 1 1 - 0 1 - 1 0 1 1 0 0 0 0 0 0 0 1 - 1 - 0 1 1 0 1 1 1 1 1 - 0 1 1 1 0 1 0 0 1 - 1 1 - - - 1 1 0 0 0 0 0 0 1 0 1 0 1 1 1 0 1 0 1 0 1 1 0 0 - 0 0 1 0 0 1 1 0 0 1 1 0 1 1 0 1 0 - 0 0 0 1 - 1 - 0 1 0 - 0 0 0
  236.3      NODE_661_PO _47959      1 - 1 1 0 0 0 0 1 0 1 1 0 0 1 1 0 0 1 - 1 0 1 1 0 0 0 1 0 1 0 1 - 1 - 0 1 1 0 1 1 1 1 1 - 0 1 1 1 0 1 0 0 1 - 1 1 0 0 0 1 1 0 0 0 0 0 0 1 0 1 0 1 1 1 0 1 0 1 0 1 1 0 0 - 0 0 1 0 0 1 1 0 0 1 1 0 1 1 0 1 0 - 0 0 0 1 - 1 - 0 1 0 - 0 0 0
  241.7      NODE_238_PO _3424       0 0 1 1 0 0 0 0 1 0 1 1 - 0 1 1 - 0 0 - 1 0 1 1 0 0 0 1 0 1 0 1 - 1 - 0 1 1 - 1 1 1 0 1 0 0 1 1 1 0 1 0 0 1 0 1 1 0 - - - 1 0 0 0 0 0 0 - 0 1 0 1 1 1 0 1 0 1 0 0 1 0 0 - 0 0 1 0 0 1 1 0 0 - - 0 1 1 0 - 0 - 0 0 0 1 0 - - 0 0 - - 0 0 0
  253.1      NODE_2957_PO _10403     0 1 1 1 0 0 0 0 1 0 1 1 0 1 0 1 - 0 0 0 1 0 1 1 0 0 0 1 0 1 0 1 - 1 - 0 0 1 0 1 1 1 0 1 0 0 1 1 1 0 0 0 0 1 0 0 1 0 1 1 1 1 1 0 0 0 0 0 1 0 1 0 1 1 1 0 1 1 1 0 0 1 0 0 - 0 0 1 0 0 1 1 0 0 1 1 1 0 0 0 0 0 - 0 0 0 1 0 1 - 0 0 0 - 0 0 0
  258.8      NODE_2622_PO _1767      0 1 0 1 0 0 0 0 0 0 1 1 0 1 0 1 - 1 0 - 1 0 1 1 0 0 0 1 0 1 0 1 - 1 - 0 0 1 0 1 1 1 0 1 0 0 1 1 1 0 0 0 0 1 0 0 1 1 - - 1 1 1 0 0 0 0 1 - 0 1 0 1 1 1 0 1 1 1 0 0 1 0 0 0 0 0 1 0 0 1 1 0 0 1 1 1 0 0 0 - 0 - 0 0 0 1 0 1 - 0 0 0 - 0 0 1
  269.8      NODE_1069_PO _21822     0 1 0 1 0 0 0 0 0 0 1 1 0 1 0 1 0 1 0 - 0 0 1 1 0 0 1 1 0 1 0 1 - - - 1 0 1 0 1 1 1 0 0 0 0 1 0 1 0 0 1 0 1 0 0 1 1 1 - 1 1 1 1 0 0 0 1 0 0 0 0 0 1 1 0 1 1 1 0 0 0 0 0 0 0 0 1 0 0 0 1 0 0 1 1 1 0 0 0 - 0 - - 0 0 1 - 1 - - 0 0 - 0 0 1
  270.7      NODE_11223_PO _2547     0 1 0 1 0 0 0 0 0 0 1 1 0 1 0 1 0 1 0 0 0 0 1 1 0 0 1 1 0 1 0 1 0 1 - 1 0 1 0 1 1 1 0 0 0 0 1 0 1 0 0 1 0 1 0 0 1 1 - 1 1 1 1 1 0 0 0 1 0 0 0 0 0 1 1 0 1 1 1 0 0 0 0 0 0 0 0 1 0 0 0 1 0 0 1 1 1 0 0 1 0 0 - 0 0 0 1 0 1 - 0 0 0 - 0 0 1
  272.7      NODE_4592_PO _8301      0 1 0 1 0 0 0 0 0 0 1 1 - 1 0 1 - 1 0 - 0 0 1 1 0 0 1 1 0 1 0 1 - 1 - 1 0 - 0 1 1 1 0 0 0 0 1 0 1 0 0 1 0 1 0 0 1 1 - 0 - 1 1 1 0 0 0 1 - 0 0 0 0 1 1 0 1 1 1 0 0 0 0 0 - 0 0 1 0 0 0 1 0 0 1 1 1 0 0 1 0 0 - 0 0 0 1 1 1 - - 0 0 - 0 0 1
  278.6      NODE_3627_PO _15480     0 1 0 1 0 0 0 0 1 0 1 1 0 1 0 1 - 1 0 - 0 0 1 1 0 0 1 1 0 1 0 1 - 1 - 1 0 - 0 0 1 1 0 0 0 0 1 1 1 0 0 1 0 1 0 0 1 0 - - 1 1 1 1 0 0 0 1 0 0 1 0 0 1 1 0 1 1 1 1 0 0 0 0 0 0 0 1 0 0 0 1 0 0 1 1 1 0 0 1 0 0 - 0 0 0 1 - 1 - 0 0 0 - 0 0 1
  283.5      NODE_3803_PO _14975     0 1 0 1 0 0 0 0 1 0 1 1 0 1 0 1 - 1 0 0 0 0 1 1 0 0 1 0 0 1 0 1 - 1 - 1 0 1 0 0 1 1 0 1 0 0 1 1 1 0 0 1 0 1 0 0 1 - - 1 1 1 1 1 0 0 0 1 1 0 1 0 0 1 1 0 1 1 1 1 0 0 0 0 0 0 0 1 1 0 0 1 0 0 1 0 1 0 0 1 - 0 - 0 0 0 1 0 1 - - 0 0 - 0 0 1
  286.4      NODE_4324_PO _5693      0 1 0 1 0 0 0 0 1 0 1 1 0 1 0 1 - 1 0 - 0 0 1 1 0 0 1 0 0 0 0 1 - 1 - 1 0 1 0 0 1 1 0 1 0 0 1 1 1 0 0 1 0 1 0 0 1 0 1 - 1 1 1 1 0 0 0 1 1 0 1 1 0 1 1 0 1 1 1 1 0 0 0 0 - 0 0 1 1 0 0 1 0 0 1 0 0 0 0 1 0 0 - 0 0 0 1 0 1 - 0 0 0 - 0 0 1
  298.6      NODE_3097_PO _19058     0 1 0 0 1 0 0 0 1 0 1 1 0 1 0 0 - 1 0 - 0 0 1 0 0 0 1 - 0 0 0 - - 0 - 1 0 1 0 0 0 1 0 1 - 0 1 1 1 0 1 1 0 1 0 0 1 0 1 0 1 1 1 1 0 0 0 1 1 0 1 0 0 1 1 0 1 1 1 1 0 - 1 1 1 0 0 1 1 1 0 1 0 0 1 0 0 0 0 1 - 0 - - 0 0 1 - 1 - - 1 0 - 0 0 1
  301.6      NODE_3825_PO _4523      0 1 0 0 1 0 0 0 1 0 1 1 - 1 0 0 - 1 0 0 0 0 1 0 0 0 1 0 0 0 0 1 1 0 - 0 0 1 0 0 0 1 0 1 0 0 1 1 1 0 1 1 0 1 0 0 1 0 - 0 1 1 1 1 0 0 1 1 1 0 1 1 0 1 1 0 1 1 1 1 0 1 1 1 - 0 0 1 1 1 0 1 0 0 1 0 0 0 0 1 0 0 0 0 0 0 1 1 1 - 0 1 0 - 0 0 1
  303.7      NODE_8978_PO _5664      0 1 0 0 1 0 0 0 1 0 1 1 - 1 0 0 - 1 0 - 0 0 1 0 0 0 1 0 0 0 0 1 - 0 - 0 0 - 0 0 0 1 0 1 - 0 1 1 1 0 1 0 0 1 0 0 1 0 - 0 1 1 1 1 0 0 1 1 - 0 1 1 0 1 1 0 1 1 1 1 0 - 1 1 - 0 0 1 - 1 0 1 0 1 1 0 0 0 0 1 - 0 - 0 0 0 1 1 1 - - 1 0 - 0 0 1
  312.9      NODE_10095_PO _716      0 1 0 0 1 0 0 0 1 0 1 1 - 1 0 0 - 0 0 - 0 0 1 0 0 0 1 0 1 0 0 1 - 0 - 0 0 1 0 0 0 0 1 1 0 0 1 1 1 0 1 0 0 0 0 0 1 - - - 0 1 1 1 0 0 1 1 1 0 1 1 0 1 1 0 1 1 1 1 0 - 1 1 - 0 0 1 1 1 0 1 1 1 1 0 0 0 1 1 0 0 - 0 0 0 1 1 0 - 0 1 0 - 0 0 1
  316.8      NODE_1936_PO _28620     0 1 0 0 1 0 0 0 1 0 1 1 - 1 1 0 - 0 0 - 0 0 1 0 0 0 1 0 1 0 0 1 - 0 - 0 1 0 0 0 0 0 1 1 0 0 1 1 1 0 1 0 1 0 0 0 1 - - - 0 1 1 1 0 0 1 1 1 0 1 1 0 1 1 0 1 1 1 1 0 1 1 1 - 0 0 1 1 1 0 1 1 1 1 0 0 0 1 1 0 0 - 0 0 0 1 1 0 - 0 1 0 - 0 0 1
  318.7      NODE_1372_PO _13031     0 1 0 0 1 0 0 0 1 0 1 1 - 1 1 0 1 0 0 - 0 0 1 0 0 0 1 0 1 0 0 1 - 0 - 0 1 0 0 0 0 0 1 1 0 0 1 1 1 0 1 0 1 0 0 0 1 - - - - 1 1 1 0 0 1 1 - 0 1 1 0 1 1 0 1 1 1 1 0 1 1 1 - 0 1 1 1 1 0 1 1 1 1 0 0 0 1 0 0 0 - 0 0 0 1 1 - - 0 1 0 - 0 0 1
  319.7      NODE_4726_PO _8580      0 1 0 0 1 0 0 0 1 0 1 1 - 1 1 0 1 0 0 0 0 1 1 0 0 0 1 0 1 0 0 1 - 0 - 0 1 0 0 0 0 0 1 1 0 0 1 1 1 0 1 0 1 0 0 0 1 0 - 0 0 1 1 1 0 0 1 1 1 0 1 1 0 1 1 0 1 1 1 1 0 1 1 1 - 0 1 1 1 1 0 1 1 1 1 0 0 0 1 0 0 0 0 0 0 0 1 1 0 - 0 1 0 - 0 0 1
  323.5      NODE_9197_PO _4556      0 1 0 0 1 0 0 0 1 0 1 1 1 1 1 0 - 0 0 - 0 1 1 0 0 0 1 0 1 1 0 1 - 0 - 0 1 0 0 0 0 0 1 1 0 0 1 1 1 0 1 0 1 0 0 0 1 0 - 0 0 1 1 1 0 0 1 1 1 0 1 1 0 1 1 1 1 0 1 1 1 1 1 1 - 0 1 1 1 1 0 1 1 1 1 0 0 0 1 0 0 0 - 0 0 0 1 1 0 - 0 1 0 - 0 0 1
  327.4      NODE_2190_PO _25466     0 1 0 0 1 0 0 0 1 0 1 1 1 1 1 0 - 0 0 - 1 1 1 0 0 0 1 0 1 - 0 1 - - - 0 1 0 0 0 0 0 1 1 - 1 1 1 1 0 1 0 1 0 0 0 1 0 - 0 - 1 1 0 0 0 1 1 - 1 1 1 0 1 1 1 1 0 1 1 1 1 1 1 - 0 1 1 1 1 0 1 1 1 1 0 0 0 1 0 0 0 - 0 0 - 1 1 0 - - 1 0 - 0 0 1
  328.5      NODE_4769_PO _3334      0 1 0 0 1 0 0 0 1 0 1 1 - 1 1 0 - 0 0 - 1 - 1 0 0 0 1 0 1 1 0 1 - 0 - 0 1 0 0 0 0 0 1 1 - 1 1 1 1 0 1 0 1 - - 0 1 - - - - 1 1 0 0 0 1 1 - 1 1 - 0 1 1 1 1 0 1 0 1 1 1 1 - 0 1 1 1 1 0 1 1 1 1 - 0 0 1 0 0 0 - 0 0 0 1 1 0 - 0 1 0 - 0 0 1
  329.5      NODE_11348_PO _1458     0 1 0 0 0 0 0 0 1 0 1 1 - 1 1 0 1 0 0 0 1 1 1 0 0 0 1 0 1 1 0 1 - 0 - 0 1 0 0 0 0 0 1 1 0 1 1 1 1 0 1 0 1 0 0 0 1 0 1 0 0 1 1 0 0 0 1 1 1 1 1 1 0 1 1 1 1 0 1 0 1 1 1 1 - 0 1 1 1 1 0 1 1 1 1 0 0 0 1 0 0 0 0 0 0 0 1 1 0 - 0 1 0 - 0 0 1
  334.5      NODE_8675_PO _3167      0 1 0 0 0 0 0 0 1 0 1 1 0 0 1 0 - 0 0 - 1 1 1 0 0 0 1 - 1 - 0 0 - 0 - 0 1 0 - 0 0 0 1 1 - 1 1 1 1 0 1 0 1 0 0 0 - 0 - - 1 1 1 0 1 0 1 1 1 1 1 1 0 1 1 1 1 0 1 0 1 1 1 1 - 0 1 1 0 1 0 1 1 1 1 0 0 0 1 0 0 0 - 0 0 0 1 1 0 - 0 1 0 - 0 0 1
  342.9      NODE_5757_PO _1440      0 1 0 0 0 0 0 0 1 0 1 1 - 0 1 0 - 0 0 - 1 1 1 1 0 0 1 - 1 1 0 0 - 0 - 0 - 0 0 0 0 0 1 0 0 1 1 1 0 0 0 0 0 0 0 0 1 0 - - 1 1 1 0 1 0 1 1 1 1 0 - 0 1 1 1 1 0 1 0 1 - 1 1 1 0 1 1 0 1 0 1 1 1 1 0 0 0 1 0 0 1 - - 0 0 0 1 0 - - 1 0 - 0 0 1
  343.9      NODE_775_PO _8493       0 1 0 0 0 0 0 0 1 0 1 1 0 0 1 0 0 0 0 0 1 1 1 1 0 0 1 0 1 1 0 - 0 0 - 0 1 0 0 0 0 0 1 0 0 1 1 1 0 0 0 0 0 0 0 0 1 0 0 0 1 1 1 0 1 0 1 1 1 1 0 1 0 1 1 1 1 0 1 0 1 0 1 1 0 0 1 1 0 1 0 1 1 1 1 0 0 0 1 0 0 1 - 0 0 0 0 1 0 - 0 1 0 - 0 0 1
  344.8      NODE_3177_PO _6175      0 1 0 0 0 0 0 0 1 0 1 1 - 0 1 0 0 0 0 - 1 1 1 1 0 0 1 0 1 1 0 0 0 0 - 0 1 1 0 0 0 0 1 0 - 1 1 1 0 0 0 0 0 0 0 0 1 0 0 0 1 1 1 0 1 0 1 1 1 1 0 1 0 1 1 1 1 0 1 0 1 0 1 1 - 0 1 1 0 1 0 1 1 1 1 0 0 0 1 0 0 1 - - 0 0 0 - 0 - 0 1 0 - 0 0 1
  346.8      NODE_11748_PO _923      0 1 0 0 0 0 0 0 1 0 1 1 0 0 1 0 0 0 0 0 1 1 1 1 0 0 1 0 1 1 0 0 - 0 - 0 1 0 0 0 0 0 1 0 0 1 1 1 0 0 0 0 0 0 0 0 0 0 - 0 1 1 1 0 1 0 1 1 1 1 0 1 0 1 1 1 1 0 1 0 1 0 1 1 - 0 1 1 0 1 0 1 1 1 - 0 0 0 1 0 0 1 - 0 0 0 0 1 0 - 0 1 0 - 0 0 1
  350.9      NODE_8625_PO _2324      0 - 0 0 0 0 0 0 1 0 1 1 - 0 1 0 - 0 0 - 1 1 1 - 0 0 1 0 1 1 0 - - 0 - 0 1 0 0 0 0 0 1 0 0 1 1 - 0 0 0 1 0 0 - 0 0 - - - 1 1 1 0 1 0 1 1 - 1 0 1 0 1 1 1 1 1 1 0 1 0 1 1 - 0 1 1 0 1 0 1 1 1 1 0 0 1 1 0 - 1 - 0 1 0 0 1 0 - - 1 0 - 0 0 1
  352.0      NODE_1859_PO _3600      0 1 0 0 0 0 0 0 1 0 1 1 0 0 1 0 0 0 0 - 1 1 1 1 0 0 1 0 1 1 0 0 - 0 - 0 1 0 0 0 0 1 1 0 0 1 1 1 0 0 0 1 0 0 - 0 0 1 - - 1 1 1 0 1 0 1 1 - 1 0 1 0 1 1 1 1 1 1 0 1 0 1 1 - 0 1 1 0 1 0 1 1 1 1 0 0 1 1 0 0 1 - 0 1 0 0 1 0 - 0 1 0 - 0 0 1
  352.9      NODE_4420_PO _2456      0 1 0 0 0 0 0 0 1 0 1 1 0 0 1 0 0 0 0 - 1 1 1 1 0 0 1 0 1 1 0 0 - 0 - 0 1 0 0 0 0 1 1 0 0 1 1 1 0 0 0 1 0 0 0 0 0 1 - - 1 1 1 0 1 0 1 1 1 1 0 1 0 1 1 1 1 1 1 0 1 0 0 1 - 0 1 1 0 1 0 1 1 1 1 0 0 1 1 0 0 1 - 0 1 0 0 - 0 - 0 1 0 - 0 0 1
  353.9      NODE_650_PO _3812       0 1 0 0 0 0 0 0 1 0 1 1 - 0 1 0 0 0 0 - 1 1 1 1 0 0 1 0 1 1 0 0 - 0 - 0 1 0 0 0 0 1 1 0 - 1 1 1 0 0 0 1 0 0 0 0 0 1 - 0 1 1 1 0 1 0 1 - - 1 0 1 0 1 1 1 1 1 1 0 1 0 0 1 - 0 1 1 0 1 0 1 1 1 1 0 0 1 1 - 0 1 - 0 1 1 0 1 0 - 0 1 0 - 0 0 1
  354.9      NODE_8823_PO _6039      0 1 0 0 0 0 0 0 1 0 1 1 0 0 1 0 0 0 0 0 1 1 1 1 0 0 1 0 1 1 0 - - 0 - 1 1 0 0 0 0 1 1 0 - 1 1 1 0 0 0 1 0 0 - 0 0 1 0 0 1 1 1 0 1 0 1 1 1 1 0 1 0 1 1 1 1 1 1 0 1 0 0 1 - 0 1 1 0 1 0 1 1 1 1 0 0 1 1 0 0 1 0 0 1 1 0 1 0 - - 1 0 - 0 0 1
  355.8      NODE_4332_PO _9321      0 1 0 0 0 0 0 0 1 0 1 1 0 0 1 0 0 0 0 - 1 1 1 1 0 0 1 0 1 1 0 0 0 1 - 1 1 0 0 0 0 1 1 0 0 1 1 1 0 0 0 1 0 0 0 0 0 1 - 0 1 1 1 0 1 0 1 1 1 1 0 1 0 1 1 1 1 1 1 0 1 0 0 1 - 0 1 1 0 1 0 1 1 1 1 0 0 1 1 0 0 1 - 0 1 1 0 1 0 - 0 1 0 - 0 0 1
  358.6      NODE_1299_PO _12982     0 0 0 0 0 0 0 0 1 0 1 1 0 0 1 0 - 0 0 - 1 1 1 1 0 0 1 0 0 1 0 0 - 1 - 1 1 0 0 0 0 1 1 0 0 1 1 1 0 0 0 - 0 0 0 0 0 1 - 0 1 1 1 0 1 0 1 1 1 1 0 1 0 1 1 1 1 1 1 0 1 0 0 1 1 0 1 1 0 1 0 1 1 1 1 0 0 1 1 1 0 1 - 0 1 1 0 1 0 - 0 1 0 - 0 0 1
  363.3      NODE_3757_PO _6606      0 0 0 0 0 0 0 0 1 0 1 1 0 0 1 0 - 0 0 - 1 1 1 1 0 0 1 0 0 1 0 0 - 1 - 1 0 0 0 0 0 1 1 0 0 1 1 1 0 0 0 1 0 0 0 1 0 1 - 0 1 1 1 0 1 1 1 1 1 1 0 1 0 1 1 1 1 1 1 0 1 0 0 1 0 0 1 1 0 1 0 1 1 1 1 1 0 1 1 1 0 1 - 0 1 1 0 1 0 - 0 1 0 - 0 0 1
  365.1      NODE_3215_PO _1920      0 0 0 0 0 0 0 0 1 0 1 1 - 0 1 0 - 0 0 - 1 1 1 1 0 0 0 0 0 1 0 0 - 1 - 1 0 0 0 0 0 1 1 0 0 1 1 1 0 0 0 1 0 1 0 1 0 1 - 0 1 1 1 0 1 1 1 1 - 1 0 1 0 1 1 1 1 1 1 0 1 0 0 1 - 0 1 1 0 1 0 1 1 1 1 1 0 1 1 1 0 1 - 0 1 1 0 1 0 - 0 1 0 - 0 0 1
  366.1      NODE_124_PO _69996      0 0 0 0 0 0 0 0 1 0 1 1 0 0 1 0 0 0 0 - 1 1 1 1 0 0 0 0 0 1 0 - 0 1 - 1 0 0 0 0 0 1 1 0 0 1 1 1 0 0 0 1 0 0 0 1 0 1 - - 1 1 1 0 1 1 1 1 1 1 0 1 0 1 1 1 1 1 1 0 1 0 0 1 1 0 1 1 0 1 0 1 1 1 1 1 0 1 1 - 0 1 - 0 1 1 0 - 0 - - 1 0 - 0 0 1
