  0.0        NODE_3343_PO _10904      1 0 0 0 1 0 0 1 1 1 0 1 1 1 1 1 0 0 0 1 0 1 1 0 1 1 0 0 0 1 0 0 - 1 - 1 1 0 0 0 0 0 1 1 0 1 1 0 1 0 0 1 1 1 0 0 0 1 - - 0 0 1 0 1 1 0 1 1 1 0 1 0 0 0 0 0 0 0 0 1 1 0 1 0 0 1 0 1 0 0 0 0 1 1 0 0 0 0 1 0 1 - 0 0 1 1 0 1 - 1 0 - - 0 1 0
  1.9        NODE_1996_PO _28741      1 0 0 0 1 0 0 1 1 1 0 1 1 1 1 1 0 0 0 - 0 1 1 0 1 1 0 0 0 1 0 0 - 1 - 1 1 0 0 0 0 0 1 1 - 1 0 0 1 0 0 1 1 1 0 0 0 1 0 1 0 0 1 0 1 1 0 1 1 1 0 1 0 0 0 0 0 0 0 0 1 1 0 0 0 0 1 0 1 0 0 0 0 1 - 0 0 0 0 1 0 1 - 0 0 1 1 - 1 - 1 0 0 - 0 1 0
  5.9        NODE_1429_PO _20064      1 0 0 0 1 0 0 1 1 1 0 1 1 1 1 1 0 0 0 0 0 1 1 0 1 1 0 - 1 0 0 0 - 1 - 1 1 0 0 0 0 0 1 1 - 1 0 0 1 0 0 - 1 1 0 0 0 1 - 1 0 0 1 0 1 1 0 1 - 1 0 1 0 0 0 0 0 1 0 0 0 - 0 0 - 0 1 0 1 0 0 0 0 1 1 0 0 0 0 1 0 1 - 0 0 1 1 0 1 - - 0 0 - 0 1 0
  16.9       NODE_12852_PO _536       1 0 0 0 0 0 0 1 1 0 0 1 1 1 1 1 0 0 0 - 1 1 1 0 1 1 0 0 1 0 0 0 - 1 - 1 1 0 0 0 0 0 1 1 - 1 0 0 1 0 0 0 1 1 1 0 0 - - 1 0 0 1 0 1 1 0 1 - 0 0 1 0 1 0 0 0 1 0 0 0 1 0 0 0 0 1 0 1 0 0 1 0 1 - 0 0 0 0 0 0 1 - 1 1 1 1 0 1 - 1 0 0 - 1 1 0
  17.9       NODE_5251_PO _9127       1 0 1 0 0 0 0 1 1 0 0 1 1 1 1 1 0 0 0 - 1 1 1 0 1 1 0 0 1 0 0 - - 1 - 1 1 0 0 0 0 0 1 1 - 1 0 0 1 0 0 0 1 1 1 0 0 1 - 1 0 0 1 0 1 1 0 1 - 0 0 1 0 1 0 0 0 1 0 0 0 1 0 0 - 0 1 0 1 0 0 1 0 1 1 0 0 0 0 0 0 1 - 1 1 1 1 0 1 - 1 0 0 - 1 1 0
  24.9       NODE_8360_PO _6237       0 0 1 0 0 0 0 0 1 0 0 1 1 1 1 1 - 0 0 - 1 1 1 0 1 1 0 0 1 0 0 0 - 1 - 1 1 - 0 0 0 0 0 1 1 1 0 0 1 0 0 0 1 1 1 0 0 1 - 1 - 0 0 0 1 1 0 1 - 0 0 1 0 1 0 0 0 1 1 0 0 - 0 0 - 1 1 0 1 0 0 1 0 1 1 0 0 0 0 0 0 1 - 1 1 1 0 - 1 - 1 0 0 - 1 1 0
  28.9       NODE_1247_PO _19260      0 0 1 1 0 0 0 0 1 0 0 1 1 1 1 1 - 0 0 - 1 1 1 0 1 0 0 0 1 0 0 0 - 1 - 1 1 0 0 0 0 0 0 1 - 1 0 0 1 0 0 0 1 1 1 0 - 1 - - 0 0 0 0 1 1 0 1 - 0 0 1 0 1 0 0 0 1 1 0 0 1 0 0 1 1 1 0 1 0 0 1 0 0 1 0 0 0 0 0 0 1 0 1 1 1 0 0 1 - 1 0 1 - 1 1 0
  41.8       NODE_7199_PO _251        0 0 1 1 0 1 0 0 1 0 0 1 1 1 0 1 - 0 1 - 1 0 1 0 1 0 0 0 1 0 0 0 - - - 1 1 0 0 0 0 0 0 1 1 1 0 1 1 1 0 0 1 1 1 0 0 1 - 1 0 0 0 1 1 1 1 1 1 0 0 1 0 1 0 0 0 1 0 1 0 1 0 0 1 1 1 0 1 0 0 1 0 0 1 0 1 0 0 0 1 1 - 1 1 1 0 0 1 - - 0 0 - 1 1 0
  47.6       NODE_104_PO _51737       0 0 1 1 0 1 0 0 1 0 0 1 - 0 0 1 0 0 1 - 1 0 1 0 1 0 0 0 1 0 0 0 - 1 - 1 0 0 0 0 0 0 0 1 1 1 0 1 1 1 1 0 1 1 1 0 0 1 - - 0 1 0 1 1 1 1 1 - 0 0 1 0 0 0 0 0 1 0 1 0 1 0 0 - 1 1 0 1 0 0 1 0 0 0 0 1 0 0 0 1 1 - 1 1 1 0 0 1 - 1 0 0 - 1 1 0
  48.6       NODE_104_PO _33103       0 0 1 1 0 1 0 0 1 0 0 1 - 0 0 1 0 0 1 - 1 0 1 0 1 0 0 0 1 0 0 0 0 1 - 1 0 0 0 0 0 0 0 1 1 1 0 1 1 1 1 0 1 1 1 0 0 1 - 1 0 1 0 1 1 1 1 1 1 0 0 1 0 0 0 0 0 1 0 1 0 1 0 0 1 1 1 0 1 0 0 1 0 0 0 0 1 0 0 0 1 1 - 1 1 1 0 0 0 - 1 0 0 - 1 1 0
  50.5       NODE_3334_PO _7317       0 0 1 1 0 1 0 0 1 0 0 1 - 0 0 1 - 0 1 - 1 0 1 0 1 0 0 0 1 0 0 0 - 1 - 1 0 0 0 0 0 0 0 1 1 1 0 1 1 1 1 0 1 1 1 0 0 - - 1 0 1 0 1 1 1 1 1 1 1 0 1 0 0 0 0 0 1 0 1 0 - 0 0 - 1 1 0 1 0 1 1 0 0 0 0 1 0 0 0 1 1 - 1 1 1 0 0 0 - 1 0 0 - 1 1 0
  53.5       NODE_559_PO _26725       0 0 1 1 0 1 0 0 1 0 0 1 - 0 0 1 - 0 1 - 1 0 1 0 1 0 0 0 1 0 0 - - - - 1 0 0 - 0 0 0 1 1 1 1 0 1 1 1 1 0 1 1 - 0 0 1 0 1 0 1 0 1 1 1 1 1 - 1 0 1 0 0 0 0 0 1 0 1 1 1 0 0 - 1 - 0 1 1 1 1 0 0 0 0 1 0 0 0 1 1 - 1 1 1 0 0 0 - 1 0 - - 1 1 0
  55.6       NODE_885_PO _3575        0 0 1 1 0 1 0 0 1 0 0 1 1 0 0 1 - 0 1 - 1 0 1 0 1 0 0 0 1 0 0 0 1 1 - 1 0 1 0 0 0 0 1 1 1 1 0 1 1 1 1 0 1 1 1 0 0 1 - 1 0 1 0 1 1 1 1 1 1 1 0 1 0 0 0 0 0 1 0 1 1 1 0 0 1 1 1 0 1 1 1 1 0 0 0 0 1 0 0 0 1 0 - 1 1 1 0 - 0 - 1 0 0 - 1 1 0
  57.4       NODE_328_PO _44748       0 0 1 1 0 1 0 0 1 0 0 1 - 0 0 0 - 0 1 - 1 0 1 0 1 0 0 0 1 0 0 0 - 1 - 1 0 1 0 0 0 0 1 1 1 1 0 1 1 1 0 0 1 1 1 0 0 1 - 1 0 1 0 1 1 1 1 1 1 1 0 1 0 0 0 0 0 1 0 1 1 1 0 0 1 1 1 0 1 1 1 1 0 0 0 0 1 0 0 0 1 0 - 1 1 1 0 - 0 - 1 0 0 - 1 1 0
  60.6       NODE_6268_PO _9383       0 0 1 1 0 1 0 0 1 0 0 1 1 0 0 0 - 0 1 - 1 0 1 0 1 0 0 0 1 1 0 0 1 1 - 1 0 - 0 0 0 0 1 1 - 1 0 - 1 1 0 0 1 - 1 0 0 1 - - 0 1 0 1 - 1 1 1 - 1 0 1 0 0 0 0 0 - 0 1 1 1 0 0 - 1 1 0 1 1 1 0 0 0 0 0 1 0 0 0 - 0 - 0 1 1 0 0 0 - - 0 - - 1 1 0
  61.6       NODE_2089_PO _26898      0 0 1 1 0 1 0 0 1 0 0 1 - 0 0 0 0 0 1 - 1 0 1 0 1 0 0 0 1 1 0 0 - 1 - 1 0 1 0 0 0 0 1 1 - 1 1 1 1 1 0 0 1 1 1 0 0 1 - - 0 1 0 1 1 1 1 1 1 1 0 1 0 0 0 0 0 1 0 1 1 1 0 0 1 1 1 0 1 1 1 0 0 0 0 0 1 0 0 0 1 0 - - 1 1 0 - 0 - 1 0 0 - 1 1 0
  62.6       NODE_6241_PO _5645       0 0 1 1 0 1 0 0 1 0 0 1 - 0 0 0 0 0 1 - 1 0 1 0 1 0 1 0 1 1 0 - - 1 - 1 0 1 0 0 0 0 1 1 0 1 1 1 1 1 0 0 1 1 1 0 0 1 0 - 0 1 0 1 1 1 1 1 - 1 0 1 0 0 0 0 0 1 0 1 1 1 0 0 - 1 1 0 1 1 1 0 0 0 0 0 1 0 0 0 1 0 - 0 1 1 0 0 0 - 1 0 0 - 1 1 0
  63.6       NODE_5814_PO _8301       0 0 1 1 0 1 0 0 1 0 0 1 1 0 0 0 - 0 1 - 1 0 1 0 1 0 1 0 1 1 0 0 - 1 0 1 0 1 0 0 0 0 1 1 1 1 1 1 1 1 0 0 1 1 1 0 0 1 - - 0 1 0 1 1 1 1 1 - 1 0 1 0 0 0 0 0 1 0 1 1 1 0 0 - 1 1 0 1 1 1 0 0 0 0 0 1 0 0 0 1 0 0 0 1 1 0 0 0 - 1 0 0 - 1 1 0
  64.6       NODE_769_PO _26001       0 0 1 1 0 1 0 0 1 0 0 1 - 0 0 0 - 0 1 - 1 - 1 0 1 0 1 0 1 1 1 0 - - - 1 0 1 0 0 0 - 1 1 - 1 1 1 1 1 0 0 1 1 1 0 0 - - - 0 1 0 1 1 1 1 1 - 1 0 1 0 0 0 0 0 1 0 1 1 - 0 0 - 1 1 0 1 1 1 0 0 0 0 0 1 0 0 0 - 0 - 0 1 - 0 - 0 - - 0 0 - 1 1 0
  68.8       NODE_7136_PO _7085       0 0 1 1 0 1 0 0 1 0 0 1 - 0 0 0 0 0 1 - 1 0 1 0 1 0 1 0 1 1 1 0 - 1 - 1 0 1 0 0 0 0 1 1 0 1 1 1 1 1 0 0 1 1 1 0 0 1 - - 0 1 0 0 1 1 1 1 - 1 0 0 0 0 0 0 0 0 0 1 1 1 0 0 1 1 1 0 1 1 1 0 0 0 0 0 1 0 0 0 1 0 - 0 0 1 0 - 0 - 1 0 0 - 1 1 0
  70.8       NODE_6475_PO _2555       0 0 1 0 0 1 0 0 1 0 0 1 - 0 0 0 - 0 1 0 1 0 1 0 1 0 1 0 1 1 1 0 - 1 - 1 0 1 0 0 0 0 1 1 - 1 1 1 1 1 0 0 1 1 1 0 0 - - 0 0 1 0 0 1 1 1 1 1 1 0 0 0 0 0 0 0 0 0 1 1 1 0 0 1 1 1 0 1 1 1 0 0 0 0 0 1 0 0 0 1 0 - 0 0 1 0 0 0 - 1 0 0 - 0 1 0
  74.6       NODE_1059_PO _24945      0 0 1 0 0 1 0 0 1 0 0 1 - 0 0 0 0 0 1 - 0 0 1 0 1 0 1 0 1 1 1 0 - 1 - 1 0 1 0 0 0 0 1 1 0 1 1 1 1 1 0 0 1 1 1 0 1 1 - 0 0 1 0 0 1 1 1 1 1 1 0 0 0 0 0 0 0 0 0 1 1 1 0 0 1 1 1 1 1 1 1 0 0 0 0 0 1 0 0 0 1 0 - 0 0 1 0 0 1 - 1 0 0 - 0 1 0
  77.4       NODE_2699_PO _16279      0 0 1 0 0 1 0 0 1 0 0 1 - 0 0 0 - 0 1 0 0 0 1 0 1 0 1 0 1 1 1 1 - 1 - 1 0 - 0 0 0 0 1 1 0 1 1 1 0 1 0 0 1 1 1 0 1 - - 0 0 1 0 0 1 1 1 1 1 1 0 0 0 0 0 0 0 0 0 1 1 1 0 0 - 1 1 1 1 1 1 0 0 0 0 0 1 0 1 0 1 0 0 0 0 1 0 - 1 - 1 0 0 - 0 1 0
  80.4       NODE_3501_PO _16483      0 0 1 0 0 1 0 0 1 0 0 1 1 0 0 0 0 1 1 - 0 0 1 1 1 0 1 0 1 1 1 1 - 1 - 1 0 0 0 0 0 0 1 1 - 1 1 1 0 1 0 0 0 1 1 0 1 1 - - 0 1 0 0 1 1 1 1 - 1 0 0 0 0 0 0 0 0 0 1 1 1 0 0 1 1 1 1 1 1 1 0 0 0 0 0 1 0 1 0 1 0 0 0 0 1 0 - 1 - - 0 0 - 0 1 0
  83.3       NODE_3705_PO _9051       0 0 1 0 0 1 0 0 1 0 0 1 - 0 0 0 - 1 1 - 0 0 1 1 1 0 1 0 1 1 1 1 - 1 - 1 0 0 0 0 0 0 1 1 0 1 1 1 0 1 1 0 0 1 1 0 1 1 0 - 0 1 0 0 1 1 1 1 1 1 1 0 0 0 0 0 0 0 0 1 1 1 0 0 - 1 1 1 1 1 1 0 0 0 0 0 1 0 1 0 1 0 0 0 1 1 0 0 1 - 1 0 0 - 0 1 0
  85.4       NODE_423_PO _37214       0 0 1 0 0 1 0 0 1 0 1 1 - 0 0 0 - 1 1 - 0 0 1 1 1 1 1 0 1 1 1 - - 1 - 1 0 0 0 0 0 0 1 1 0 1 1 1 0 1 1 0 0 - - 0 1 - - - - 1 0 0 1 1 1 1 - 1 1 0 0 0 0 0 0 0 0 1 1 1 0 0 - 1 1 1 1 1 1 0 0 0 0 0 1 0 1 0 - 0 0 0 1 1 0 - 1 - - 0 0 - 0 1 0
  86.4       NODE_7741_PO _4449       0 0 1 0 0 1 0 0 1 0 1 1 1 0 0 0 0 1 1 0 0 0 1 1 1 1 1 0 1 1 1 1 - 1 - 1 0 0 0 0 0 0 1 1 0 1 1 1 0 1 1 0 0 1 1 0 1 1 - 0 0 1 0 0 1 1 1 1 1 1 1 0 0 0 0 0 0 0 0 1 1 1 0 0 1 1 1 1 1 1 1 0 0 0 0 0 1 0 1 0 1 0 1 0 1 1 0 0 1 - 1 0 0 - 0 1 0
  93.0       NODE_479_PO _12093       0 0 1 0 0 1 0 0 1 0 1 1 - 0 0 0 - 1 1 - 0 0 1 1 1 1 1 0 1 1 1 1 - 1 - 1 0 0 0 0 0 0 1 1 0 1 1 1 0 0 1 0 0 1 1 0 1 1 - - 0 1 0 0 1 1 1 1 1 1 1 0 0 0 0 0 0 0 0 1 1 1 0 1 0 1 1 1 1 0 1 0 1 0 0 0 1 1 1 0 1 0 - 0 1 1 0 0 1 - 1 0 1 - 0 1 0
  94.0       NODE_955_PO _4744        0 0 1 0 0 1 0 0 1 0 1 1 - 0 0 0 - 1 1 - 0 0 1 1 1 1 1 0 1 1 1 - - 1 - 1 0 0 0 0 0 0 1 1 0 1 1 1 0 0 1 - 0 - 1 0 1 - - 0 - 1 0 0 1 1 1 1 - 1 1 0 0 0 0 0 0 0 0 1 1 1 0 1 - 1 1 1 1 0 1 0 1 0 0 0 1 1 1 0 1 0 - 0 1 1 0 0 1 - 1 0 1 - 1 1 0
  102.1      NODE_43_PO _27092        1 0 1 0 0 1 0 0 1 0 1 1 1 1 0 0 - 1 1 - 0 1 1 1 1 1 1 0 1 1 1 1 - 1 - 0 0 0 0 0 0 0 1 1 0 1 1 1 0 0 1 0 0 1 1 0 1 0 - - 0 1 1 0 1 1 1 1 1 1 1 0 0 0 0 0 0 1 0 1 1 1 0 1 0 1 1 1 1 0 1 0 1 0 0 1 1 1 1 0 1 0 - 0 1 - 0 0 1 - 1 0 1 - 1 0 0
  103.1      NODE_5223_PO _11366      1 0 1 0 0 1 0 0 1 0 1 1 1 1 0 0 0 1 1 - 0 1 1 1 1 1 1 0 1 1 1 1 - 1 - 0 0 0 0 0 0 0 1 1 - 1 1 1 0 0 1 0 0 1 1 0 1 - - - 0 1 1 0 1 1 1 1 - 1 1 0 0 0 0 0 0 1 0 1 1 1 1 1 - 1 1 1 1 0 1 0 1 0 0 1 1 1 1 0 1 0 - 0 1 1 0 - 1 - - 0 1 - 1 0 0
  105.1      NODE_159_PO _23851       1 1 1 0 0 1 0 0 1 0 1 1 1 1 0 0 - 1 1 - 0 1 1 1 1 0 1 0 1 1 1 1 - 1 - 0 0 0 0 0 0 0 1 1 1 1 1 1 0 0 1 - 0 1 1 0 1 - - 0 0 1 1 0 1 1 1 1 1 1 1 0 0 0 0 0 0 1 0 1 1 1 1 1 - 1 1 1 1 0 1 0 1 0 - 1 1 1 1 0 1 0 - 0 1 1 0 0 1 - 1 0 1 - 1 0 0
  108.0      NODE_1175_PO _6182       1 1 1 0 0 1 0 0 1 0 1 1 0 1 0 0 - 1 1 - 0 1 1 1 1 0 1 0 1 1 1 1 - 1 - 0 0 - 0 0 0 0 1 1 1 1 1 1 0 0 1 0 0 1 1 1 1 0 - 0 0 1 1 0 1 1 1 1 1 1 1 0 0 0 0 0 0 1 0 1 1 1 1 1 - 1 1 1 1 0 1 0 1 0 0 1 1 1 1 0 1 0 - 0 1 1 0 0 1 - 1 0 1 - 1 1 0
  109.0      NODE_31_PO _72096        1 1 1 0 0 1 0 0 1 0 1 1 - 1 0 0 - 1 1 - 0 1 1 1 1 0 1 - 1 1 1 - - - - 0 0 - - 0 0 0 1 1 - 1 1 1 0 0 1 0 0 - 1 1 1 - - - 0 1 1 0 1 1 1 1 1 1 1 0 0 0 0 0 0 1 0 1 1 1 1 1 - 1 1 1 1 0 1 0 1 0 - 1 1 1 1 0 1 0 - 0 1 1 0 - 1 - 0 0 1 - 1 1 0
  111.1      NODE_31_PO _17106        1 1 1 0 0 1 0 0 1 0 1 1 0 1 0 0 0 1 1 - 0 1 1 1 1 0 1 0 1 1 1 1 - 1 - 0 0 0 0 0 0 0 1 1 1 1 1 1 0 0 1 0 0 1 1 1 1 0 - 0 0 1 1 1 1 1 1 1 1 0 1 0 0 0 0 0 0 1 0 1 1 1 1 1 - 1 1 1 1 0 1 0 1 0 0 1 1 1 1 0 1 0 - 0 1 1 0 - 1 - 0 0 1 - 1 1 0
  116.7      NODE_380_PO _47898       1 1 1 0 0 1 0 0 1 0 1 1 0 0 0 0 0 1 1 - 0 1 1 1 1 0 0 0 1 1 1 1 - 1 - 0 0 0 0 0 0 0 1 1 1 1 0 1 0 0 1 0 0 1 1 1 1 0 - 0 0 1 1 1 1 1 1 1 1 0 1 0 0 0 0 0 0 1 1 1 1 1 1 1 - 1 0 1 1 0 1 0 1 0 0 1 1 1 0 0 1 0 1 0 1 1 0 0 1 - 0 0 1 - 1 1 0
  120.5      NODE_226_PO _73523       1 1 1 0 0 1 0 0 1 0 1 1 - 0 0 0 0 1 1 - 0 1 1 1 1 0 0 0 1 1 1 1 - 1 - 0 0 0 0 0 0 0 1 1 1 1 0 1 0 0 1 - 0 0 - 1 1 0 1 0 0 1 1 1 1 1 1 1 1 0 1 0 0 0 1 0 0 1 1 1 1 1 1 1 - 1 0 1 1 0 1 0 1 0 0 1 1 1 0 0 1 0 1 0 1 1 0 1 0 - - 0 1 - 1 1 0
  123.3      NODE_51_PO _60334        1 1 1 0 0 1 0 0 1 0 1 1 0 0 0 0 0 1 1 - 0 1 1 1 1 0 0 1 1 1 1 - - 1 - 0 0 0 0 0 0 0 1 1 1 0 0 1 0 0 1 0 0 0 1 1 1 0 - 0 0 1 1 1 1 1 1 1 1 0 1 0 0 0 1 0 0 1 1 1 1 1 1 1 0 0 0 1 1 0 1 0 1 0 0 1 1 1 0 0 1 0 - 0 1 1 0 1 0 - 0 0 1 - 1 1 0
  127.1      NODE_1919_PO _12172      1 1 1 0 0 1 0 1 1 0 1 1 0 0 0 0 0 0 1 0 0 1 1 1 1 0 0 1 1 1 1 1 0 1 - 0 0 0 0 0 0 0 1 1 1 0 0 1 0 0 1 0 0 0 1 1 1 0 - 0 0 0 1 1 1 1 1 1 1 0 1 0 0 0 1 0 0 1 1 1 0 1 1 1 - 0 0 1 1 0 1 0 1 0 0 1 1 1 0 0 1 0 - 0 1 1 0 1 0 - 0 0 1 - 1 1 0
  130.8      NODE_421_PO _12442       1 1 1 0 0 1 0 1 1 0 1 1 0 0 0 0 - 0 1 0 0 1 1 0 1 0 0 1 0 1 1 1 - 1 - 0 0 0 0 0 0 0 1 1 1 0 0 1 0 0 1 0 0 0 1 1 1 0 - 0 0 0 1 0 0 1 1 1 - 0 1 0 0 0 1 0 0 1 1 1 0 1 1 1 - 0 0 1 1 0 1 0 1 0 0 1 1 1 0 0 1 0 - 0 1 1 0 1 0 - 0 0 1 - 1 1 0
  133.6      NODE_605_PO _36796       1 1 1 0 0 1 0 1 1 0 1 1 0 0 0 0 - 0 1 0 0 1 1 0 1 0 0 1 0 0 1 1 - 1 - 0 0 0 0 0 0 0 1 1 - 0 0 1 0 0 1 0 0 0 0 1 1 0 - - 0 0 1 0 0 1 1 1 0 0 0 0 0 0 1 0 0 1 1 1 0 1 1 1 - 0 0 1 1 0 1 0 1 0 0 1 1 1 0 0 1 0 - 0 1 1 0 1 0 - - 0 1 - 1 1 0
  135.5      NODE_4218_PO _5512       1 1 1 0 0 1 0 1 1 0 1 1 0 0 0 0 0 0 1 0 0 1 1 0 1 0 0 1 0 0 1 1 0 1 - 0 0 0 0 0 0 0 1 1 1 0 0 1 0 0 1 0 0 0 0 1 1 0 - 0 0 0 1 0 0 1 1 1 0 0 0 0 0 0 1 0 1 1 1 1 0 1 1 1 - 0 0 0 1 0 1 0 1 0 0 1 1 1 0 0 1 0 1 0 1 1 0 1 0 - 0 0 1 - 1 1 0
  138.2      NODE_2750_PO _8279       1 1 1 0 0 1 0 1 1 0 1 1 0 0 0 0 0 0 1 0 0 1 1 0 0 0 0 1 0 0 1 1 - 1 1 0 0 0 0 1 0 0 1 1 1 0 0 1 0 0 1 0 0 0 0 1 0 0 - 0 0 0 1 0 0 1 1 1 0 0 0 0 0 0 1 0 1 1 1 1 0 1 1 1 - 0 0 0 1 0 1 0 1 0 0 1 1 1 0 0 1 0 - 0 1 1 0 1 0 - 0 0 1 - 1 1 0
  140.1      NODE_1581_PO _2151       1 1 1 0 0 1 0 1 1 0 1 1 0 0 0 0 - 0 1 - 0 1 1 0 0 0 0 1 0 0 1 1 0 1 - 0 0 0 0 1 0 0 1 1 1 0 0 1 0 0 1 0 0 0 0 1 0 0 - 0 0 0 1 0 0 1 1 1 0 0 0 0 0 0 1 0 1 1 1 1 0 1 1 1 0 0 0 0 1 0 1 0 1 0 0 1 0 1 0 0 1 0 - 0 1 1 0 1 0 - 0 0 0 - 1 1 0
  141.0      NODE_766_PO _6161        1 1 1 0 0 1 0 1 1 0 1 1 0 0 0 0 0 0 1 - 0 1 1 0 0 0 0 1 0 0 1 1 - 1 - 0 0 0 0 1 0 0 1 1 1 0 0 1 0 0 1 0 0 0 0 1 0 - 1 - 0 0 1 0 0 1 1 1 0 0 0 - 0 0 1 0 1 1 1 1 0 1 1 1 - 0 0 0 1 0 1 0 1 0 0 1 0 1 0 0 1 0 - 0 1 1 0 1 1 - 0 0 0 - 1 1 0
  144.8      NODE_1033_PO _13018      1 1 1 0 0 1 0 1 1 0 1 1 0 0 0 0 0 0 1 - 0 1 1 0 0 0 0 1 0 0 1 1 - 1 - 0 0 0 0 1 0 0 1 1 1 0 0 1 0 0 1 0 0 0 0 1 0 0 - 0 0 1 1 0 0 1 1 1 - 0 0 0 0 0 0 0 1 1 1 1 0 1 1 1 0 1 0 0 1 0 1 0 1 1 0 1 0 1 0 0 1 0 - 0 1 1 0 1 1 - 0 0 0 - 1 1 0
  147.6      NODE_1786_PO _7798       1 1 1 0 0 1 0 1 1 0 1 1 0 0 0 0 - 0 1 - 0 1 1 1 0 0 0 1 0 0 1 1 - 1 - 0 0 0 0 1 0 0 1 1 1 0 0 1 0 0 1 0 0 0 0 1 0 0 - 0 0 1 1 0 0 1 1 1 0 0 0 0 0 0 0 0 1 1 1 1 0 1 1 1 - 1 0 0 1 0 1 0 0 1 0 1 0 1 0 0 1 0 1 0 1 1 0 0 1 - 0 0 0 - 1 1 0
  149.5      NODE_1786_PO _30988      1 1 1 0 0 1 0 1 1 0 1 1 0 0 0 0 0 0 1 0 0 1 1 1 0 0 0 1 0 0 1 1 0 1 - 0 0 0 0 1 0 0 1 1 1 0 0 1 1 0 1 0 0 0 0 1 0 0 - 0 0 0 1 0 0 1 1 1 0 0 0 0 0 0 0 0 1 1 1 1 0 1 1 1 - 1 0 0 1 0 1 0 0 1 0 1 0 1 0 0 1 0 - 0 1 1 0 0 1 - 0 0 0 - 1 1 0
  156.0      NODE_539_PO _15107       1 1 1 0 0 1 0 1 1 0 1 1 0 0 0 0 1 0 1 - 0 1 1 1 0 0 0 1 0 1 1 1 - 1 - 0 0 0 1 1 0 0 1 0 1 0 0 1 1 0 1 0 0 0 0 1 0 0 - - 0 0 1 0 0 1 1 1 0 1 0 0 0 0 0 0 1 1 0 1 0 1 1 1 - 1 0 0 0 0 1 0 0 1 0 1 0 1 0 0 1 0 - 0 1 1 0 0 1 - 0 0 0 - 1 1 0
  157.0      NODE_15135_PO _521       1 1 1 0 0 1 0 1 1 0 1 1 0 0 0 0 - 0 1 - 0 1 1 1 0 0 0 1 1 1 1 1 - 1 - 0 0 0 1 1 0 0 1 0 1 0 0 1 1 0 1 0 0 0 0 1 0 - - 1 0 0 1 0 0 1 1 1 0 1 0 0 0 0 0 0 1 1 0 1 0 1 1 1 - 1 0 0 0 0 1 0 0 1 0 1 0 1 0 0 - 0 - 0 1 1 0 - 1 - 0 0 0 - 1 1 0
  158.9      NODE_4166_PO _10837      1 1 1 0 0 1 0 1 1 0 1 1 - 0 0 0 - 0 1 - 0 1 1 1 0 0 0 1 1 1 1 1 - 1 - 0 0 - 1 1 0 0 1 0 1 0 1 1 1 0 1 0 0 0 0 1 0 0 - - 0 0 1 0 0 1 0 1 0 1 0 0 0 0 0 0 1 1 0 1 0 1 1 1 - 1 0 0 0 0 1 0 0 1 0 1 0 1 0 0 1 0 - 0 1 1 0 0 1 - 0 0 0 - 1 1 0
  161.8      NODE_57_PO _37970        1 1 1 0 0 1 0 1 1 0 1 1 - 0 0 0 1 0 1 - 0 1 1 1 0 0 0 1 1 1 1 1 - 1 - 0 0 0 1 1 0 0 1 0 1 0 1 1 1 0 1 0 0 0 0 1 0 0 - 1 0 0 1 0 0 1 0 1 0 1 0 0 0 0 0 0 1 1 0 1 0 1 1 1 - 1 0 0 0 0 1 0 0 1 0 1 0 1 0 0 1 1 - 1 0 1 0 0 1 - 0 0 0 - 1 1 0
  162.7      NODE_57_PO _56026        1 1 1 0 0 1 0 1 1 0 1 1 0 0 0 0 1 0 1 1 0 1 1 1 0 0 0 1 1 1 1 1 - 1 - 0 0 0 1 1 0 1 1 0 1 0 1 1 1 0 1 0 0 0 0 1 - 0 1 - - 0 1 0 0 1 0 1 0 1 0 0 0 0 0 0 1 1 0 1 0 1 1 1 - 1 0 0 0 0 1 0 0 1 0 1 0 1 0 0 - 1 - 1 0 1 0 0 1 - - 0 0 - 1 1 0
  165.6      NODE_26_PO _136951       1 1 1 0 0 1 0 1 1 0 1 1 0 0 0 0 1 0 1 - 0 1 1 1 0 0 0 1 1 1 1 1 0 1 - 0 0 0 1 1 0 1 1 0 1 0 1 1 1 0 1 0 0 0 0 1 0 0 0 1 0 0 1 0 0 1 0 1 0 1 0 0 0 0 0 0 1 1 0 1 0 1 1 1 - 1 0 0 0 0 1 1 0 1 0 1 0 1 0 0 1 1 1 1 0 1 0 0 1 - 0 1 0 - 1 1 0
  166.5      NODE_232_PO _66430       1 1 1 0 0 1 0 1 1 0 1 1 0 0 0 0 - 0 1 1 0 1 1 1 0 0 0 1 1 1 1 1 0 1 - 0 0 0 1 1 0 1 1 0 1 0 1 1 1 0 1 0 0 0 0 1 0 0 - 1 0 0 1 0 0 1 0 1 - 1 0 0 0 0 0 0 1 1 0 1 0 1 1 1 - 1 0 0 0 0 0 1 0 1 0 1 0 1 0 0 1 1 1 1 0 1 0 0 1 - 0 1 0 - 1 1 0
  172.2      NODE_1417_PO _11690      1 1 1 0 0 1 0 1 1 0 1 1 0 0 0 0 - 0 1 - 0 1 1 1 0 0 0 1 1 1 1 1 - 1 - 0 0 0 1 1 0 1 1 0 1 0 1 0 1 0 1 0 0 1 0 1 0 0 - - 0 0 1 0 0 1 0 1 0 1 0 0 0 0 0 0 1 1 0 1 0 1 1 0 - 1 1 0 0 0 0 1 0 1 0 1 0 1 0 0 1 1 - 1 0 0 1 0 1 - 0 1 0 - 1 1 0
  173.1      NODE_7945_PO _5084       1 1 1 0 0 0 0 1 1 0 1 1 0 0 0 0 1 0 1 - 0 1 1 1 0 0 0 1 1 1 1 1 - 1 - 0 0 0 1 1 0 1 1 0 1 0 1 0 1 0 1 0 0 1 0 1 0 0 - 1 0 0 1 0 0 1 0 1 0 1 0 0 0 0 0 0 1 1 0 1 0 1 1 0 0 1 1 0 0 0 0 1 0 1 0 1 0 1 0 0 1 1 - 1 0 0 1 0 1 - 0 1 0 - 1 1 0
  175.9      NODE_108_PO _3844        1 1 1 0 0 0 0 1 1 0 1 1 - 0 0 0 - 0 1 - 0 1 1 1 0 0 0 1 1 1 1 1 - 1 - 0 0 0 1 1 0 1 1 0 1 0 1 0 1 0 1 0 0 1 0 1 0 1 - - 0 0 1 0 0 1 0 1 0 1 0 1 0 0 0 0 1 1 0 1 0 1 1 0 - 1 1 0 0 0 0 1 1 1 0 1 0 1 0 0 1 1 - 1 0 0 1 0 1 - 0 1 0 - 1 1 0
  178.0      NODE_9054_PO _1255       1 1 1 0 0 0 0 1 1 0 1 1 0 0 0 0 1 0 1 - 0 1 1 1 0 0 0 - 1 1 1 - 1 1 - 0 - 0 1 1 0 1 1 0 - 0 1 0 1 0 1 0 0 1 - 1 - - - - 0 0 1 0 0 0 0 1 0 1 0 1 0 0 0 0 1 1 1 1 0 1 1 0 0 1 1 0 0 0 0 1 1 1 0 1 0 1 0 0 1 1 - 1 0 0 1 - 1 - - 1 0 - 1 1 0
  179.1      NODE_7026_PO _7159       1 1 1 0 0 0 0 1 1 0 1 1 0 0 0 0 - 0 1 - 0 1 1 1 0 0 0 1 0 1 1 1 - 1 - 0 1 0 1 1 0 1 1 0 - 0 1 0 1 0 1 0 0 1 0 1 0 1 - 1 0 0 1 0 0 0 0 1 0 1 0 1 0 0 0 0 1 1 1 1 0 1 1 0 - 1 1 0 0 0 0 1 1 1 0 1 0 1 0 0 - - 1 1 0 0 1 0 1 - 0 - 0 - 1 1 0
  180.1      NODE_5443_PO _3709       1 1 1 0 0 0 0 1 1 0 1 1 - 0 0 0 1 0 1 - 0 1 1 1 0 0 0 1 0 1 1 1 - 1 1 0 1 0 1 1 0 1 1 0 1 0 1 0 1 0 1 0 0 1 0 1 0 1 - - 0 0 1 0 0 0 0 1 0 1 0 1 0 0 0 0 1 1 1 1 0 1 1 0 0 1 1 0 0 0 0 1 1 1 0 0 0 1 0 0 0 1 - 1 0 0 1 0 1 - - 1 0 - 1 1 0
  184.0      NODE_43_PO _119556       1 1 1 0 0 0 0 1 1 0 1 1 0 0 1 0 - 0 1 - 0 1 1 1 0 1 0 1 0 1 1 1 - 1 - 0 1 - 1 1 0 1 1 0 1 0 1 0 1 0 1 - 0 1 0 1 0 - - - 0 0 1 0 0 0 0 1 0 1 0 1 0 0 0 0 1 1 1 1 0 - 1 0 0 0 1 0 0 0 0 1 1 1 0 0 0 1 0 0 - 1 - 1 0 0 1 1 1 - - 1 0 - 1 1 0
  189.3      NODE_528_PO _15228       1 1 1 0 0 0 0 1 1 0 1 1 0 0 1 0 - 0 1 - 0 1 1 0 0 1 1 1 0 1 1 1 - 1 - 0 - - 1 1 0 - 1 0 - 0 1 0 1 0 1 0 0 1 - 1 0 - - - 0 1 1 0 0 0 0 1 - 1 0 1 0 0 0 0 1 1 1 1 0 1 1 0 - 0 1 0 1 0 0 1 1 1 0 0 0 1 0 0 0 1 - 1 0 - 1 1 1 - - 1 - - 1 0 0
  191.5      NODE_8911_PO _1247       1 1 1 1 0 0 0 1 1 0 1 1 - 0 1 0 - 0 1 - 0 1 0 0 0 1 1 1 0 1 1 - 1 1 - 0 1 0 1 1 0 1 1 0 1 0 1 0 1 0 1 0 0 1 0 1 0 1 - 1 0 1 1 0 0 0 0 1 0 1 0 1 0 0 0 0 1 1 1 1 0 1 1 0 0 0 1 0 1 0 0 1 1 1 0 0 0 1 0 0 0 1 - 1 0 0 1 - 1 - 0 1 0 - 1 0 0
  192.5      NODE_1654_PO _30502      1 1 1 1 0 0 0 1 1 0 1 1 0 0 1 0 - 0 1 - 0 1 0 0 0 1 1 1 0 1 1 1 - 1 - 0 1 - 1 1 0 1 1 0 - 0 1 0 1 0 1 0 0 - - 1 0 - - - 0 1 1 0 1 0 0 1 0 1 0 1 0 0 0 0 1 1 1 1 0 - 1 0 - 0 1 0 1 0 0 1 1 1 0 0 0 1 0 0 - 1 - 1 0 0 1 - 1 - - 1 0 - 1 0 0
  196.6      NODE_2929_PO _14729      1 1 0 1 0 0 0 1 1 0 1 0 - 0 1 0 1 1 1 1 0 1 0 0 0 1 1 1 0 1 1 1 - 1 - 0 1 - 1 1 0 1 1 0 1 0 1 0 1 0 1 0 0 1 0 1 0 - - 1 0 1 1 0 1 0 0 1 0 1 0 1 0 0 0 0 1 1 1 1 0 1 1 0 0 0 1 0 1 0 0 1 1 1 0 0 0 1 0 0 0 1 - 1 0 0 1 1 1 - 0 1 0 - 0 0 0
  200.4      NODE_3386_PO _16434      1 1 0 1 0 0 0 1 1 0 1 0 - 0 1 0 - 1 1 - 0 1 0 0 0 1 1 1 0 1 1 1 - 1 - 0 1 0 1 1 0 1 1 0 1 0 1 0 1 0 1 0 0 1 0 1 0 1 - 1 0 1 1 0 1 0 0 1 1 1 0 1 0 0 0 0 0 1 1 1 0 1 1 0 - 0 1 0 1 0 0 1 1 1 0 0 1 1 0 0 1 1 - 1 0 0 1 1 1 - 0 1 0 - 0 0 0
  205.1      NODE_929_PO _42734       1 1 0 1 0 0 0 1 1 0 1 0 0 0 1 0 1 1 1 1 0 1 0 0 0 1 1 1 0 1 1 1 1 1 - 0 1 0 0 1 0 1 1 0 1 0 1 0 1 1 1 0 0 1 0 1 0 1 - 1 0 1 1 0 1 0 1 1 1 1 0 1 0 0 0 0 0 1 1 1 0 1 0 0 0 0 1 0 1 0 0 1 1 1 0 0 1 0 0 0 1 1 0 1 0 0 1 1 1 - 0 1 0 - 0 0 0
  207.8      NODE_498_PO _57370       1 1 0 1 0 0 0 1 1 0 1 0 0 0 1 0 1 1 1 1 0 1 0 0 1 1 1 1 0 1 1 1 - 1 - 0 1 0 0 1 0 1 1 0 1 0 1 0 1 1 1 1 0 1 0 1 0 1 - 1 0 1 1 0 1 0 1 1 1 1 0 1 0 0 0 0 0 1 1 1 0 1 0 0 0 0 1 0 1 1 0 1 1 1 0 0 1 0 0 0 1 1 0 1 0 0 1 1 1 - 0 1 0 - 0 0 0
  211.6      NODE_1411_PO _35203      1 1 0 1 0 0 0 1 1 0 1 0 - 0 1 0 1 1 1 - 0 1 0 0 1 1 1 1 0 1 1 0 - 1 - 0 1 0 0 1 0 1 1 0 1 1 1 0 1 1 1 1 0 1 0 1 0 - - - - 1 1 0 1 0 1 1 1 1 0 1 0 0 0 0 0 1 1 1 0 1 0 0 - 0 1 0 1 1 0 1 1 1 0 0 0 0 0 0 1 1 - 1 0 0 0 1 1 - 0 1 0 - 0 0 0
  215.5      NODE_410_PO _3551        1 1 0 1 0 0 0 1 1 0 1 0 0 0 1 0 1 1 1 - 0 1 0 0 1 1 1 1 0 1 1 0 - 1 - 0 1 0 0 1 0 1 1 0 1 1 0 0 1 1 1 1 0 1 0 1 0 - - 1 0 1 1 0 1 0 1 1 1 1 0 1 0 1 0 0 0 1 1 1 0 1 0 0 0 0 1 0 1 1 0 1 1 1 0 0 0 0 1 0 1 1 - 1 0 0 0 1 0 - - 1 0 - 0 0 0
  223.1      NODE_714_PO _28008       0 1 0 1 0 0 0 1 0 0 1 0 0 1 1 0 1 1 1 - 0 1 0 0 1 1 1 1 0 1 1 0 - 1 - 0 1 0 0 1 0 1 1 0 1 1 0 0 1 1 1 1 1 1 0 1 0 1 1 1 0 1 0 1 1 0 1 1 1 0 0 1 0 1 0 0 0 1 1 1 0 1 0 0 - 0 1 0 1 1 0 1 1 1 0 0 0 0 1 0 - 1 - 1 0 0 0 1 0 - 0 0 0 - 0 0 0
  224.9      NODE_3122_PO _11588      0 1 0 1 0 0 0 1 0 0 1 0 0 1 1 0 - 1 1 1 0 1 0 0 1 1 1 1 0 1 1 0 - 1 - 0 1 0 0 1 0 1 1 0 1 1 0 0 1 1 1 1 1 1 0 1 0 1 - 1 0 1 0 1 1 0 1 1 1 0 0 1 0 1 0 0 0 1 1 1 1 1 0 0 1 0 1 0 1 1 1 1 1 1 0 0 0 0 1 0 1 1 - 1 0 0 0 - 0 - 0 0 0 - 0 0 0
  226.9      NODE_1192_PO _23964      0 1 0 1 0 0 0 1 0 0 1 0 - 1 1 0 - 1 1 - 0 1 0 0 1 1 1 1 0 1 1 0 1 1 - 0 1 0 0 1 0 1 1 0 1 1 0 0 1 1 0 1 1 - 0 1 0 - - 1 - 1 0 1 1 0 1 1 1 0 0 1 0 1 0 0 0 1 1 1 1 1 0 0 - 0 1 1 1 1 1 1 1 1 0 0 0 0 1 0 1 1 - 1 0 0 0 1 0 - 0 0 0 - 0 0 0
  227.8      NODE_1192_PO _30979      0 1 0 1 0 0 0 1 0 1 1 0 - 1 1 0 1 1 1 1 0 1 0 0 1 1 1 1 0 1 1 0 - 1 - 0 1 0 0 1 0 1 1 0 1 1 0 0 1 1 0 1 1 1 0 1 0 1 1 1 0 1 0 1 1 0 1 1 1 0 0 1 0 1 0 0 0 1 1 1 1 1 0 0 0 0 1 1 1 1 1 1 1 1 0 0 0 0 1 0 1 1 0 1 0 0 0 - 0 - 0 0 0 - 0 0 0
